#Tiempo [fms]     Presion [Atm]
50100 28.6049366070988
50200 28.3416474451551
50300 28.5792675870704
50400 28.8199113213862
50500 28.8521898608885
50600 28.6755657966403
50700 28.9093309591117
50800 29.4295976123773
50900 29.3341862723954
51000 29.1239339632934
51100 28.8583011123138
51200 28.9954676899877
51300 29.1886918772048
51400 28.7288070410066
51500 28.966802364797
51600 29.250095143876
51700 29.0336257554076
51800 28.695757215273
51900 28.5145952184972
52000 28.5413182424636
52100 28.0294282867174
52200 28.3932025335871
52300 28.5053382350475
52400 28.4808595526767
52500 28.6755093092788
52600 29.0419636691796
52700 28.7677578432153
52800 28.6969850750209
52900 28.2738846797699
53000 28.6161102475466
53100 28.8014697929845
53200 28.3971306159159
53300 28.0935797323271
53400 28.4079724981179
53500 29.1591201271123
53600 28.9130453436407
53700 28.9492336094435
53800 29.0698578032318
53900 28.9390499018862
54000 29.118762293465
54100 28.6640997255313
54200 29.0093130544987
54300 28.3881433222244
54400 29.0161376516505
54500 28.9941981458671
54600 28.3072225907074
54700 28.52520156996
54800 28.3779085653081
54900 28.3712221025619
55000 28.806112366338
55100 28.5809614063763
55200 28.8478799385059
55300 29.6758490345055
55400 29.0624676781878
55500 28.4222201284944
55600 28.3917385211235
55700 28.0203010632656
55800 28.100208042108
55900 28.9379215996779
56000 28.8090357707263
56100 28.8765466722736
56200 29.4445734645422
56300 29.2248195126344
56400 28.33336590912
56500 28.1835263678393
56600 28.2581694513914
56700 28.7005435484084
56800 28.5263315463004
56900 28.2427785676029
57000 27.8991033940725
57100 28.0455684869401
57200 28.1399634823326
57300 28.7711055792969
57400 28.6682728659225
57500 28.8880704974928
57600 28.8313421137924
57700 28.8206243316703
57800 28.7657283789497
57900 29.1565966452255
58000 29.2231394558281
58100 29.4083858983826
58200 29.1699000414427
58300 29.2349803617048
58400 29.3731629836806
58500 29.2206778495662
58600 29.4027877718411
58700 28.9130055398067
58800 28.6495606502762
58900 28.5617697635427
59000 29.2016316293823
59100 28.6230972598067
59200 28.4604687124243
59300 28.8873025489884
59400 28.9172397078649
59500 28.3334732112648
59600 27.903856323265
59700 28.6740741105564
59800 28.8447978544294
59900 28.5593326493488
60000 28.5347482441306
60100 29.0120729746329
60200 28.600900668995
60300 28.2803397220153
60400 28.9875863315029
60500 29.4290113535433
60600 29.3110678642141
60700 28.864797797347
60800 28.2838167462993
60900 28.437444986879
61000 27.8585945141384
61100 27.9831726881538
61200 28.2350150042031
61300 28.1048397826166
61400 28.4049368862231
61500 28.9862012934884
61600 28.5291715113536
61700 28.6804890080455
61800 28.6796216019655
61900 28.8423097699906
62000 29.1162762802416
62100 29.1657658255874
62200 28.7225331892614
62300 28.6392415061761
62400 28.5284665676702
62500 29.227319830661
62600 28.8875363709342
62700 28.5051725955286
62800 28.8174256322437
62900 28.7048074282208
63000 28.7474526660717
63100 28.7766448912282
63200 28.4329423753757
63300 28.2042575488348
63400 28.0262624186278
63500 28.531561252562
63600 28.9995294546074
63700 28.6998071918859
63800 28.2215905608052
63900 28.2559106759087
64000 28.5819750561425
64100 28.7325048440474
64200 29.5500137687646
64300 29.903894149613
64400 30.2096566659346
64500 29.6366409417092
64600 29.3275241779712
64700 29.2830081039443
64800 28.6276854038762
64900 28.5657805132146
65000 28.5889844102938
65100 28.7803570514863
65200 28.13224192004
65300 27.9623378774058
65400 28.6558373667345
65500 28.7611474728808
65600 28.9024422149592
65700 28.6756033082819
65800 28.3371390111027
65900 28.761744389899
66000 28.8966871187689
66100 28.5760179097366
66200 28.5404733840863
66300 28.9564240247096
66400 28.4783069797187
66500 28.3863634380002
66600 28.5844773798281
66700 28.9574051542966
66800 28.9617756720022
66900 29.0083904264737
67000 29.1154069832759
67100 28.9263298358936
67200 29.0013503086512
67300 28.9417952384686
67400 28.4142267621715
67500 28.4105766023827
67600 28.0493674005343
67700 27.9940041242974
67800 28.166167821541
67900 27.9839422535292
68000 28.0978900465937
68100 28.5686444718568
68200 28.6112726058279
68300 29.1503960674815
68400 29.7268314461908
68500 29.4833568163688
68600 28.8881956870699
68700 29.2813472374982
68800 28.8469912392779
68900 29.0215147812292
69000 29.0205011990531
69100 29.2322730313202
69200 29.2759545444119
69300 28.9785424224509
69400 28.4994643386568
69500 28.9545784177884
69600 28.2035624965924
69700 28.2747947798389
69800 28.2938003063968
69900 28.5640750369341
70000 28.694159397842
70100 28.8362444274189
70200 29.0466863433404
70300 29.0032646928779
70400 28.8010178175602
70500 28.2340620584846
70600 28.1345300576545
70700 28.123211730041
70800 28.1753802038294
70900 28.7015280950561
71000 28.9810930649297
71100 29.1425933682671
71200 28.6080050700895
71300 28.619626064563
71400 28.5302506754471
71500 28.5908453796511
71600 28.8497281268959
71700 28.351752449182
71800 28.4020796219593
71900 28.5146045730488
72000 29.051128117624
72100 28.4516993314458
72200 28.4609672472273
72300 28.8523796995825
72400 28.8866066972258
72500 29.0859630260311
72600 28.5759116848944
72700 28.6905396950447
72800 28.7239915556389
72900 28.5083040988622
73000 28.7716861887168
73100 29.1075112246593
73200 28.776331987946
73300 29.2563838050422
73400 29.1114558675201
73500 29.2527216970298
73600 28.9080289191033
73700 29.16570801434
73800 29.4023230911383
73900 29.1824083211846
74000 29.1521670636983
74100 28.967968511772
74200 28.5760312093908
74300 28.4993585464469
74400 28.489147422164
74500 28.3921004969354
74600 28.2343106800779
74700 27.9335352942094
74800 28.3709846467661
74900 28.3358482112834
75000 28.7183062034056
75100 28.9783813556928
75200 28.0727131578307
75300 28.3549349970748
75400 29.2230340109623
75500 29.5508580134274
75600 29.6812998384177
75700 29.2508575356918
75800 28.7851941898639
75900 28.8088394745859
76000 28.3204876021834
76100 28.1560037972483
76200 28.7497620998594
76300 28.9117679405846
76400 29.3733799483314
76500 29.3054334248247
76600 28.4275320783478
76700 28.1825419198518
76800 27.9224229893674
76900 27.6535921580796
77000 27.8691047035992
77100 27.7483730748332
77200 27.684658123341
77300 28.1614787807562
77400 28.7357653442994
77500 28.6083792680344
77600 29.1132302347651
77700 29.5303468516757
77800 28.6419216104963
77900 28.8974663127672
78000 29.2503596108462
78100 29.3406351223603
78200 29.1516552088189
78300 29.0362915842964
78400 28.9060977332081
78500 28.512620165467
78600 28.2130959370421
78700 28.4737245782025
78800 28.7300778976244
78900 28.9438078720172
79000 28.3958429014514
79100 28.7581174530497
79200 28.3790362628949
79300 28.0005638989825
79400 28.2658079550147
79500 28.6179272589179
79600 28.6592136622667
79700 28.7947878997779
79800 28.6075090589346
79900 28.9724074649127
80000 28.7715780384419
80100 28.8838881872848
80200 29.4267083154902
80300 29.9246291212323
80400 29.5665731315192
80500 29.395855495477
80600 29.7811640619128
80700 29.9384332197072
80800 29.875527805908
80900 29.6859969583865
81000 29.0755923157808
81100 28.8682787131694
81200 28.766989757545
81300 29.2735398488686
81400 28.6231762239231
81500 28.419704239124
81600 28.8900528843896
81700 28.505595491783
81800 28.535567224711
81900 28.8148357150883
82000 28.709618543774
82100 29.0742081397453
82200 28.3342021247992
82300 28.4358255815164
82400 28.5366047906209
82500 28.3739424897305
82600 28.5916804966303
82700 28.6668210884138
82800 29.0636441598991
82900 28.9107740428594
83000 29.6928540703924
83100 30.0795850471752
83200 29.3234356498004
83300 29.0028291852656
83400 28.6692882862106
83500 27.965112375323
83600 27.7277274663279
83700 28.0683358864426
83800 28.425648718163
83900 28.0890377980809
84000 28.8271501872385
84100 28.9037669722063
84200 28.544948910745
84300 28.7689383041912
84400 28.8170676278881
84500 28.5886515908106
84600 28.6225176195709
84700 28.7184787917392
84800 28.9532697973716
84900 29.1459384722894
85000 29.3846721394488
85100 28.842868338378
85200 29.0292800978634
85300 29.2485110903204
85400 29.0950820290781
85500 28.6112350674043
85600 28.3687565029846
85700 28.592441940802
85800 29.1079628865986
85900 29.2794484807941
86000 29.3850309273406
86100 29.1525071940243
86200 28.9586394813745
86300 28.8920835153985
86400 29.2988824566463
86500 29.1205878416131
86600 28.8798952760985
86700 28.7876732322709
86800 29.2274795839542
86900 29.2388036997577
87000 29.306720290021
87100 29.2309735912087
87200 29.0569089420232
87300 29.1734336418716
87400 28.5873030046891
87500 28.5427130484554
87600 28.815922856261
87700 28.8589913313316
87800 28.0534658957224
87900 27.7478900964942
88000 27.7616433741253
88100 28.226528551507
88200 28.6150920289536
88300 28.6784258337078
88400 28.9699854740237
88500 29.0218737083122
88600 28.4713343608004
88700 28.4706137046048
88800 28.4878078005166
88900 28.9312784039487
89000 28.7042009363337
89100 28.6794697737619
89200 29.0156804518805
89300 29.1494615181319
89400 29.1815675940754
89500 28.8862804501324
89600 28.6961943016541
89700 28.6627886879034
89800 28.2148795873033
89900 28.3927993787293
90000 28.1534505776473
90100 28.0913227210874
90200 28.563684143952
90300 28.5964109872893
90400 28.7073757793842
90500 28.5578536094702
90600 28.5013562614581
90700 28.5759241316537
90800 29.0711308943036
90900 28.7422010954523
91000 28.7215760750118
91100 28.6672589171855
91200 29.3581376869654
91300 29.6352339072405
91400 28.7940596385259
91500 29.2753442651772
91600 28.6619742733347
91700 28.5913168252164
91800 28.755303672464
91900 29.0578451808638
92000 28.7675841756426
92100 28.6111886720199
92200 28.3589177571779
92300 27.8637706440639
92400 27.953559023549
92500 28.1407213506432
92600 28.313071245594
92700 28.4084982103624
92800 28.474679596633
92900 28.6450998284813
93000 28.5829033881571
93100 28.7301832517603
93200 28.9974824971045
93300 29.1742942626528
93400 29.0196189216132
93500 29.0471465754428
93600 28.8892737229828
93700 28.486211661346
93800 28.6680671419504
93900 29.1999509084934
94000 29.0695726310435
94100 29.2330821644987
94200 28.8347784291336
94300 28.5769379555737
94400 28.6207507384184
94500 28.2331887341271
94600 28.0454191554299
94700 28.6546075934117
94800 28.8418145484688
94900 28.9916752422671
95000 28.6146540403254
95100 28.8021751429733
95200 28.8562602324737
95300 28.6441200937758
95400 28.8527288901141
95500 28.9795409317225
95600 28.6964713494307
95700 29.1108100429562
95800 29.6902993852048
95900 29.8271467765691
96000 30.012163688997
96100 29.9806248166532
96200 29.8898218141359
96300 30.0405334575398
96400 29.6170447387595
96500 29.2068263923644
96600 29.3402761812953
96700 29.1433530042053
96800 28.7486993561261
96900 28.7885310513201
97000 28.9430744802851
97100 29.1768098953285
97200 29.8421781268244
97300 28.9131899874074
97400 28.4321815144477
97500 28.1689038724962
97600 28.0897907410538
97700 28.7407563406016
97800 28.7375421969168
97900 28.3132609572093
98000 27.9105220364249
98100 28.4422289351016
98200 28.8363219542806
98300 29.3113713489677
98400 29.6892247254174
98500 29.3313862685212
98600 29.4238373607818
98700 28.7258185296963
98800 28.4587325360098
98900 28.6555235807684
99000 28.7253655818929
99100 28.9595496238676
99200 28.8061698484225
99300 28.662901130392
99400 28.2759391304837
99500 28.1006506187126
99600 28.3586856802603
99700 27.9370330016243
99800 28.1375128859106
99900 28.3854237584756
100000 28.2610435920972
100100 28.5541695364285
100200 29.1842798276455
100300 28.7455040548401
100400 28.7379552876134
100500 28.7692369652273
100600 28.6118944735491
100700 28.6166205354562
100800 28.8691543577838
100900 29.2182367998966
101000 29.0906108111966
101100 28.8468927234074
101200 29.1465123595472
101300 28.9306338754887
101400 28.8936851739555
101500 28.4477673592307
101600 28.4698339452257
101700 28.5863858044567
101800 28.6846045155196
101900 28.0981720770155
102000 28.364956920318
102100 28.6692001594802
102200 28.063774850423
102300 27.9171381510092
102400 28.0956792970525
102500 28.0151714820458
102600 27.9103736703557
102700 28.8723590056851
102800 29.0101097491111
102900 28.7728323587611
103000 29.1496048579991
103100 29.4507761239889
103200 29.4531510759939
103300 28.9002518157893
103400 28.9296952706681
103500 29.2704849104005
103600 28.6318964735144
103700 28.831366870131
103800 28.7183609570874
103900 28.313524490707
104000 28.8391457011032
104100 29.068592842752
104200 28.9310472412548
104300 28.5245024926054
104400 28.4176906838572
104500 28.5221463847668
104600 29.2299249301333
104700 28.9701204022086
104800 28.9633849117369
104900 28.860589471963
105000 27.7621489682701
105100 28.457298076753
105200 28.9586596420373
105300 28.9319563900679
105400 29.202731712484
105500 29.1842835086512
105600 28.9999131974276
105700 28.8855448118996
105800 28.9910774712388
105900 29.0793618922376
106000 28.7969468045363
106100 29.0176767836094
106200 28.9106478496302
106300 28.9326336485149
106400 28.9626759219297
106500 28.697389535999
106600 28.6108058207418
106700 28.8884075782824
106800 28.9812135825099
106900 28.9376344779124
107000 28.7236210048649
107100 28.9212541089399
107200 29.035499554476
107300 28.890012779475
107400 28.8714374907727
107500 29.2119291666454
107600 29.5884822685297
107700 29.8409035420229
107800 28.6968065605571
107900 28.6919048010716
108000 28.9077813577471
108100 28.9281763792261
108200 29.1187099393245
108300 29.1619941137792
108400 28.5315037839152
108500 28.3113323011741
108600 28.053769236759
108700 28.2839787468811
108800 28.4150523900269
108900 28.5619627937385
109000 28.7486730369248
109100 28.6888166924304
109200 28.3217710763577
109300 28.4426189742017
109400 28.4493247951671
109500 28.549340424668
109600 29.1757668463613
109700 29.8067161401382
109800 29.6403111916685
109900 28.9916705016
110000 28.7721733354634
110100 28.744525309784
110200 28.6663068548961
110300 29.2463129492715
110400 29.2375859011985
110500 28.3818316373453
110600 28.2952387630645
110700 28.5283949586223
110800 28.2465583016259
110900 28.4722839118844
111000 28.6801719801926
111100 29.3490484140399
111200 28.7419224768973
111300 28.9403028022944
111400 28.7080055595506
111500 28.6306819467105
111600 28.7980425242919
111700 29.024374564216
111800 28.9686930331764
111900 28.0412252821631
112000 28.2561944261489
112100 28.4949537519428
112200 29.0812403268905
112300 29.2974407234673
112400 29.1278216620445
112500 28.5991488369611
112600 28.2601266179976
112700 28.1770994018608
112800 29.0080669202571
112900 28.4654939088126
113000 28.8073486946899
113100 28.5349562684119
113200 28.7488647311742
113300 28.8274300129243
113400 28.5764030830718
113500 28.6671235481661
113600 27.9836598082125
113700 28.3420239207823
113800 28.3795337244181
113900 28.4903258913278
114000 28.0223490813159
114100 28.4947267440793
114200 28.7600812373004
114300 28.5557329657721
114400 28.9455767831411
114500 29.2591996980938
114600 29.0456982332398
114700 29.0482592052114
114800 29.167442653436
114900 28.7373701387048
115000 28.7227980137565
115100 28.9845245360901
115200 28.644875836532
115300 28.2836429553553
115400 28.6650045972542
115500 28.7406728487793
115600 28.579597510324
115700 28.6204229915223
115800 28.3959811220664
115900 28.9103892206866
116000 29.1634622185649
116100 29.152385696406
116200 28.4349062303931
116300 28.0420866103434
116400 28.3012386293967
116500 28.0614517480324
116600 28.2793559263122
116700 28.4315937266564
116800 28.521984962713
116900 28.9347085769378
117000 28.8083742221345
117100 28.7252198349962
117200 28.9431842773032
117300 29.2571627130588
117400 29.205738509804
117500 28.8525744515117
117600 28.8257233365772
117700 29.1061827711942
117800 28.9135906773689
117900 28.7423285390377
118000 28.494493610499
118100 28.5060501220932
118200 28.9290114532057
118300 28.4091055393988
118400 28.7634504861141
118500 28.9406812224127
118600 28.5063764794357
118700 28.237809077563
118800 28.5409299514393
118900 28.621453788235
119000 28.5231223724561
119100 28.733983708064
119200 28.8442537288938
119300 28.9835187477076
119400 28.529035717656
119500 28.5849224932961
119600 28.8292074509846
119700 29.5943334303302
119800 29.0615606195225
119900 29.1642895967008
120000 28.875442808437
120100 28.6649975804561
120200 28.1733753948407
120300 27.6566064004846
120400 27.9974249370901
120500 28.1280939968585
120600 28.3976868121551
120700 28.4890800023667
120800 28.5696148495509
120900 28.3607229371658
121000 28.5221043792535
121100 28.9117976171928
121200 29.6115868652599
121300 29.1442919048026
121400 28.8174882754032
121500 28.9670571074286
121600 28.7622826026356
121700 28.8471781711934
121800 28.8276175176294
121900 28.738166659181
122000 28.6790021240202
122100 28.4872047469683
122200 28.2040222760718
122300 28.3564703874822
122400 28.5755052048739
122500 27.9339566210996
122600 27.7889595449867
122700 28.3991068600014
122800 28.4736298544333
122900 28.0216330284723
123000 28.4600382074264
123100 28.9635629137635
123200 28.4685928483173
123300 29.2339465629696
123400 29.514349044146
123500 29.3764035780647
123600 28.8182845616836
123700 28.8889924244195
123800 29.0193578737826
123900 28.831384684813
124000 28.8529359560891
124100 28.7657312654986
124200 28.7140106291371
124300 28.5548484554214
124400 28.6349003908894
124500 28.4347173041877
124600 28.5276522607857
124700 28.1786831410048
124800 28.0527674441625
124900 27.9988805131477
125000 28.1200104611863
125100 28.6051669513822
125200 28.755880138058
125300 28.8944052550865
125400 28.8736002364595
125500 28.7779482303471
125600 29.263185407384
125700 29.1254796732544
125800 28.9964197806267
125900 28.8109278106968
126000 28.9812176095096
126100 28.5593536948361
126200 28.4253512570397
126300 29.2256481237926
126400 29.7315647278086
126500 29.4397196741881
126600 28.9104707004955
126700 29.2876203313139
126800 28.8422697813809
126900 28.3093969457768
127000 28.2168996744981
127100 28.8300809835132
127200 28.6792338853693
127300 28.7498163768178
127400 28.6074528773285
127500 28.835988190536
127600 28.5026993470925
127700 28.4342814450345
127800 28.8723053294871
127900 28.2422689019345
128000 28.2282444198162
128100 28.8955055242518
128200 28.8199993106631
128300 28.8820869318783
128400 28.7276908741507
128500 28.9671915566701
128600 29.4291709436129
128700 29.5522408311838
128800 29.2731970153614
128900 28.8527803889257
129000 28.6695371884271
129100 28.4014794888055
129200 28.4592752606142
129300 28.5850913888389
129400 28.6582599361197
129500 28.5800167415725
129600 28.3349633808834
129700 28.5790295320286
129800 28.7729320717467
129900 28.8942905592746
130000 28.8754065329842
130100 28.9675544725888
130200 29.1684441349619
130300 29.272835877832
130400 29.3831599741759
130500 29.1355317723505
130600 28.8530277107274
130700 28.6214389112295
130800 28.6038028567166
130900 28.5413074144012
131000 28.4818808779411
131100 28.3150490321544
131200 28.3619194193673
131300 28.7648238758844
131400 28.0161216847348
131500 28.0396630809474
131600 27.987366427329
131700 27.8463276195144
131800 28.0975749490706
131900 28.5025827446794
132000 28.2414077622996
132100 28.4844262255282
132200 28.9655261807783
132300 29.0678704803021
132400 29.2491463846004
132500 28.5045601433792
132600 28.3494313759569
132700 28.7467786262019
132800 28.3609860952973
132900 28.4749885004086
133000 29.1125557123045
133100 29.1430638626156
133200 28.9497033905102
133300 29.0534124281973
133400 28.8863638582721
133500 28.4691185335685
133600 28.2399829620115
133700 28.6856446526429
133800 28.8650262531609
133900 28.6832855758566
134000 28.7580052942958
134100 28.6447288019481
134200 27.9751132783711
134300 28.4935943533889
134400 28.7361656210797
134500 29.4273120337975
134600 28.8709048096517
134700 28.7360453775681
134800 28.827775995983
134900 28.9513524011065
135000 29.5802410267528
135100 29.4920969396225
135200 28.7051236638534
135300 28.6204665320216
135400 28.6041290373353
135500 28.6702455729663
135600 29.0577009283035
135700 29.064165541372
135800 28.0339625893565
135900 27.8632912250543
136000 28.5980726912374
136100 29.2146465452629
136200 28.9618556768841
136300 28.8578571059529
136400 28.8876140016819
136500 29.2850223121565
136600 28.8454994063367
136700 28.5767450687109
136800 28.6111428660262
136900 29.3716291294297
137000 29.3949384390578
137100 29.4403700570561
137200 29.4259159715672
137300 28.7546241924341
137400 28.2752398349202
137500 28.4513437085515
137600 28.8670747312308
137700 29.2401834165197
137800 28.9696760960695
137900 28.4173069867546
138000 28.8434674416234
138100 28.6998906193525
138200 28.2547712580879
138300 28.5361640616397
138400 28.9112837327858
138500 28.699312160803
138600 28.8180034027579
138700 28.5267857010525
138800 28.1723400038474
138900 28.3305427652676
139000 28.6073841219863
139100 28.5794295381359
139200 28.8042835624546
139300 29.2820155997279
139400 29.0793755815706
139500 29.2679222086581
139600 28.5628389419494
139700 29.199552445807
139800 29.3511215844539
139900 29.1432649090173
140000 29.1881085168215
140100 29.3475458037074
140200 28.431294870044
140300 28.4015291281979
140400 28.2857001927079
140500 28.832011535277
140600 28.9217997397356
140700 28.4461069349533
140800 28.7188863329854
140900 28.6485197569438
141000 28.1021362540447
141100 27.6103616279424
141200 27.9191166354597
141300 28.5876919302684
141400 28.959828540859
141500 28.8351170565007
141600 28.8367032000989
141700 28.7937584842136
141800 28.6112620280739
141900 28.1152282439896
142000 28.6455333365131
142100 29.0576301191539
142200 28.9113065009755
142300 28.9697366401807
142400 28.629178024661
142500 29.0364063918925
142600 28.7846775025891
142700 28.6398719250829
142800 27.8984537291443
142900 28.5427434294111
143000 28.2778800162763
143100 28.2471242921615
143200 28.1527262473586
143300 28.5023128092957
143400 28.1961433723402
143500 28.5913017021076
143600 28.3320852930121
143700 28.5451431653984
143800 28.4119624294432
143900 28.6453398289661
144000 29.2706285634691
144100 29.1848135848588
144200 29.4236375517708
144300 29.0639323155895
144400 28.9141240986655
144500 28.4294586128785
144600 28.6652417028966
144700 28.6665231384406
144800 28.7025053366635
144900 28.431428753153
145000 28.2995376738429
145100 28.8083261263851
145200 28.7285545568294
145300 28.9020687098726
145400 28.6449456391404
145500 28.7815808366456
145600 28.5479921230935
145700 28.4551363877511
145800 29.2898008798009
145900 28.7300612082479
146000 28.9883408765626
146100 28.9738590250162
146200 28.9783886042437
146300 28.8929580389105
146400 29.1895572453621
146500 29.6460565433559
146600 29.9527105544255
146700 29.5183323696906
146800 29.3242557435269
146900 29.1116562828892
147000 28.5099217066252
147100 28.5849143843488
147200 28.1345708668917
147300 28.3271276957823
147400 28.615055588568
147500 28.9965617645553
147600 28.8127895028149
147700 28.3140020614427
147800 28.0670758175377
147900 28.7544959276375
148000 28.7350194952313
148100 28.5068484934298
148200 28.928087636573
148300 29.4553881462195
148400 29.8605440391834
148500 29.1396219435014
148600 28.8784504992007
148700 28.864493199145
148800 29.1235135992972
148900 29.1882597061083
149000 29.0562210809934
149100 28.8455325447175
149200 29.3606017417535
149300 28.7651689186852
149400 28.6403278454778
149500 28.7810952815622
149600 28.7120765729897
149700 28.587382565264
149800 28.1128632581627
149900 28.0778789848176
150000 27.9592936611706
