#Creado con evalua_funcion_vect2D_1par
#FuncionCompX    FuncionCompY 
0   10.4484
0.0334448   9.23398
0.0668896   9.69274
0.100334   9.41573
0.133779   9.2704
0.167224   8.10574
0.200669   8.0852
0.234114   8.26884
0.267559   7.66061
0.301003   7.65506
0.334448   7.41279
0.367893   7.26389
0.401338   7.00793
0.434783   6.85118
0.468227   6.61482
0.501672   6.40189
0.535117   6.28419
0.568562   6.07153
0.602007   6.1326
0.635452   5.77622
0.668896   5.94517
0.702341   5.69996
0.735786   5.64685
0.769231   4.98515
0.802676   5.40167
0.83612   5.06279
0.869565   5.20559
0.90301   5.12143
0.936455   4.04125
0.9699   4.79131
1.00334   4.3314
1.03679   3.82286
1.07023   3.97844
1.10368   4.28181
1.13712   3.72453
1.17057   3.76953
1.20401   3.71108
1.23746   2.97873
1.2709   3.81541
1.30435   3.03861
1.33779   3.28724
1.37124   2.85621
1.40468   3.30543
1.43813   2.52229
1.47157   3.33312
1.50502   3.14277
1.53846   2.39195
1.57191   2.17288
1.60535   3.42299
1.6388   1.99363
1.67224   2.50547
1.70569   3.19638
1.73913   2.93321
1.77258   2.10802
1.80602   1.7502
1.83946   2.47109
1.87291   2.93836
1.90635   2.97217
1.9398   2.12054
1.97324   2.77386
2.00669   2.38256
2.04013   1.2987
2.07358   1.32784
2.10702   1.34097
2.14047   2.12783
2.17391   1.64667
2.20736   1.85014
2.2408   1.27794
2.27425   1.55475
2.30769   1.30968
2.34114   1.44681
2.37458   2.24589
2.40803   1.50162
2.44147   0.891571
2.47492   0.862698
2.50836   1.03792
2.54181   1.5883
2.57525   0.958362
2.6087   1.03442
2.64214   1.37378
2.67559   0.925023
2.70903   1.61375
2.74247   1.15789
2.77592   0.674724
2.80936   0.693655
2.84281   1.22116
2.87625   1.34643
2.9097   0.58131
2.94314   1.10881
2.97659   0.707867
3.01003   0.484625
3.04348   0.75757
3.07692   0.672762
3.11037   0.498692
3.14381   0.850678
3.17726   0.426817
3.2107   0.854964
3.24415   0.465423
3.27759   0.542856
3.31104   0.379858
3.34448   0.685122
3.37793   0.983265
3.41137   0.323769
3.44482   0.327475
3.47826   1.01918
3.51171   0.325161
3.54515   0.457228
3.5786   0.615975
3.61204   0.446312
3.64548   0.743697
3.67893   0.32166
3.71237   0.680429
3.74582   0.528658
3.77926   0.742404
3.81271   0.77424
3.84615   0.652749
3.8796   0.395216
3.91304   0.489652
3.94649   0.732707
3.97993   0.195324
4.01338   0.789324
4.04682   0.742784
4.08027   0.373877
4.11371   0.223754
4.14716   0.142778
4.1806   0.151442
4.21405   0.235332
4.24749   0.404688
4.28094   0.195509
4.31438   0.396016
4.34783   0.446432
4.38127   0.492126
4.41472   0.239989
4.44816   0.459474
4.48161   0.53991
4.51505   0.163216
4.54849   0.546797
4.58194   0.135157
4.61538   0.484676
4.64883   0.140508
4.68227   0.56041
4.71572   0.085049
4.74916   0.564585
4.78261   0.201766
4.81605   0.415906
4.8495   0.354179
4.88294   0.100667
4.91639   0.112875
4.94983   0.129986
4.98328   0.0621414
5.01672   0.127464
5.05017   0.0937971
5.08361   0.423924
5.11706   0.377629
5.1505   0.150206
5.18395   0.413802
5.21739   0.413771
5.25084   0.294501
5.28428   0.155338
5.31773   0.063163
5.35117   0.112086
5.38462   0.0694381
5.41806   0.384552
5.45151   0.290215
5.48495   0.0340599
5.51839   0.247539
5.55184   0.0421263
5.58528   0.289691
5.61873   0.0297661
5.65217   0.334215
5.68562   0.0388111
5.71906   0.306599
5.75251   0.359506
5.78595   0.0305332
5.8194   0.0716818
5.85284   0.21224
5.88629   0.217636
5.91973   0.114412
5.95318   0.0265087
5.98662   0.0332361
6.02007   0.116219
6.05351   0.0660258
6.08696   0.0595268
6.1204   0.0829197
6.15385   0.0413408
6.18729   0.2156
6.22074   0.0612174
6.25418   0.0308357
6.28763   0.112128
6.32107   0.0144856
6.35452   0.0478954
6.38796   0.019022
6.4214   0.0271614
6.45485   0.0376666
6.48829   0.218124
6.52174   0.0247572
6.55518   0.0184742
6.58863   0.0134605
6.62207   0.0152957
6.65552   0.016882
6.68896   0.0102623
6.72241   0.0208276
6.75585   0.0121849
6.7893   0.00912373
6.82274   0.0242774
6.85619   0.0405975
6.88963   0.115177
6.92308   0.0130822
6.95652   0.0104472
6.98997   0.143372
7.02341   0.0215164
7.05686   0.078615
7.0903   0.0217054
7.12375   0.0800189
7.15719   0.0161301
7.19064   0.0570182
7.22408   0.0534888
7.25753   0.072646
7.29097   0.121259
7.32441   0.0175095
7.35786   0.0697918
7.3913   0.0155181
7.42475   0.0246021
7.45819   0.0047435
7.49164   0.0524216
7.52508   0.0200201
7.55853   0.0105162
7.59197   0.0884544
7.62542   0.0240897
7.65886   0.015168
7.69231   0.0041088
7.72575   0.0239911
7.7592   0.0355021
7.79264   0.00529614
7.82609   0.0235777
7.85953   0.11272
7.89298   0.0312378
7.92642   0.0118287
7.95987   0.00475199
7.99331   0.0441028
8.02676   0.00811125
8.0602   0.0163881
8.09365   0.016022
8.12709   0.0307391
8.16054   0.006253
8.19398   0.0470185
8.22742   0.00836497
8.26087   0.0780735
8.29431   0.0178401
8.32776   0.00572654
8.3612   0.00606449
8.39465   0.00680176
8.42809   0.021039
8.46154   0.0392803
8.49498   0.00699302
8.52843   0.00631762
8.56187   0.00402954
8.59532   0.0201159
8.62876   0.00364234
8.66221   0.0321346
8.69565   0.00162332
8.7291   0.00418403
8.76254   0.00463244
8.79599   0.0234298
8.82943   0.007246
8.86288   0.0455459
8.89632   0.021592
8.92977   0.00154221
8.96321   0.00337543
8.99666   0.0409921
9.0301   0.0372859
9.06355   0.0124827
9.09699   0.00481005
9.13043   0.00435325
9.16388   0.00307316
9.19732   0.0155533
9.23077   0.00179169
9.26421   0.0148734
9.29766   0.0121134
9.3311   0.0219665
9.36455   0.000621606
9.39799   0.0481692
9.43144   0.00117642
9.46488   0.0106602
9.49833   0.0198591
9.53177   0.00631295
9.56522   0.000567329
9.59866   0.000657792
9.63211   0.00129291
9.66555   0.00169811
9.699   0.0237624
9.73244   0.00170085
9.76589   0.00673767
9.79933   0.00105857
9.83278   0.000463569
9.86622   0.000508445
9.89967   0.000636105
9.93311   0.0139591
9.96656   0.000825094
10   0.00258702
