/*--------------------------------*- C++ -*----------------------------------*\
  =========                 |
  \\      /  F ield         | OpenFOAM: The Open Source CFD Toolbox
   \\    /   O peration     | Website:  https://openfoam.org
    \\  /    A nd           | Version:  6
     \\/     M anipulation  |
\*---------------------------------------------------------------------------*/
FoamFile
{
    version     2.0;
    format      ascii;
    class       volScalarField;
    location    "18";
    object      T;
}
// * * * * * * * * * * * * * * * * * * * * * * * * * * * * * * * * * * * * * //

dimensions      [0 0 0 1 0 0 0];

internalField   nonuniform List<scalar> 
5000
(
0.607743
0.607637
0.607425
0.607107
0.606684
0.606155
0.605521
0.604783
0.603941
0.602997
0.601952
0.600806
0.59956
0.598216
0.596775
0.595238
0.593608
0.591885
0.590071
0.588168
0.586179
0.584104
0.581947
0.579708
0.577391
0.574997
0.57253
0.56999
0.567382
0.564707
0.561968
0.559169
0.55631
0.553397
0.55043
0.547414
0.54435
0.541244
0.538096
0.534911
0.531691
0.52844
0.525161
0.521857
0.518532
0.515188
0.511829
0.508459
0.50508
0.501697
0.498311
0.494928
0.491549
0.488179
0.48482
0.481476
0.478151
0.474847
0.471568
0.468317
0.465097
0.461912
0.458765
0.455658
0.452595
0.449578
0.446612
0.443698
0.44084
0.43804
0.435301
0.432626
0.430018
0.427479
0.425011
0.422618
0.420301
0.418062
0.415904
0.41383
0.41184
0.409938
0.408124
0.406401
0.404771
0.403234
0.401793
0.400449
0.399204
0.398057
0.397012
0.396068
0.395227
0.394489
0.393855
0.393326
0.392902
0.392584
0.392372
0.392266
0.607743
0.607638
0.607426
0.607108
0.606684
0.606155
0.605521
0.604783
0.603942
0.602998
0.601952
0.600806
0.59956
0.598216
0.596775
0.595239
0.593608
0.591885
0.590072
0.588169
0.586179
0.584105
0.581947
0.579709
0.577391
0.574998
0.57253
0.569991
0.567382
0.564708
0.561969
0.559169
0.556311
0.553397
0.55043
0.547414
0.544351
0.541244
0.538096
0.534911
0.531691
0.52844
0.525161
0.521857
0.518532
0.515188
0.511829
0.508459
0.50508
0.501697
0.498311
0.494928
0.491549
0.488178
0.48482
0.481476
0.478151
0.474847
0.471568
0.468317
0.465097
0.461912
0.458764
0.455657
0.452594
0.449578
0.446611
0.443698
0.440839
0.438039
0.435301
0.432626
0.430018
0.427478
0.425011
0.422617
0.4203
0.418062
0.415904
0.413829
0.41184
0.409937
0.408124
0.406401
0.40477
0.403234
0.401793
0.400449
0.399203
0.398057
0.397011
0.396067
0.395226
0.394488
0.393854
0.393325
0.392901
0.392583
0.392371
0.392266
0.607744
0.607638
0.607426
0.607108
0.606685
0.606156
0.605522
0.604784
0.603943
0.602999
0.601953
0.600807
0.599561
0.598217
0.596776
0.595239
0.593609
0.591886
0.590072
0.588169
0.58618
0.584105
0.581948
0.579709
0.577392
0.574998
0.57253
0.569991
0.567383
0.564708
0.561969
0.559169
0.556311
0.553397
0.550431
0.547414
0.544351
0.541244
0.538096
0.534911
0.531691
0.52844
0.525161
0.521857
0.518532
0.515188
0.51183
0.508459
0.50508
0.501697
0.498311
0.494928
0.491549
0.488178
0.48482
0.481476
0.47815
0.474847
0.471568
0.468317
0.465097
0.461912
0.458764
0.455657
0.452594
0.449578
0.446611
0.443697
0.440839
0.438039
0.4353
0.432626
0.430017
0.427478
0.42501
0.422617
0.4203
0.418061
0.415903
0.413829
0.411839
0.409937
0.408123
0.4064
0.40477
0.403233
0.401792
0.400448
0.399202
0.398056
0.397011
0.396067
0.395225
0.394487
0.393854
0.393325
0.392901
0.392583
0.392371
0.392265
0.607745
0.607639
0.607427
0.607109
0.606685
0.606156
0.605523
0.604785
0.603943
0.602999
0.601953
0.600807
0.599561
0.598217
0.596776
0.59524
0.593609
0.591886
0.590072
0.58817
0.58618
0.584106
0.581948
0.579709
0.577392
0.574998
0.572531
0.569991
0.567383
0.564708
0.561969
0.55917
0.556311
0.553397
0.550431
0.547414
0.544351
0.541244
0.538097
0.534911
0.531692
0.528441
0.525161
0.521858
0.518532
0.515188
0.51183
0.508459
0.50508
0.501697
0.498311
0.494927
0.491549
0.488178
0.48482
0.481476
0.47815
0.474846
0.471567
0.468316
0.465097
0.461911
0.458764
0.455657
0.452594
0.449577
0.446611
0.443697
0.440839
0.438039
0.4353
0.432625
0.430017
0.427478
0.42501
0.422616
0.420299
0.418061
0.415903
0.413828
0.411839
0.409936
0.408123
0.4064
0.404769
0.403233
0.401792
0.400448
0.399202
0.398056
0.39701
0.396066
0.395225
0.394487
0.393853
0.393324
0.3929
0.392582
0.392371
0.392265
0.607745
0.60764
0.607428
0.60711
0.606686
0.606157
0.605523
0.604785
0.603944
0.603
0.601954
0.600808
0.599562
0.598218
0.596777
0.59524
0.59361
0.591887
0.590073
0.58817
0.586181
0.584106
0.581948
0.57971
0.577392
0.574999
0.572531
0.569992
0.567383
0.564709
0.56197
0.55917
0.556312
0.553398
0.550431
0.547415
0.544351
0.541244
0.538097
0.534911
0.531692
0.528441
0.525162
0.521858
0.518532
0.515188
0.51183
0.508459
0.50508
0.501697
0.498311
0.494927
0.491549
0.488178
0.484819
0.481476
0.47815
0.474846
0.471567
0.468316
0.465096
0.461911
0.458764
0.455657
0.452593
0.449577
0.44661
0.443697
0.440838
0.438038
0.4353
0.432625
0.430017
0.427477
0.42501
0.422616
0.420299
0.41806
0.415903
0.413828
0.411838
0.409936
0.408122
0.406399
0.404769
0.403232
0.401791
0.400447
0.399201
0.398055
0.39701
0.396066
0.395224
0.394486
0.393853
0.393324
0.3929
0.392582
0.39237
0.392264
0.607746
0.60764
0.607428
0.60711
0.606686
0.606157
0.605524
0.604786
0.603944
0.603
0.601954
0.600808
0.599562
0.598218
0.596777
0.595241
0.59361
0.591887
0.590073
0.588171
0.586181
0.584106
0.581949
0.57971
0.577393
0.574999
0.572531
0.569992
0.567384
0.564709
0.56197
0.55917
0.556312
0.553398
0.550431
0.547415
0.544352
0.541245
0.538097
0.534912
0.531692
0.528441
0.525162
0.521858
0.518532
0.515188
0.51183
0.508459
0.50508
0.501697
0.498311
0.494927
0.491549
0.488178
0.484819
0.481476
0.47815
0.474846
0.471567
0.468316
0.465096
0.461911
0.458763
0.455656
0.452593
0.449577
0.44661
0.443696
0.440838
0.438038
0.435299
0.432625
0.430016
0.427477
0.425009
0.422616
0.420298
0.41806
0.415902
0.413828
0.411838
0.409935
0.408122
0.406399
0.404768
0.403232
0.401791
0.400447
0.399201
0.398055
0.397009
0.396065
0.395224
0.394486
0.393852
0.393323
0.392899
0.392582
0.39237
0.392264
0.607746
0.607641
0.607429
0.607111
0.606687
0.606158
0.605524
0.604786
0.603945
0.603001
0.601955
0.600809
0.599563
0.598219
0.596778
0.595241
0.59361
0.591887
0.590074
0.588171
0.586181
0.584107
0.581949
0.57971
0.577393
0.574999
0.572532
0.569992
0.567384
0.564709
0.56197
0.55917
0.556312
0.553398
0.550431
0.547415
0.544352
0.541245
0.538097
0.534912
0.531692
0.528441
0.525162
0.521858
0.518532
0.515188
0.51183
0.508459
0.50508
0.501697
0.498311
0.494927
0.491549
0.488178
0.484819
0.481475
0.47815
0.474846
0.471567
0.468316
0.465096
0.461911
0.458763
0.455656
0.452593
0.449577
0.44661
0.443696
0.440838
0.438038
0.435299
0.432624
0.430016
0.427477
0.425009
0.422615
0.420298
0.418059
0.415902
0.413827
0.411838
0.409935
0.408121
0.406398
0.404768
0.403231
0.40179
0.400446
0.399201
0.398054
0.397009
0.396065
0.395223
0.394485
0.393852
0.393323
0.392899
0.392581
0.392369
0.392264
0.607747
0.607641
0.607429
0.607111
0.606687
0.606158
0.605524
0.604786
0.603945
0.603001
0.601955
0.600809
0.599563
0.598219
0.596778
0.595241
0.593611
0.591888
0.590074
0.588171
0.586182
0.584107
0.581949
0.579711
0.577393
0.575
0.572532
0.569993
0.567384
0.564709
0.561971
0.559171
0.556312
0.553398
0.550432
0.547415
0.544352
0.541245
0.538097
0.534912
0.531692
0.528441
0.525162
0.521858
0.518532
0.515189
0.51183
0.508459
0.50508
0.501697
0.498311
0.494927
0.491548
0.488178
0.484819
0.481475
0.47815
0.474846
0.471567
0.468316
0.465096
0.461911
0.458763
0.455656
0.452593
0.449576
0.44661
0.443696
0.440837
0.438038
0.435299
0.432624
0.430016
0.427476
0.425009
0.422615
0.420298
0.418059
0.415901
0.413827
0.411837
0.409935
0.408121
0.406398
0.404767
0.403231
0.40179
0.400446
0.3992
0.398054
0.397008
0.396064
0.395223
0.394485
0.393851
0.393322
0.392899
0.392581
0.392369
0.392263
0.607747
0.607641
0.607429
0.607111
0.606688
0.606159
0.605525
0.604787
0.603945
0.603001
0.601956
0.600809
0.599564
0.598219
0.596778
0.595242
0.593611
0.591888
0.590074
0.588172
0.586182
0.584107
0.58195
0.579711
0.577394
0.575
0.572532
0.569993
0.567385
0.56471
0.561971
0.559171
0.556312
0.553398
0.550432
0.547415
0.544352
0.541245
0.538097
0.534912
0.531692
0.528441
0.525162
0.521858
0.518532
0.515189
0.51183
0.508459
0.50508
0.501696
0.498311
0.494927
0.491548
0.488178
0.484819
0.481475
0.47815
0.474846
0.471567
0.468316
0.465096
0.46191
0.458763
0.455656
0.452593
0.449576
0.446609
0.443696
0.440837
0.438037
0.435299
0.432624
0.430015
0.427476
0.425008
0.422615
0.420297
0.418059
0.415901
0.413826
0.411837
0.409934
0.408121
0.406398
0.404767
0.403231
0.40179
0.400445
0.3992
0.398053
0.397008
0.396064
0.395223
0.394485
0.393851
0.393322
0.392898
0.39258
0.392368
0.392263
0.607747
0.607642
0.60743
0.607112
0.606688
0.606159
0.605525
0.604787
0.603946
0.603002
0.601956
0.60081
0.599564
0.59822
0.596779
0.595242
0.593611
0.591888
0.590075
0.588172
0.586182
0.584108
0.58195
0.579711
0.577394
0.575
0.572533
0.569993
0.567385
0.56471
0.561971
0.559171
0.556313
0.553399
0.550432
0.547415
0.544352
0.541245
0.538097
0.534912
0.531692
0.528441
0.525162
0.521858
0.518532
0.515189
0.51183
0.508459
0.50508
0.501696
0.498311
0.494927
0.491548
0.488178
0.484819
0.481475
0.47815
0.474846
0.471567
0.468315
0.465096
0.46191
0.458763
0.455656
0.452592
0.449576
0.446609
0.443695
0.440837
0.438037
0.435298
0.432623
0.430015
0.427476
0.425008
0.422614
0.420297
0.418058
0.415901
0.413826
0.411836
0.409934
0.40812
0.406397
0.404767
0.40323
0.401789
0.400445
0.399199
0.398053
0.397007
0.396064
0.395222
0.394484
0.39385
0.393322
0.392898
0.39258
0.392368
0.392263
0.607748
0.607642
0.60743
0.607112
0.606688
0.606159
0.605526
0.604788
0.603946
0.603002
0.601956
0.60081
0.599564
0.59822
0.596779
0.595242
0.593612
0.591889
0.590075
0.588172
0.586183
0.584108
0.58195
0.579712
0.577394
0.575001
0.572533
0.569993
0.567385
0.56471
0.561971
0.559171
0.556313
0.553399
0.550432
0.547416
0.544352
0.541245
0.538098
0.534912
0.531692
0.528441
0.525162
0.521858
0.518532
0.515189
0.51183
0.508459
0.50508
0.501696
0.498311
0.494927
0.491548
0.488178
0.484819
0.481475
0.47815
0.474846
0.471566
0.468315
0.465096
0.46191
0.458762
0.455655
0.452592
0.449576
0.446609
0.443695
0.440837
0.438037
0.435298
0.432623
0.430015
0.427475
0.425008
0.422614
0.420297
0.418058
0.4159
0.413826
0.411836
0.409934
0.40812
0.406397
0.404766
0.40323
0.401789
0.400445
0.399199
0.398053
0.397007
0.396063
0.395222
0.394484
0.39385
0.393321
0.392898
0.39258
0.392368
0.392262
0.607748
0.607643
0.607431
0.607113
0.606689
0.60616
0.605526
0.604788
0.603946
0.603002
0.601957
0.60081
0.599565
0.59822
0.596779
0.595243
0.593612
0.591889
0.590075
0.588173
0.586183
0.584108
0.58195
0.579712
0.577394
0.575001
0.572533
0.569994
0.567385
0.56471
0.561971
0.559171
0.556313
0.553399
0.550432
0.547416
0.544352
0.541245
0.538098
0.534912
0.531692
0.528441
0.525162
0.521858
0.518533
0.515189
0.51183
0.508459
0.50508
0.501696
0.498311
0.494927
0.491548
0.488178
0.484819
0.481475
0.478149
0.474845
0.471566
0.468315
0.465095
0.46191
0.458762
0.455655
0.452592
0.449576
0.446609
0.443695
0.440837
0.438037
0.435298
0.432623
0.430014
0.427475
0.425007
0.422614
0.420297
0.418058
0.4159
0.413826
0.411836
0.409933
0.40812
0.406397
0.404766
0.40323
0.401789
0.400444
0.399199
0.398052
0.397007
0.396063
0.395222
0.394484
0.39385
0.393321
0.392897
0.392579
0.392367
0.392262
0.607748
0.607643
0.607431
0.607113
0.606689
0.60616
0.605526
0.604788
0.603947
0.603003
0.601957
0.600811
0.599565
0.598221
0.59678
0.595243
0.593612
0.591889
0.590076
0.588173
0.586183
0.584108
0.581951
0.579712
0.577395
0.575001
0.572533
0.569994
0.567385
0.56471
0.561972
0.559171
0.556313
0.553399
0.550432
0.547416
0.544353
0.541245
0.538098
0.534912
0.531692
0.528441
0.525162
0.521858
0.518533
0.515189
0.51183
0.508459
0.50508
0.501696
0.498311
0.494927
0.491548
0.488178
0.484819
0.481475
0.478149
0.474845
0.471566
0.468315
0.465095
0.46191
0.458762
0.455655
0.452592
0.449575
0.446609
0.443695
0.440836
0.438036
0.435298
0.432623
0.430014
0.427475
0.425007
0.422614
0.420296
0.418058
0.4159
0.413825
0.411836
0.409933
0.408119
0.406396
0.404766
0.403229
0.401788
0.400444
0.399198
0.398052
0.397007
0.396063
0.395221
0.394483
0.39385
0.393321
0.392897
0.392579
0.392367
0.392262
0.607749
0.607643
0.607431
0.607113
0.606689
0.60616
0.605527
0.604788
0.603947
0.603003
0.601957
0.600811
0.599565
0.598221
0.59678
0.595243
0.593613
0.59189
0.590076
0.588173
0.586183
0.584109
0.581951
0.579712
0.577395
0.575001
0.572533
0.569994
0.567385
0.564711
0.561972
0.559172
0.556313
0.553399
0.550432
0.547416
0.544353
0.541246
0.538098
0.534912
0.531693
0.528441
0.525162
0.521858
0.518533
0.515189
0.51183
0.508459
0.50508
0.501696
0.498311
0.494927
0.491548
0.488178
0.484819
0.481475
0.478149
0.474845
0.471566
0.468315
0.465095
0.46191
0.458762
0.455655
0.452592
0.449575
0.446609
0.443695
0.440836
0.438036
0.435297
0.432623
0.430014
0.427475
0.425007
0.422613
0.420296
0.418057
0.4159
0.413825
0.411835
0.409933
0.408119
0.406396
0.404766
0.403229
0.401788
0.400444
0.399198
0.398052
0.397006
0.396062
0.395221
0.394483
0.393849
0.39332
0.392897
0.392579
0.392367
0.392261
0.607749
0.607643
0.607431
0.607113
0.60669
0.606161
0.605527
0.604789
0.603947
0.603003
0.601958
0.600811
0.599565
0.598221
0.59678
0.595243
0.593613
0.59189
0.590076
0.588173
0.586184
0.584109
0.581951
0.579712
0.577395
0.575001
0.572533
0.569994
0.567386
0.564711
0.561972
0.559172
0.556313
0.553399
0.550433
0.547416
0.544353
0.541246
0.538098
0.534912
0.531693
0.528441
0.525162
0.521858
0.518533
0.515189
0.51183
0.508459
0.50508
0.501696
0.498311
0.494927
0.491548
0.488178
0.484819
0.481475
0.478149
0.474845
0.471566
0.468315
0.465095
0.46191
0.458762
0.455655
0.452592
0.449575
0.446608
0.443694
0.440836
0.438036
0.435297
0.432622
0.430014
0.427475
0.425007
0.422613
0.420296
0.418057
0.4159
0.413825
0.411835
0.409933
0.408119
0.406396
0.404765
0.403229
0.401788
0.400444
0.399198
0.398052
0.397006
0.396062
0.395221
0.394483
0.393849
0.39332
0.392896
0.392579
0.392367
0.392261
0.607749
0.607644
0.607432
0.607114
0.60669
0.606161
0.605527
0.604789
0.603948
0.603003
0.601958
0.600811
0.599566
0.598221
0.59678
0.595244
0.593613
0.59189
0.590076
0.588174
0.586184
0.584109
0.581951
0.579713
0.577395
0.575001
0.572534
0.569994
0.567386
0.564711
0.561972
0.559172
0.556313
0.553399
0.550433
0.547416
0.544353
0.541246
0.538098
0.534913
0.531693
0.528442
0.525162
0.521858
0.518533
0.515189
0.51183
0.508459
0.50508
0.501696
0.498311
0.494927
0.491548
0.488178
0.484819
0.481475
0.478149
0.474845
0.471566
0.468315
0.465095
0.46191
0.458762
0.455655
0.452591
0.449575
0.446608
0.443694
0.440836
0.438036
0.435297
0.432622
0.430014
0.427474
0.425007
0.422613
0.420296
0.418057
0.415899
0.413825
0.411835
0.409932
0.408119
0.406396
0.404765
0.403229
0.401788
0.400444
0.399198
0.398051
0.397006
0.396062
0.395221
0.394483
0.393849
0.39332
0.392896
0.392578
0.392366
0.392261
0.607749
0.607644
0.607432
0.607114
0.60669
0.606161
0.605527
0.604789
0.603948
0.603004
0.601958
0.600812
0.599566
0.598222
0.59678
0.595244
0.593613
0.59189
0.590076
0.588174
0.586184
0.584109
0.581951
0.579713
0.577395
0.575002
0.572534
0.569994
0.567386
0.564711
0.561972
0.559172
0.556313
0.553399
0.550433
0.547416
0.544353
0.541246
0.538098
0.534913
0.531693
0.528442
0.525162
0.521858
0.518533
0.515189
0.51183
0.508459
0.50508
0.501696
0.498311
0.494927
0.491548
0.488177
0.484819
0.481475
0.478149
0.474845
0.471566
0.468315
0.465095
0.461909
0.458762
0.455655
0.452591
0.449575
0.446608
0.443694
0.440836
0.438036
0.435297
0.432622
0.430014
0.427474
0.425007
0.422613
0.420296
0.418057
0.415899
0.413824
0.411835
0.409932
0.408119
0.406396
0.404765
0.403228
0.401787
0.400443
0.399198
0.398051
0.397006
0.396062
0.39522
0.394482
0.393849
0.39332
0.392896
0.392578
0.392366
0.392261
0.60775
0.607644
0.607432
0.607114
0.60669
0.606161
0.605527
0.604789
0.603948
0.603004
0.601958
0.600812
0.599566
0.598222
0.596781
0.595244
0.593613
0.59189
0.590076
0.588174
0.586184
0.584109
0.581951
0.579713
0.577395
0.575002
0.572534
0.569994
0.567386
0.564711
0.561972
0.559172
0.556314
0.5534
0.550433
0.547416
0.544353
0.541246
0.538098
0.534913
0.531693
0.528442
0.525162
0.521858
0.518533
0.515189
0.51183
0.508459
0.50508
0.501696
0.498311
0.494927
0.491548
0.488177
0.484819
0.481475
0.478149
0.474845
0.471566
0.468315
0.465095
0.461909
0.458762
0.455655
0.452591
0.449575
0.446608
0.443694
0.440836
0.438036
0.435297
0.432622
0.430013
0.427474
0.425006
0.422613
0.420295
0.418057
0.415899
0.413824
0.411835
0.409932
0.408118
0.406395
0.404765
0.403228
0.401787
0.400443
0.399197
0.398051
0.397005
0.396062
0.39522
0.394482
0.393849
0.39332
0.392896
0.392578
0.392366
0.392261
0.60775
0.607644
0.607432
0.607114
0.60669
0.606161
0.605527
0.604789
0.603948
0.603004
0.601958
0.600812
0.599566
0.598222
0.596781
0.595244
0.593613
0.59189
0.590077
0.588174
0.586184
0.584109
0.581952
0.579713
0.577396
0.575002
0.572534
0.569995
0.567386
0.564711
0.561972
0.559172
0.556314
0.5534
0.550433
0.547416
0.544353
0.541246
0.538098
0.534913
0.531693
0.528442
0.525162
0.521858
0.518533
0.515189
0.51183
0.508459
0.50508
0.501696
0.498311
0.494927
0.491548
0.488177
0.484819
0.481475
0.478149
0.474845
0.471566
0.468315
0.465095
0.461909
0.458762
0.455654
0.452591
0.449575
0.446608
0.443694
0.440836
0.438036
0.435297
0.432622
0.430013
0.427474
0.425006
0.422613
0.420295
0.418057
0.415899
0.413824
0.411835
0.409932
0.408118
0.406395
0.404765
0.403228
0.401787
0.400443
0.399197
0.398051
0.397005
0.396061
0.39522
0.394482
0.393848
0.393319
0.392896
0.392578
0.392366
0.39226
0.60775
0.607644
0.607432
0.607114
0.60669
0.606161
0.605528
0.60479
0.603948
0.603004
0.601958
0.600812
0.599566
0.598222
0.596781
0.595244
0.593613
0.59189
0.590077
0.588174
0.586184
0.584109
0.581952
0.579713
0.577396
0.575002
0.572534
0.569995
0.567386
0.564711
0.561972
0.559172
0.556314
0.5534
0.550433
0.547416
0.544353
0.541246
0.538098
0.534913
0.531693
0.528442
0.525162
0.521858
0.518533
0.515189
0.51183
0.508459
0.50508
0.501696
0.498311
0.494927
0.491548
0.488177
0.484818
0.481475
0.478149
0.474845
0.471566
0.468315
0.465095
0.461909
0.458761
0.455654
0.452591
0.449575
0.446608
0.443694
0.440836
0.438036
0.435297
0.432622
0.430013
0.427474
0.425006
0.422612
0.420295
0.418057
0.415899
0.413824
0.411834
0.409932
0.408118
0.406395
0.404765
0.403228
0.401787
0.400443
0.399197
0.398051
0.397005
0.396061
0.39522
0.394482
0.393848
0.393319
0.392896
0.392578
0.392366
0.39226
0.60775
0.607644
0.607432
0.607114
0.606691
0.606162
0.605528
0.60479
0.603948
0.603004
0.601958
0.600812
0.599566
0.598222
0.596781
0.595244
0.593614
0.59189
0.590077
0.588174
0.586184
0.58411
0.581952
0.579713
0.577396
0.575002
0.572534
0.569995
0.567386
0.564711
0.561972
0.559172
0.556314
0.5534
0.550433
0.547416
0.544353
0.541246
0.538098
0.534913
0.531693
0.528442
0.525162
0.521858
0.518533
0.515189
0.51183
0.508459
0.50508
0.501696
0.498311
0.494927
0.491548
0.488177
0.484818
0.481475
0.478149
0.474845
0.471566
0.468314
0.465095
0.461909
0.458761
0.455654
0.452591
0.449575
0.446608
0.443694
0.440835
0.438035
0.435297
0.432622
0.430013
0.427474
0.425006
0.422612
0.420295
0.418056
0.415899
0.413824
0.411834
0.409932
0.408118
0.406395
0.404765
0.403228
0.401787
0.400443
0.399197
0.398051
0.397005
0.396061
0.39522
0.394482
0.393848
0.393319
0.392896
0.392578
0.392366
0.39226
0.60775
0.607644
0.607432
0.607114
0.606691
0.606162
0.605528
0.60479
0.603948
0.603004
0.601958
0.600812
0.599566
0.598222
0.596781
0.595244
0.593614
0.591891
0.590077
0.588174
0.586184
0.58411
0.581952
0.579713
0.577396
0.575002
0.572534
0.569995
0.567386
0.564711
0.561972
0.559172
0.556314
0.5534
0.550433
0.547416
0.544353
0.541246
0.538098
0.534913
0.531693
0.528442
0.525162
0.521858
0.518533
0.515189
0.51183
0.508459
0.50508
0.501696
0.498311
0.494927
0.491548
0.488177
0.484818
0.481474
0.478149
0.474845
0.471566
0.468314
0.465095
0.461909
0.458761
0.455654
0.452591
0.449575
0.446608
0.443694
0.440835
0.438035
0.435297
0.432622
0.430013
0.427474
0.425006
0.422612
0.420295
0.418056
0.415899
0.413824
0.411834
0.409932
0.408118
0.406395
0.404764
0.403228
0.401787
0.400443
0.399197
0.398051
0.397005
0.396061
0.39522
0.394482
0.393848
0.393319
0.392896
0.392578
0.392366
0.39226
0.60775
0.607644
0.607432
0.607114
0.606691
0.606162
0.605528
0.60479
0.603948
0.603004
0.601958
0.600812
0.599566
0.598222
0.596781
0.595244
0.593614
0.591891
0.590077
0.588174
0.586184
0.58411
0.581952
0.579713
0.577396
0.575002
0.572534
0.569995
0.567386
0.564711
0.561972
0.559172
0.556314
0.5534
0.550433
0.547416
0.544353
0.541246
0.538098
0.534913
0.531693
0.528442
0.525162
0.521858
0.518533
0.515189
0.51183
0.508459
0.50508
0.501696
0.498311
0.494927
0.491548
0.488177
0.484818
0.481474
0.478149
0.474845
0.471566
0.468314
0.465095
0.461909
0.458761
0.455654
0.452591
0.449574
0.446608
0.443694
0.440835
0.438035
0.435297
0.432622
0.430013
0.427474
0.425006
0.422612
0.420295
0.418056
0.415899
0.413824
0.411834
0.409932
0.408118
0.406395
0.404764
0.403228
0.401787
0.400443
0.399197
0.398051
0.397005
0.396061
0.39522
0.394482
0.393848
0.393319
0.392896
0.392578
0.392366
0.39226
0.60775
0.607644
0.607432
0.607114
0.606691
0.606162
0.605528
0.60479
0.603948
0.603004
0.601958
0.600812
0.599566
0.598222
0.596781
0.595244
0.593614
0.591891
0.590077
0.588174
0.586184
0.58411
0.581952
0.579713
0.577396
0.575002
0.572534
0.569995
0.567386
0.564711
0.561972
0.559172
0.556314
0.5534
0.550433
0.547416
0.544353
0.541246
0.538098
0.534913
0.531693
0.528442
0.525162
0.521858
0.518533
0.515189
0.51183
0.508459
0.50508
0.501696
0.498311
0.494927
0.491548
0.488177
0.484818
0.481474
0.478149
0.474845
0.471566
0.468314
0.465095
0.461909
0.458761
0.455654
0.452591
0.449574
0.446608
0.443694
0.440835
0.438035
0.435297
0.432622
0.430013
0.427474
0.425006
0.422612
0.420295
0.418056
0.415899
0.413824
0.411834
0.409932
0.408118
0.406395
0.404764
0.403228
0.401787
0.400443
0.399197
0.398051
0.397005
0.396061
0.39522
0.394482
0.393848
0.393319
0.392896
0.392578
0.392366
0.39226
0.60775
0.607644
0.607432
0.607114
0.606691
0.606162
0.605528
0.60479
0.603948
0.603004
0.601958
0.600812
0.599566
0.598222
0.596781
0.595244
0.593614
0.591891
0.590077
0.588174
0.586184
0.58411
0.581952
0.579713
0.577396
0.575002
0.572534
0.569995
0.567386
0.564711
0.561972
0.559172
0.556314
0.5534
0.550433
0.547416
0.544353
0.541246
0.538098
0.534913
0.531693
0.528442
0.525162
0.521858
0.518533
0.515189
0.51183
0.508459
0.50508
0.501696
0.498311
0.494927
0.491548
0.488177
0.484818
0.481474
0.478149
0.474845
0.471566
0.468314
0.465095
0.461909
0.458761
0.455654
0.452591
0.449574
0.446608
0.443694
0.440835
0.438035
0.435297
0.432622
0.430013
0.427474
0.425006
0.422612
0.420295
0.418056
0.415899
0.413824
0.411834
0.409932
0.408118
0.406395
0.404764
0.403228
0.401787
0.400443
0.399197
0.398051
0.397005
0.396061
0.39522
0.394482
0.393848
0.393319
0.392896
0.392578
0.392366
0.39226
0.60775
0.607644
0.607432
0.607114
0.606691
0.606162
0.605528
0.60479
0.603948
0.603004
0.601958
0.600812
0.599566
0.598222
0.596781
0.595244
0.593614
0.59189
0.590077
0.588174
0.586184
0.584109
0.581952
0.579713
0.577396
0.575002
0.572534
0.569995
0.567386
0.564711
0.561972
0.559172
0.556314
0.5534
0.550433
0.547416
0.544353
0.541246
0.538098
0.534913
0.531693
0.528441
0.525162
0.521858
0.518533
0.515189
0.51183
0.508459
0.50508
0.501696
0.498311
0.494927
0.491548
0.488177
0.484818
0.481474
0.478149
0.474845
0.471566
0.468314
0.465095
0.461909
0.458761
0.455654
0.452591
0.449574
0.446608
0.443694
0.440835
0.438035
0.435297
0.432622
0.430013
0.427474
0.425006
0.422612
0.420295
0.418056
0.415899
0.413824
0.411834
0.409932
0.408118
0.406395
0.404765
0.403228
0.401787
0.400443
0.399197
0.398051
0.397005
0.396061
0.39522
0.394482
0.393848
0.393319
0.392896
0.392578
0.392366
0.39226
0.60775
0.607644
0.607432
0.607114
0.606691
0.606161
0.605528
0.60479
0.603948
0.603004
0.601958
0.600812
0.599566
0.598222
0.596781
0.595244
0.593613
0.59189
0.590077
0.588174
0.586184
0.584109
0.581952
0.579713
0.577396
0.575002
0.572534
0.569994
0.567386
0.564711
0.561972
0.559172
0.556314
0.5534
0.550433
0.547416
0.544353
0.541246
0.538098
0.534913
0.531693
0.528441
0.525162
0.521858
0.518532
0.515189
0.51183
0.508459
0.50508
0.501696
0.498311
0.494927
0.491548
0.488177
0.484818
0.481474
0.478149
0.474845
0.471566
0.468314
0.465095
0.461909
0.458761
0.455654
0.452591
0.449574
0.446608
0.443694
0.440835
0.438035
0.435297
0.432622
0.430013
0.427474
0.425006
0.422612
0.420295
0.418056
0.415899
0.413824
0.411834
0.409932
0.408118
0.406395
0.404765
0.403228
0.401787
0.400443
0.399197
0.398051
0.397005
0.396061
0.39522
0.394482
0.393848
0.393319
0.392896
0.392578
0.392366
0.39226
0.60775
0.607644
0.607432
0.607114
0.60669
0.606161
0.605527
0.604789
0.603948
0.603004
0.601958
0.600812
0.599566
0.598222
0.596781
0.595244
0.593613
0.59189
0.590077
0.588174
0.586184
0.584109
0.581952
0.579713
0.577395
0.575002
0.572534
0.569994
0.567386
0.564711
0.561972
0.559172
0.556313
0.553399
0.550433
0.547416
0.544353
0.541246
0.538098
0.534912
0.531693
0.528441
0.525162
0.521858
0.518532
0.515189
0.51183
0.508459
0.50508
0.501696
0.498311
0.494927
0.491548
0.488177
0.484818
0.481474
0.478149
0.474845
0.471566
0.468314
0.465095
0.461909
0.458761
0.455654
0.452591
0.449575
0.446608
0.443694
0.440835
0.438035
0.435297
0.432622
0.430013
0.427474
0.425006
0.422612
0.420295
0.418057
0.415899
0.413824
0.411834
0.409932
0.408118
0.406395
0.404765
0.403228
0.401787
0.400443
0.399197
0.398051
0.397005
0.396061
0.39522
0.394482
0.393848
0.393319
0.392896
0.392578
0.392366
0.39226
0.60775
0.607644
0.607432
0.607114
0.60669
0.606161
0.605527
0.604789
0.603948
0.603004
0.601958
0.600812
0.599566
0.598222
0.596781
0.595244
0.593613
0.59189
0.590076
0.588174
0.586184
0.584109
0.581951
0.579713
0.577395
0.575002
0.572534
0.569994
0.567386
0.564711
0.561972
0.559172
0.556313
0.553399
0.550433
0.547416
0.544353
0.541246
0.538098
0.534912
0.531693
0.528441
0.525162
0.521858
0.518532
0.515188
0.51183
0.508459
0.50508
0.501696
0.498311
0.494927
0.491548
0.488177
0.484818
0.481474
0.478149
0.474845
0.471566
0.468314
0.465095
0.461909
0.458761
0.455654
0.452591
0.449575
0.446608
0.443694
0.440835
0.438036
0.435297
0.432622
0.430013
0.427474
0.425006
0.422613
0.420295
0.418057
0.415899
0.413824
0.411835
0.409932
0.408118
0.406395
0.404765
0.403228
0.401787
0.400443
0.399197
0.398051
0.397005
0.396062
0.39522
0.394482
0.393849
0.39332
0.392896
0.392578
0.392366
0.392261
0.607749
0.607644
0.607432
0.607114
0.60669
0.606161
0.605527
0.604789
0.603948
0.603004
0.601958
0.600812
0.599566
0.598222
0.59678
0.595244
0.593613
0.59189
0.590076
0.588174
0.586184
0.584109
0.581951
0.579713
0.577395
0.575001
0.572534
0.569994
0.567386
0.564711
0.561972
0.559172
0.556313
0.553399
0.550433
0.547416
0.544353
0.541246
0.538098
0.534912
0.531692
0.528441
0.525162
0.521858
0.518532
0.515188
0.51183
0.508459
0.50508
0.501696
0.498311
0.494927
0.491548
0.488177
0.484818
0.481474
0.478149
0.474845
0.471566
0.468314
0.465095
0.461909
0.458761
0.455654
0.452591
0.449575
0.446608
0.443694
0.440836
0.438036
0.435297
0.432622
0.430013
0.427474
0.425006
0.422613
0.420295
0.418057
0.415899
0.413824
0.411835
0.409932
0.408118
0.406395
0.404765
0.403228
0.401787
0.400443
0.399198
0.398051
0.397006
0.396062
0.39522
0.394482
0.393849
0.39332
0.392896
0.392578
0.392366
0.392261
0.607749
0.607644
0.607432
0.607114
0.60669
0.606161
0.605527
0.604789
0.603948
0.603003
0.601958
0.600811
0.599566
0.598221
0.59678
0.595244
0.593613
0.59189
0.590076
0.588173
0.586184
0.584109
0.581951
0.579712
0.577395
0.575001
0.572533
0.569994
0.567386
0.564711
0.561972
0.559172
0.556313
0.553399
0.550432
0.547416
0.544353
0.541245
0.538098
0.534912
0.531692
0.528441
0.525162
0.521858
0.518532
0.515188
0.511829
0.508459
0.50508
0.501696
0.498311
0.494927
0.491548
0.488177
0.484818
0.481474
0.478149
0.474845
0.471566
0.468314
0.465095
0.461909
0.458762
0.455654
0.452591
0.449575
0.446608
0.443694
0.440836
0.438036
0.435297
0.432622
0.430014
0.427474
0.425006
0.422613
0.420295
0.418057
0.415899
0.413824
0.411835
0.409932
0.408119
0.406396
0.404765
0.403229
0.401788
0.400443
0.399198
0.398051
0.397006
0.396062
0.395221
0.394483
0.393849
0.39332
0.392896
0.392578
0.392367
0.392261
0.607749
0.607643
0.607431
0.607113
0.60669
0.606161
0.605527
0.604789
0.603947
0.603003
0.601958
0.600811
0.599565
0.598221
0.59678
0.595243
0.593613
0.59189
0.590076
0.588173
0.586184
0.584109
0.581951
0.579712
0.577395
0.575001
0.572533
0.569994
0.567385
0.56471
0.561972
0.559171
0.556313
0.553399
0.550432
0.547416
0.544352
0.541245
0.538098
0.534912
0.531692
0.528441
0.525162
0.521858
0.518532
0.515188
0.511829
0.508459
0.50508
0.501696
0.498311
0.494927
0.491548
0.488177
0.484818
0.481474
0.478149
0.474845
0.471566
0.468315
0.465095
0.461909
0.458762
0.455655
0.452591
0.449575
0.446608
0.443694
0.440836
0.438036
0.435297
0.432622
0.430014
0.427474
0.425007
0.422613
0.420296
0.418057
0.415899
0.413825
0.411835
0.409932
0.408119
0.406396
0.404765
0.403229
0.401788
0.400444
0.399198
0.398052
0.397006
0.396062
0.395221
0.394483
0.393849
0.39332
0.392897
0.392579
0.392367
0.392261
0.607749
0.607643
0.607431
0.607113
0.606689
0.60616
0.605527
0.604789
0.603947
0.603003
0.601957
0.600811
0.599565
0.598221
0.59678
0.595243
0.593613
0.591889
0.590076
0.588173
0.586183
0.584109
0.581951
0.579712
0.577395
0.575001
0.572533
0.569994
0.567385
0.56471
0.561971
0.559171
0.556313
0.553399
0.550432
0.547416
0.544352
0.541245
0.538097
0.534912
0.531692
0.528441
0.525162
0.521858
0.518532
0.515188
0.511829
0.508459
0.50508
0.501696
0.498311
0.494927
0.491548
0.488177
0.484818
0.481474
0.478149
0.474845
0.471566
0.468315
0.465095
0.461909
0.458762
0.455655
0.452591
0.449575
0.446608
0.443694
0.440836
0.438036
0.435297
0.432622
0.430014
0.427474
0.425007
0.422613
0.420296
0.418057
0.4159
0.413825
0.411835
0.409933
0.408119
0.406396
0.404765
0.403229
0.401788
0.400444
0.399198
0.398052
0.397006
0.396062
0.395221
0.394483
0.393849
0.39332
0.392897
0.392579
0.392367
0.392261
0.607749
0.607643
0.607431
0.607113
0.606689
0.60616
0.605526
0.604788
0.603947
0.603003
0.601957
0.600811
0.599565
0.598221
0.59678
0.595243
0.593612
0.591889
0.590075
0.588173
0.586183
0.584108
0.581951
0.579712
0.577394
0.575001
0.572533
0.569994
0.567385
0.56471
0.561971
0.559171
0.556313
0.553399
0.550432
0.547415
0.544352
0.541245
0.538097
0.534912
0.531692
0.528441
0.525162
0.521858
0.518532
0.515188
0.511829
0.508459
0.50508
0.501696
0.498311
0.494927
0.491548
0.488177
0.484818
0.481474
0.478149
0.474845
0.471566
0.468315
0.465095
0.461909
0.458762
0.455655
0.452591
0.449575
0.446608
0.443694
0.440836
0.438036
0.435297
0.432622
0.430014
0.427475
0.425007
0.422613
0.420296
0.418057
0.4159
0.413825
0.411835
0.409933
0.408119
0.406396
0.404766
0.403229
0.401788
0.400444
0.399198
0.398052
0.397007
0.396063
0.395221
0.394483
0.39385
0.393321
0.392897
0.392579
0.392367
0.392262
0.607748
0.607643
0.607431
0.607113
0.606689
0.60616
0.605526
0.604788
0.603947
0.603003
0.601957
0.60081
0.599565
0.59822
0.596779
0.595243
0.593612
0.591889
0.590075
0.588173
0.586183
0.584108
0.58195
0.579712
0.577394
0.575
0.572533
0.569993
0.567385
0.56471
0.561971
0.559171
0.556313
0.553399
0.550432
0.547415
0.544352
0.541245
0.538097
0.534912
0.531692
0.528441
0.525162
0.521858
0.518532
0.515188
0.511829
0.508459
0.50508
0.501696
0.498311
0.494927
0.491548
0.488177
0.484818
0.481475
0.478149
0.474845
0.471566
0.468315
0.465095
0.46191
0.458762
0.455655
0.452592
0.449575
0.446608
0.443695
0.440836
0.438036
0.435297
0.432623
0.430014
0.427475
0.425007
0.422613
0.420296
0.418058
0.4159
0.413825
0.411836
0.409933
0.408119
0.406397
0.404766
0.403229
0.401788
0.400444
0.399199
0.398052
0.397007
0.396063
0.395222
0.394484
0.39385
0.393321
0.392897
0.392579
0.392368
0.392262
0.607748
0.607642
0.60743
0.607112
0.606689
0.60616
0.605526
0.604788
0.603946
0.603002
0.601956
0.60081
0.599564
0.59822
0.596779
0.595242
0.593612
0.591889
0.590075
0.588172
0.586183
0.584108
0.58195
0.579711
0.577394
0.575
0.572532
0.569993
0.567385
0.56471
0.561971
0.559171
0.556312
0.553398
0.550432
0.547415
0.544352
0.541245
0.538097
0.534912
0.531692
0.528441
0.525162
0.521858
0.518532
0.515188
0.511829
0.508459
0.50508
0.501696
0.498311
0.494927
0.491548
0.488177
0.484818
0.481475
0.478149
0.474845
0.471566
0.468315
0.465095
0.46191
0.458762
0.455655
0.452592
0.449575
0.446609
0.443695
0.440836
0.438036
0.435298
0.432623
0.430014
0.427475
0.425007
0.422614
0.420296
0.418058
0.4159
0.413826
0.411836
0.409933
0.40812
0.406397
0.404766
0.40323
0.401789
0.400445
0.399199
0.398053
0.397007
0.396063
0.395222
0.394484
0.39385
0.393321
0.392898
0.39258
0.392368
0.392262
0.607748
0.607642
0.60743
0.607112
0.606688
0.606159
0.605525
0.604787
0.603946
0.603002
0.601956
0.60081
0.599564
0.59822
0.596779
0.595242
0.593611
0.591888
0.590075
0.588172
0.586182
0.584107
0.58195
0.579711
0.577394
0.575
0.572532
0.569993
0.567384
0.564709
0.561971
0.559171
0.556312
0.553398
0.550431
0.547415
0.544352
0.541245
0.538097
0.534912
0.531692
0.528441
0.525161
0.521857
0.518532
0.515188
0.511829
0.508459
0.50508
0.501696
0.498311
0.494927
0.491548
0.488177
0.484818
0.481475
0.478149
0.474845
0.471566
0.468315
0.465095
0.46191
0.458762
0.455655
0.452592
0.449575
0.446609
0.443695
0.440837
0.438037
0.435298
0.432623
0.430015
0.427475
0.425008
0.422614
0.420297
0.418058
0.4159
0.413826
0.411836
0.409934
0.40812
0.406397
0.404767
0.40323
0.401789
0.400445
0.399199
0.398053
0.397007
0.396064
0.395222
0.394484
0.393851
0.393322
0.392898
0.39258
0.392368
0.392263
0.607747
0.607642
0.60743
0.607112
0.606688
0.606159
0.605525
0.604787
0.603946
0.603001
0.601956
0.600809
0.599564
0.598219
0.596778
0.595242
0.593611
0.591888
0.590074
0.588172
0.586182
0.584107
0.581949
0.579711
0.577393
0.575
0.572532
0.569993
0.567384
0.564709
0.56197
0.55917
0.556312
0.553398
0.550431
0.547415
0.544352
0.541244
0.538097
0.534911
0.531692
0.52844
0.525161
0.521857
0.518532
0.515188
0.511829
0.508459
0.50508
0.501696
0.49831
0.494927
0.491548
0.488177
0.484818
0.481475
0.478149
0.474845
0.471566
0.468315
0.465095
0.46191
0.458762
0.455655
0.452592
0.449576
0.446609
0.443695
0.440837
0.438037
0.435298
0.432623
0.430015
0.427476
0.425008
0.422614
0.420297
0.418058
0.415901
0.413826
0.411837
0.409934
0.40812
0.406397
0.404767
0.40323
0.401789
0.400445
0.3992
0.398053
0.397008
0.396064
0.395223
0.394485
0.393851
0.393322
0.392898
0.392581
0.392369
0.392263
0.607747
0.607641
0.607429
0.607111
0.606688
0.606158
0.605525
0.604787
0.603945
0.603001
0.601955
0.600809
0.599563
0.598219
0.596778
0.595241
0.593611
0.591888
0.590074
0.588171
0.586182
0.584107
0.581949
0.57971
0.577393
0.574999
0.572532
0.569992
0.567384
0.564709
0.56197
0.55917
0.556312
0.553398
0.550431
0.547415
0.544351
0.541244
0.538097
0.534911
0.531691
0.52844
0.525161
0.521857
0.518532
0.515188
0.511829
0.508459
0.50508
0.501696
0.49831
0.494927
0.491548
0.488177
0.484819
0.481475
0.478149
0.474845
0.471566
0.468315
0.465095
0.46191
0.458762
0.455655
0.452592
0.449576
0.446609
0.443695
0.440837
0.438037
0.435298
0.432623
0.430015
0.427476
0.425008
0.422615
0.420297
0.418059
0.415901
0.413826
0.411837
0.409934
0.408121
0.406398
0.404767
0.403231
0.40179
0.400446
0.3992
0.398054
0.397008
0.396064
0.395223
0.394485
0.393851
0.393322
0.392899
0.392581
0.392369
0.392263
0.607746
0.607641
0.607429
0.607111
0.606687
0.606158
0.605524
0.604786
0.603945
0.603001
0.601955
0.600809
0.599563
0.598219
0.596778
0.595241
0.59361
0.591887
0.590074
0.588171
0.586181
0.584106
0.581949
0.57971
0.577393
0.574999
0.572531
0.569992
0.567384
0.564709
0.56197
0.55917
0.556311
0.553397
0.550431
0.547414
0.544351
0.541244
0.538096
0.534911
0.531691
0.52844
0.525161
0.521857
0.518532
0.515188
0.511829
0.508458
0.50508
0.501696
0.49831
0.494927
0.491548
0.488177
0.484819
0.481475
0.478149
0.474845
0.471566
0.468315
0.465095
0.46191
0.458762
0.455656
0.452592
0.449576
0.446609
0.443695
0.440837
0.438037
0.435299
0.432624
0.430015
0.427476
0.425008
0.422615
0.420298
0.418059
0.415901
0.413827
0.411837
0.409935
0.408121
0.406398
0.404768
0.403231
0.40179
0.400446
0.3992
0.398054
0.397009
0.396065
0.395223
0.394486
0.393852
0.393323
0.392899
0.392581
0.39237
0.392264
0.607746
0.60764
0.607428
0.60711
0.606687
0.606158
0.605524
0.604786
0.603944
0.603
0.601955
0.600808
0.599562
0.598218
0.596777
0.59524
0.59361
0.591887
0.590073
0.58817
0.586181
0.584106
0.581948
0.57971
0.577392
0.574999
0.572531
0.569992
0.567383
0.564708
0.56197
0.55917
0.556311
0.553397
0.550431
0.547414
0.544351
0.541244
0.538096
0.534911
0.531691
0.52844
0.525161
0.521857
0.518531
0.515188
0.511829
0.508458
0.50508
0.501696
0.49831
0.494927
0.491548
0.488177
0.484819
0.481475
0.478149
0.474845
0.471566
0.468315
0.465096
0.46191
0.458763
0.455656
0.452593
0.449576
0.44661
0.443696
0.440837
0.438038
0.435299
0.432624
0.430016
0.427476
0.425009
0.422615
0.420298
0.418059
0.415902
0.413827
0.411838
0.409935
0.408121
0.406399
0.404768
0.403232
0.401791
0.400447
0.399201
0.398055
0.397009
0.396065
0.395224
0.394486
0.393852
0.393323
0.3929
0.392582
0.39237
0.392264
0.607746
0.60764
0.607428
0.60711
0.606686
0.606157
0.605523
0.604785
0.603944
0.603
0.601954
0.600808
0.599562
0.598218
0.596777
0.59524
0.593609
0.591886
0.590073
0.58817
0.58618
0.584106
0.581948
0.579709
0.577392
0.574998
0.572531
0.569991
0.567383
0.564708
0.561969
0.559169
0.556311
0.553397
0.55043
0.547414
0.544351
0.541244
0.538096
0.534911
0.531691
0.52844
0.525161
0.521857
0.518531
0.515188
0.511829
0.508458
0.50508
0.501696
0.49831
0.494927
0.491548
0.488177
0.484819
0.481475
0.478149
0.474845
0.471566
0.468315
0.465096
0.46191
0.458763
0.455656
0.452593
0.449576
0.44661
0.443696
0.440838
0.438038
0.435299
0.432624
0.430016
0.427477
0.425009
0.422615
0.420298
0.41806
0.415902
0.413828
0.411838
0.409935
0.408122
0.406399
0.404769
0.403232
0.401791
0.400447
0.399201
0.398055
0.39701
0.396066
0.395224
0.394486
0.393853
0.393324
0.3929
0.392582
0.392371
0.392265
0.607745
0.607639
0.607427
0.607109
0.606686
0.606157
0.605523
0.604785
0.603943
0.602999
0.601954
0.600807
0.599561
0.598217
0.596776
0.59524
0.593609
0.591886
0.590072
0.58817
0.58618
0.584105
0.581948
0.579709
0.577392
0.574998
0.57253
0.569991
0.567383
0.564708
0.561969
0.559169
0.556311
0.553397
0.55043
0.547414
0.54435
0.541243
0.538096
0.534911
0.531691
0.52844
0.525161
0.521857
0.518531
0.515187
0.511829
0.508458
0.50508
0.501696
0.49831
0.494927
0.491548
0.488177
0.484819
0.481475
0.478149
0.474846
0.471567
0.468316
0.465096
0.461911
0.458763
0.455656
0.452593
0.449577
0.44661
0.443696
0.440838
0.438038
0.435299
0.432625
0.430016
0.427477
0.425009
0.422616
0.420299
0.41806
0.415903
0.413828
0.411838
0.409936
0.408122
0.406399
0.404769
0.403233
0.401792
0.400448
0.399202
0.398056
0.39701
0.396066
0.395225
0.394487
0.393853
0.393324
0.392901
0.392583
0.392371
0.392265
0.607745
0.607639
0.607427
0.607109
0.606685
0.606156
0.605522
0.604784
0.603943
0.602999
0.601953
0.600807
0.599561
0.598217
0.596776
0.595239
0.593608
0.591885
0.590072
0.588169
0.58618
0.584105
0.581947
0.579709
0.577391
0.574998
0.57253
0.569991
0.567382
0.564707
0.561969
0.559169
0.55631
0.553396
0.55043
0.547413
0.54435
0.541243
0.538096
0.53491
0.531691
0.52844
0.525161
0.521857
0.518531
0.515187
0.511829
0.508458
0.505079
0.501696
0.49831
0.494927
0.491548
0.488177
0.484819
0.481475
0.47815
0.474846
0.471567
0.468316
0.465096
0.461911
0.458763
0.455656
0.452593
0.449577
0.44661
0.443696
0.440838
0.438038
0.4353
0.432625
0.430017
0.427477
0.42501
0.422616
0.420299
0.418061
0.415903
0.413828
0.411839
0.409936
0.408123
0.4064
0.404769
0.403233
0.401792
0.400448
0.399202
0.398056
0.397011
0.396067
0.395225
0.394488
0.393854
0.393325
0.392901
0.392583
0.392372
0.392266
0.607744
0.607638
0.607426
0.607108
0.606685
0.606156
0.605522
0.604784
0.603942
0.602998
0.601952
0.600806
0.59956
0.598216
0.596775
0.595239
0.593608
0.591885
0.590071
0.588169
0.586179
0.584104
0.581947
0.579708
0.577391
0.574997
0.572529
0.56999
0.567382
0.564707
0.561968
0.559168
0.55631
0.553396
0.550429
0.547413
0.54435
0.541243
0.538095
0.53491
0.53169
0.528439
0.52516
0.521856
0.518531
0.515187
0.511829
0.508458
0.505079
0.501696
0.49831
0.494927
0.491548
0.488178
0.484819
0.481475
0.47815
0.474846
0.471567
0.468316
0.465096
0.461911
0.458763
0.455657
0.452593
0.449577
0.446611
0.443697
0.440839
0.438039
0.4353
0.432625
0.430017
0.427478
0.42501
0.422617
0.420299
0.418061
0.415903
0.413829
0.411839
0.409937
0.408123
0.4064
0.40477
0.403234
0.401793
0.400449
0.399203
0.398057
0.397011
0.396067
0.395226
0.394488
0.393854
0.393326
0.392902
0.392584
0.392372
0.392267
0.607744
0.607638
0.607426
0.607108
0.606684
0.606155
0.605521
0.604783
0.603942
0.602998
0.601952
0.600806
0.59956
0.598216
0.596775
0.595238
0.593607
0.591884
0.590071
0.588168
0.586179
0.584104
0.581946
0.579708
0.57739
0.574997
0.572529
0.56999
0.567381
0.564707
0.561968
0.559168
0.55631
0.553396
0.550429
0.547413
0.54435
0.541243
0.538095
0.53491
0.53169
0.528439
0.52516
0.521856
0.518531
0.515187
0.511828
0.508458
0.505079
0.501696
0.49831
0.494927
0.491548
0.488178
0.484819
0.481475
0.47815
0.474846
0.471567
0.468316
0.465096
0.461911
0.458764
0.455657
0.452594
0.449577
0.446611
0.443697
0.440839
0.438039
0.4353
0.432626
0.430017
0.427478
0.425011
0.422617
0.4203
0.418061
0.415904
0.413829
0.41184
0.409937
0.408124
0.406401
0.404771
0.403234
0.401793
0.400449
0.399203
0.398057
0.397012
0.396068
0.395227
0.394489
0.393855
0.393326
0.392903
0.392585
0.392373
0.392267
0.607743
0.607637
0.607425
0.607107
0.606683
0.606154
0.605521
0.604783
0.603941
0.602997
0.601951
0.600805
0.599559
0.598215
0.596774
0.595237
0.593607
0.591884
0.59007
0.588168
0.586178
0.584103
0.581946
0.579707
0.57739
0.574996
0.572529
0.569989
0.567381
0.564706
0.561967
0.559168
0.556309
0.553395
0.550429
0.547413
0.544349
0.541242
0.538095
0.53491
0.53169
0.528439
0.52516
0.521856
0.518531
0.515187
0.511828
0.508458
0.505079
0.501696
0.49831
0.494927
0.491548
0.488178
0.484819
0.481475
0.47815
0.474846
0.471567
0.468316
0.465097
0.461911
0.458764
0.455657
0.452594
0.449578
0.446611
0.443697
0.440839
0.438039
0.435301
0.432626
0.430018
0.427479
0.425011
0.422618
0.4203
0.418062
0.415904
0.41383
0.41184
0.409938
0.408124
0.406402
0.404771
0.403235
0.401794
0.40045
0.399204
0.398058
0.397012
0.396068
0.395227
0.394489
0.393856
0.393327
0.392903
0.392585
0.392373
0.392268
0.607742
0.607637
0.607425
0.607107
0.606683
0.606154
0.60552
0.604782
0.60394
0.602996
0.601951
0.600804
0.599559
0.598214
0.596773
0.595237
0.593606
0.591883
0.59007
0.588167
0.586177
0.584103
0.581945
0.579707
0.577389
0.574996
0.572528
0.569989
0.567381
0.564706
0.561967
0.559167
0.556309
0.553395
0.550429
0.547412
0.544349
0.541242
0.538095
0.534909
0.53169
0.528439
0.52516
0.521856
0.518531
0.515187
0.511828
0.508458
0.505079
0.501696
0.49831
0.494927
0.491548
0.488178
0.484819
0.481475
0.47815
0.474846
0.471567
0.468316
0.465097
0.461912
0.458764
0.455657
0.452594
0.449578
0.446611
0.443698
0.44084
0.43804
0.435301
0.432626
0.430018
0.427479
0.425012
0.422618
0.420301
0.418062
0.415905
0.41383
0.411841
0.409938
0.408125
0.406402
0.404772
0.403235
0.401794
0.40045
0.399205
0.398059
0.397013
0.396069
0.395228
0.39449
0.393856
0.393327
0.392904
0.392586
0.392374
0.392268
0.607742
0.607636
0.607424
0.607106
0.606682
0.606153
0.605519
0.604781
0.60394
0.602996
0.60195
0.600804
0.599558
0.598214
0.596773
0.595236
0.593606
0.591883
0.590069
0.588166
0.586177
0.584102
0.581945
0.579706
0.577389
0.574995
0.572528
0.569988
0.56738
0.564705
0.561967
0.559167
0.556309
0.553395
0.550428
0.547412
0.544349
0.541242
0.538094
0.534909
0.53169
0.528439
0.52516
0.521856
0.51853
0.515187
0.511828
0.508458
0.505079
0.501696
0.49831
0.494927
0.491548
0.488178
0.484819
0.481475
0.47815
0.474846
0.471567
0.468317
0.465097
0.461912
0.458764
0.455658
0.452594
0.449578
0.446612
0.443698
0.44084
0.43804
0.435302
0.432627
0.430019
0.42748
0.425012
0.422618
0.420301
0.418063
0.415905
0.413831
0.411841
0.409939
0.408125
0.406403
0.404772
0.403236
0.401795
0.400451
0.399205
0.398059
0.397014
0.39607
0.395229
0.394491
0.393857
0.393328
0.392904
0.392587
0.392375
0.392269
0.607742
0.607636
0.607423
0.607105
0.606681
0.606152
0.605518
0.60478
0.603939
0.602995
0.601949
0.600803
0.599557
0.598213
0.596772
0.595236
0.593605
0.591882
0.590068
0.588166
0.586176
0.584102
0.581944
0.579706
0.577388
0.574995
0.572527
0.569988
0.56738
0.564705
0.561966
0.559166
0.556308
0.553394
0.550428
0.547412
0.544348
0.541242
0.538094
0.534909
0.531689
0.528438
0.525159
0.521856
0.51853
0.515187
0.511828
0.508458
0.505079
0.501696
0.49831
0.494927
0.491548
0.488178
0.484819
0.481476
0.47815
0.474846
0.471568
0.468317
0.465097
0.461912
0.458765
0.455658
0.452595
0.449579
0.446612
0.443698
0.44084
0.438041
0.435302
0.432627
0.430019
0.42748
0.425012
0.422619
0.420302
0.418063
0.415906
0.413831
0.411842
0.40994
0.408126
0.406403
0.404773
0.403236
0.401796
0.400452
0.399206
0.39806
0.397014
0.39607
0.395229
0.394491
0.393858
0.393329
0.392905
0.392587
0.392376
0.39227
)
;

boundaryField
{
    xmin
    {
        type            zeroGradient;
    }
    xmax
    {
        type            zeroGradient;
    }
    ymin
    {
        type            zeroGradient;
    }
    ymax
    {
        type            zeroGradient;
    }
    zmin
    {
        type            empty;
    }
    zmax
    {
        type            empty;
    }
}


// ************************************************************************* //
