/*--------------------------------*- C++ -*----------------------------------*\
  =========                 |
  \\      /  F ield         | OpenFOAM: The Open Source CFD Toolbox
   \\    /   O peration     | Website:  https://openfoam.org
    \\  /    A nd           | Version:  6
     \\/     M anipulation  |
\*---------------------------------------------------------------------------*/
FoamFile
{
    version     2.0;
    format      ascii;
    class       volScalarField;
    location    "0";
    object      p;
}
// * * * * * * * * * * * * * * * * * * * * * * * * * * * * * * * * * * * * * //

dimensions      [0 2 -2 0 0 0 0];

internalField   nonuniform List<scalar> 
5200
(
-0.146817
-0.13245
-0.111223
-0.0888997
-0.068502
-0.0512321
-0.0372826
-0.0263621
-0.0179771
-0.012162
-0.225419
-0.210769
-0.188677
-0.164599
-0.141565
-0.120963
-0.103215
-0.0882258
-0.0756502
-0.0653934
-0.301122
-0.286243
-0.263485
-0.238038
-0.212906
-0.189602
-0.168729
-0.150383
-0.134403
-0.120756
-0.372067
-0.357001
-0.33373
-0.307223
-0.28044
-0.254975
-0.231571
-0.210477
-0.191674
-0.175147
-0.436505
-0.421289
-0.397627
-0.370304
-0.342234
-0.315062
-0.28963
-0.266298
-0.245148
-0.226179
-0.492845
-0.47751
-0.453554
-0.425612
-0.396553
-0.368053
-0.341022
-0.315899
-0.292839
-0.271863
-0.539692
-0.524267
-0.500093
-0.471693
-0.441895
-0.41239
-0.384136
-0.357625
-0.333069
-0.310517
-0.575886
-0.560393
-0.536067
-0.507343
-0.477018
-0.446792
-0.41765
-0.390126
-0.364469
-0.340755
-0.600526
-0.58499
-0.560566
-0.531635
-0.500971
-0.470278
-0.440559
-0.412372
-0.385991
-0.361513
-0.612999
-0.597441
-0.572969
-0.543937
-0.513107
-0.482184
-0.452181
-0.423666
-0.396926
-0.372069
0.393982
0.375753
0.346478
0.315081
0.284796
0.256855
0.231634
0.209117
0.189115
0.171813
0.385074
0.375236
0.351251
0.321331
0.291128
0.262819
0.237107
0.214094
0.193638
0.176013
0.361383
0.360987
0.347118
0.323332
0.296095
0.269018
0.243667
0.22059
0.199877
0.182036
0.325377
0.330919
0.327221
0.312512
0.291532
0.268347
0.245297
0.223528
0.203513
0.186148
0.278598
0.28751
0.291722
0.286202
0.273144
0.255953
0.237183
0.218388
0.200411
0.184568
0.22231
0.233203
0.243051
0.245402
0.240318
0.230058
0.216874
0.202412
0.187732
0.174487
0.157919
0.170056
0.18385
0.192468
0.194535
0.191179
0.184094
0.174764
0.16428
0.154479
0.0870143
0.0999863
0.116573
0.13004
0.138153
0.141127
0.140052
0.136111
0.130295
0.124453
0.0113391
0.0249071
0.0435118
0.0607084
0.0737901
0.082302
0.0867893
0.0880859
0.0869972
0.0852563
-0.0672475
-0.0532314
-0.0331334
-0.0130547
0.00406714
0.0173197
0.0268112
0.0330388
0.0365393
0.0385773
0.1492
0.124314
0.103878
0.0874395
0.0740367
0.0629985
0.0538268
0.0461455
0.0396672
0.0341689
0.0294763
0.0254516
0.0219844
0.018986
0.0163844
0.0141206
0.0121458
0.0104198
0.00890887
0.00758465
0.00642327
0.00540448
0.00451105
0.00372823
0.00304345
0.00244589
0.00192629
0.00147672
0.00109042
0.000761636
0.000485527
0.000258082
7.60358e-05
-6.31719e-05
-0.00016144
-0.000220026
-0.000239562
-0.000220045
-0.000160829
-6.06024e-05
0.152634
0.126829
0.105796
0.0888994
0.0751609
0.0638756
0.0545195
0.0466988
0.0401134
0.034532
0.029774
0.0256973
0.0221884
0.0191563
0.0165272
0.0142408
0.0122474
0.010506
0.00898214
0.00764715
0.00647674
0.00545033
0.00455045
0.00376218
0.00307275
0.00247122
0.00194822
0.00149573
0.0011069
0.000775903
0.000497858
0.000268695
8.51093e-05
-5.54971e-05
-0.000155056
-0.000214854
-0.000235548
-0.000217161
-0.000159067
-6.00029e-05
0.157995
0.131065
0.109194
0.0915695
0.0772616
0.0655388
0.055847
0.0477671
0.04098
0.0352402
0.0303566
0.0261794
0.0225895
0.0194916
0.0168087
0.0144781
0.0124481
0.0106763
0.00912707
0.00777084
0.00658256
0.0055411
0.00462849
0.00382942
0.00313079
0.00252141
0.00199169
0.0015334
0.00113956
0.000804196
0.000522317
0.000289756
0.000103125
-4.02506e-05
-0.000142365
-0.000204565
-0.000227558
-0.000211415
-0.000155554
-5.88074e-05
0.162778
0.135624
0.113259
0.0949705
0.080048
0.0678062
0.0576919
0.0492728
0.0422142
0.0362567
0.0311979
0.0268789
0.0231736
0.0199813
0.0172208
0.014826
0.0127428
0.0109266
0.00934028
0.00795292
0.00673844
0.00567487
0.00474353
0.00392856
0.00321641
0.00259547
0.00205584
0.00158902
0.00118779
0.000846005
0.000558481
0.000320917
0.000129798
-1.76579e-05
-0.000123543
-0.000189289
-0.000215682
-0.000202867
-0.000150327
-5.70284e-05
0.164138
0.138759
0.116918
0.0984432
0.0831093
0.0704167
0.0598844
0.0511025
0.0437386
0.0375274
0.0322592
0.0277675
0.0239197
0.0206095
0.0177511
0.0152749
0.0131238
0.0112508
0.0096168
0.0081893
0.00694098
0.00584877
0.00489318
0.00405759
0.00332787
0.00269193
0.00213943
0.00166153
0.00125071
0.000900574
0.000605719
0.000361656
0.000164707
1.19458e-05
-9.88465e-05
-0.000169217
-0.000200057
-0.000191605
-0.000143439
-5.46847e-05
0.159552
0.13868
0.118969
0.101209
0.0859431
0.0730433
0.0622084
0.053111
0.0454533
0.0389825
0.0334907
0.0288089
0.0248007
0.0213556
0.018384
0.0158126
0.0135815
0.011641
0.00995021
0.00847471
0.00718577
0.00605915
0.00507433
0.00421388
0.00346295
0.00280888
0.00224083
0.00174955
0.00132715
0.000966917
0.000663206
0.000411292
0.000207296
4.81187e-05
-6.86186e-05
-0.000144604
-0.00018086
-0.000177748
-0.000134959
-5.18007e-05
0.14726
0.133824
0.118227
0.102438
0.0879877
0.0753092
0.0644102
0.0551255
0.0472391
0.0405381
0.0348321
0.0299592
0.0257841
0.0221952
0.0191004
0.0164242
0.0141039
0.0120879
0.0103328
0.00880281
0.00746756
0.00630157
0.00528325
0.00439425
0.00361895
0.00294403
0.00235809
0.0018514
0.00141567
0.00104383
0.000729935
0.00046899
0.000256887
9.03176e-05
-3.32807e-05
-0.000115766
-0.000158315
-0.000161439
-0.000124974
-4.84061e-05
0.126429
0.123054
0.113652
0.101323
0.0886588
0.0768059
0.0662078
0.056951
0.0489601
0.0420981
0.0362148
0.0311683
0.0268327
0.0231
0.0198789
0.0170929
0.0146779
0.0125805
0.0107558
0.00916635
0.00778032
0.00657099
0.00551567
0.00459508
0.00379278
0.00309473
0.00248893
0.00196515
0.00151463
0.00112993
0.000804736
0.000533779
0.000312683
0.000137904
6.67014e-06
-8.3073e-05
-0.000132686
-0.000142853
-0.000113583
-4.45346e-05
0.0970807
0.105738
0.104431
0.0971309
0.0873797
0.0771092
0.0672987
0.0583747
0.0504664
0.0435564
0.0375624
0.0323805
0.0279053
0.0240391
0.0206956
0.0178
0.0152886
0.0131071
0.0112097
0.00955739
0.00811741
0.00686182
0.00576688
0.00481236
0.00398099
0.00325804
0.00263086
0.00208865
0.0016222
0.00122364
0.000886293
0.000604561
0.000373782
0.000190154
5.06661e-05
-4.69532e-05
-0.000104274
-0.000122183
-0.000100897
-4.02227e-05
0.0603986
0.0821388
0.0903093
0.0894542
0.0837594
0.0759005
0.0674421
0.0592204
0.0516307
0.0448207
0.0388077
0.0335461
0.0289643
0.0249836
0.021528
0.0185279
0.0159218
0.0136561
0.0116846
0.00996787
0.00847207
0.00716831
0.00603194
0.00504184
0.00417996
0.00343081
0.00278113
0.00221956
0.00173637
0.00132325
0.000973154
0.000680121
0.000439182
0.000246255
9.80704e-05
-7.88694e-06
-7.34202e-05
-9.96492e-05
-8.70289e-05
-3.55052e-05
0.0227033
0.0545105
0.070271
0.0755332
0.0744468
0.0698693
0.0636565
0.0569284
0.0503115
0.0441239
0.038502
0.0334809
0.0290423
0.0251429
0.0217292
0.0187466
0.016143
0.0138711
0.0118887
0.0101586
0.00864872
0.00733101
0.00618133
0.00517885
0.00430561
0.00354613
0.00288707
0.00231697
0.00182596
0.0014056
0.00104868
0.000749104
0.000501735
0.000302331
0.00014745
3.43974e-05
-3.88265e-05
-7.35607e-05
-7.05096e-05
-2.97972e-05
-0.00515298
0.0291562
0.0490171
0.0586194
0.061447
0.0601154
0.0564522
0.0516574
0.0464745
0.0413369
0.036479
0.0320125
0.027977
0.0243713
0.0211725
0.018348
0.0158613
0.0136764
0.011759
0.0100779
0.00860492
0.00731523
0.00618685
0.00520054
0.00433954
0.00358923
0.00293689
0.00237153
0.00188362
0.00146495
0.00110846
0.000808135
0.000558893
0.000356481
0.000197412
7.89013e-05
-1.1804e-06
-4.43476e-05
-5.15277e-05
-2.31014e-05
-0.0267828
0.0074748
0.0296755
0.0424246
0.0484339
0.0499473
0.0486557
0.0457521
0.0420348
0.0380128
0.033995
0.0301577
0.0265925
0.0233385
0.0204034
0.0177772
0.0154403
0.0133691
0.0115385
0.00992385
0.00850213
0.00725204
0.00615437
0.00519193
0.00434943
0.00361341
0.00297199
0.00241481
0.00193281
0.0015181
0.00116388
0.00086429
0.000614339
0.000409813
0.000247209
0.000123681
3.69863e-05
-1.45489e-05
-3.20659e-05
-1.62152e-05
-0.0436417
-0.0106278
0.0125877
0.0274195
0.035865
0.039752
0.0405664
0.0394293
0.0371412
0.0342486
0.03111
0.0279509
0.0249063
0.022051
0.0194215
0.0170299
0.0148736
0.0129419
0.0112195
0.00968918
0.00833337
0.00713501
0.00607807
0.00514774
0.00433059
0.0036145
0.00298868
0.00244355
0.00197064
0.00156253
0.00121274
0.000915651
0.000666416
0.000460907
0.000295645
0.000167752
7.48975e-05
1.52665e-05
-1.24816e-05
-9.26192e-06
-0.0566066
-0.0254651
-0.00217355
0.0138677
0.0240621
0.0298373
0.0324458
0.0328948
0.0319467
0.030153
0.0278981
0.0254405
0.0229483
0.0205262
0.0182356
0.0161091
0.0141606
0.0123921
0.0107981
0.0093692
0.00809379
0.00695935
0.00595336
0.00506372
0.00427907
0.00358892
0.00298371
0.00245482
0.00199451
0.00159592
0.001253
0.000960415
0.000713549
0.000508405
0.000341568
0.000210161
0.000111798
4.45437e-05
6.87881e-06
-2.36083e-06
-0.0663963
-0.0374362
-0.0147033
0.00186998
0.0132221
0.0204277
0.0245062
0.0263297
0.026596
0.0258363
0.0244399
0.0226835
0.0207575
0.0187895
0.0168615
0.0150241
0.0133058
0.0117209
0.0102735
0.00896198
0.00778073
0.00672202
0.00577705
0.00493667
0.00419181
0.00353376
0.00295438
0.00244613
0.00200215
0.00161622
0.00128279
0.000996935
0.000754286
0.000551041
0.000383894
0.000250008
0.000146969
7.27531e-05
2.56849e-05
4.37445e-06
-0.0736135
-0.0469501
-0.0251844
-0.00858273
0.0034426
0.0116712
0.0169075
0.0198838
0.0212178
0.0214025
0.0208165
0.0197408
0.0183785
0.0168725
0.015321
0.0137891
0.0123183
0.0109335
0.00964833
0.00846824
0.00739367
0.00642169
0.00554735
0.00476454
0.00406663
0.00344685
0.00289857
0.00241548
0.00199166
0.00162167
0.00130054
0.00102376
0.00078733
0.000587672
0.000421637
0.000286463
0.000179746
9.94012e-05
4.36278e-05
1.08375e-05
-0.0787658
-0.0543927
-0.0338386
-0.0175684
-0.0052522
0.00365244
0.00976145
0.0136734
0.0159198
0.0169449
0.0171043
0.0166728
0.0158575
0.01481
0.0136395
0.0124222
0.0112105
0.0100385
0.00892788
0.00789105
0.00693409
0.00605875
0.00526388
0.00454645
0.00390233
0.00332679
0.0028148
0.00236136
0.00196159
0.00161087
0.00130489
0.00103966
0.000811561
0.000617298
0.00045392
0.000318783
0.000209526
0.000124039
6.04253e-05
1.6931e-05
-0.0822772
-0.0601119
-0.0408967
-0.025204
-0.0128886
-0.00359355
0.00313813
0.00778317
0.0107879
0.0125426
0.0133719
0.0135368
0.0132405
0.0126379
0.0118444
0.0109442
0.00999763
0.00904664
0.00811977
0.00723555
0.00640528
0.0056351
0.00492753
0.00428259
0.00369863
0.00317295
0.00270223
0.0022828
0.00191089
0.00158277
0.00129484
0.00104366
0.000826062
0.000639078
0.000479996
0.000346325
0.000235784
0.00014627
7.58264e-05
2.25677e-05
-0.0844984
-0.064413
-0.0465822
-0.0316251
-0.0195255
-0.0100682
-0.00292637
0.00226987
0.005887
0.00825998
0.00967869
0.0103842
0.0105709
0.0103916
0.00996406
0.00937709
0.00869664
0.00797068
0.0072334
0.00650854
0.00581202
0.005154
0.00454042
0.00397419
0.0034561
0.00298547
0.00256066
0.00217938
0.00183899
0.0015367
0.00126965
0.00103503
0.000830125
0.000652346
0.000499256
0.000368554
0.000258074
0.000165755
8.96148e-05
2.76724e-05
-0.0857158
-0.0675584
-0.0511017
-0.0369722
-0.0252408
-0.0157983
-0.00842218
-0.00283333
0.00126249
0.00414696
0.00607344
0.00725998
0.00788799
0.00810447
0.00802595
0.00774309
0.00732521
0.00682447
0.00627944
0.00571811
0.00516035
0.00461985
0.00410566
0.0036234
0.00317614
0.00276517
0.00239048
0.00205117
0.00174575
0.00147237
0.00122895
0.00101331
0.000823264
0.000656617
0.000511239
0.000385054
0.000276042
0.00018222
0.000101612
3.21822e-05
-0.0861614
-0.0697702
-0.0546408
-0.0413822
-0.0301217
-0.0208274
-0.0133588
-0.00751212
-0.00305662
0.000239981
0.00259499
0.00420181
0.00522636
0.00580692
0.00605614
0.006064
0.0059012
0.00562243
0.00526936
0.00487327
0.00445724
0.00403798
0.00362727
0.00323316
0.00286086
0.00251351
0.00219265
0.00189875
0.00163144
0.00138983
0.00117262
0.000978305
0.000805211
0.000651586
0.000515631
0.000395525
0.000289423
0.000195451
0.000111678
3.60476e-05
-0.0860218
-0.0712343
-0.0573628
-0.0449834
-0.0342577
-0.0252088
-0.0177592
-0.0117668
-0.00705502
-0.00343626
-0.00072741
0.00124013
0.00261536
0.00352593
0.0040785
0.00436042
0.00444201
0.004379
0.00421498
0.00398355
0.00371029
0.00341437
0.0031099
0.00280705
0.00251298
0.00223249
0.00196863
0.00172313
0.00149674
0.00128949
0.00110088
0.000930063
0.000775916
0.000637131
0.00051227
0.000399788
0.000298045
0.000205305
0.000119713
3.92324e-05
-0.0854457
-0.0721051
-0.059409
-0.0478928
-0.0377363
-0.0290004
-0.0216554
-0.0156083
-0.0107283
-0.0068671
-0.00387299
-0.00160146
7.91418e-05
0.00128466
0.00211432
0.00265131
0.0029641
0.00310822
0.00312808
0.00305872
0.00292751
0.00275551
0.00255874
0.0023492
0.00213571
0.00192461
0.0017203
0.00152573
0.00134267
0.00117207
0.00101421
0.000868883
0.000735532
0.000613306
0.000501139
0.000397782
0.000301827
0.000211701
0.000125659
4.17139e-05
-0.0845511
-0.0725095
-0.0609005
-0.0502151
-0.0406401
-0.0322615
-0.0250845
-0.0190552
-0.0140806
-0.010046
-0.00682836
-0.00430559
-0.00236317
-0.000897564
0.00018208
0.000953657
0.00148269
0.00182341
0.00202011
0.00210849
0.00211702
0.00206813
0.00197932
0.00186408
0.00173266
0.00159273
0.00144993
0.00130829
0.00117057
0.00103857
0.000913331
0.000795282
0.00068441
0.000580328
0.000482357
0.00038956
0.000300777
0.000214625
0.000129492
4.34826e-05
-0.0834311
-0.0725516
-0.0619402
-0.0520427
-0.0430455
-0.0350499
-0.0280864
-0.0221312
-0.0171221
-0.0129732
-0.00958634
-0.00686037
-0.00469704
-0.00300511
-0.0017026
-0.00071763
1.15049e-05
0.00053691
0.000901954
0.00114228
0.00128687
0.00135904
0.00137734
0.00135642
0.00130771
0.00124002
0.00116007
0.00107285
0.000982054
0.000890261
0.000799215
0.00070998
0.000623074
0.00053857
0.000456176
0.00037528
0.000294985
0.000214119
0.000131231
4.45416e-05
-0.0821587
-0.072316
-0.0626146
-0.0534562
-0.0450216
-0.0374206
-0.0307012
-0.0248626
-0.0198673
-0.0156535
-0.0121448
-0.00925862
-0.00691206
-0.00502581
-0.00352686
-0.00234979
-0.00143731
-0.000740072
-0.00021628
0.000169062
0.00044491
0.000634989
0.000758551
0.000831086
0.000864941
0.000869869
0.000853491
0.000821694
0.000778949
0.000728588
0.000673012
0.000613874
0.000552209
0.000488541
0.000422966
0.0003552
0.000284622
0.000210287
0.000130927
4.49059e-05
-0.0807911
-0.0718716
-0.0629964
-0.0545252
-0.0466304
-0.0394249
-0.0329685
-0.0272774
-0.0223338
-0.0180957
-0.0145055
-0.011497
-0.0090014
-0.0069506
-0.00528045
-0.00393218
-0.00285324
-0.00199754
-0.00132535
-0.000802802
-0.000401419
-9.74676e-05
0.000128646
0.000292962
0.000408506
0.000485773
0.000533142
0.000557244
0.000563262
0.00055519
0.00053604
0.000508013
0.000472638
0.000430876
0.000383203
0.000329667
0.000269928
0.000203282
0.000128662
4.46014e-05
-0.0793725
-0.071274
-0.0631461
-0.0553096
-0.0479267
-0.0411096
-0.0349258
-0.0294037
-0.0245407
-0.0203113
-0.0166734
-0.0135755
-0.0109613
-0.00877317
-0.00695552
-0.00545612
-0.00422738
-0.00322677
-0.00241695
-0.00176562
-0.00124513
-0.000832083
-0.000506859
-0.000253133
-5.74262e-05
9.13074e-05
0.000202053
0.000282062
0.00033713
0.000371837
0.000389748
0.000393572
0.000385302
0.000366315
0.000337457
0.000299105
0.000251206
0.000193304
0.000124549
4.36639e-05
-0.077937
-0.070568
-0.063114
-0.0558607
-0.0489585
-0.0425174
-0.0366084
-0.0312688
-0.026508
-0.0223131
-0.0186557
-0.0154965
-0.0127904
-0.0104896
-0.00854632
-0.00691478
-0.00555236
-0.00442024
-0.00348377
-0.00271244
-0.00207977
-0.00156298
-0.00114269
-0.000802519
-0.000528749
-0.000309957
-0.0001367
-1.22644e-06
0.000102775
0.000180395
0.000235689
0.000271829
0.000291237
0.000295685
0.000286377
0.000264008
0.000228814
0.000180594
0.000118726
4.21383e-05
-0.076511
-0.0697895
-0.062942
-0.0562219
-0.0497681
-0.0436862
-0.0380489
-0.0328993
-0.0282555
-0.0241153
-0.020461
-0.0172643
-0.0144896
-0.0120979
-0.010049
-0.00830298
-0.00682222
-0.00557165
-0.00451943
-0.00363708
-0.00289948
-0.00228472
-0.00177387
-0.00135071
-0.00100148
-0.000714509
-0.000480054
-0.000289971
-0.00013753
-1.72064e-05
7.54845e-05
0.000144132
0.000191553
0.000219886
0.000230674
0.000224926
0.000203159
0.00016543
0.000111354
4.00764e-05
-0.0751143
-0.0689673
-0.0626646
-0.0564301
-0.0503919
-0.04465
-0.039277
-0.0343198
-0.0298029
-0.0257322
-0.0220992
-0.0188845
-0.0160612
-0.0135979
-0.0114612
-0.00961701
-0.00803232
-0.00667581
-0.00551851
-0.0045341
-0.00369899
-0.00299231
-0.00239577
-0.00189349
-0.00147178
-0.00111894
-0.000824996
-0.000581538
-0.000381503
-0.000219008
-8.91974e-05
1.1886e-05
8.74148e-05
0.000139869
0.000171112
0.000182451
0.000174681
0.000148115
0.000102609
3.75369e-05
-0.073762
-0.0681245
-0.06231
-0.0565166
-0.0508614
-0.0454388
-0.0403198
-0.0355534
-0.0311688
-0.0271783
-0.0235806
-0.0203639
-0.0175087
-0.0149905
-0.012782
-0.0108544
-0.00917914
-0.00772852
-0.00647644
-0.00539878
-0.00447362
-0.00368123
-0.00300412
-0.00242687
-0.00193605
-0.00151997
-0.0011686
-0.000873343
-0.000626881
-0.000423047
-0.000256672
-0.00012348
-1.99786e-05
5.66247e-05
0.000108492
0.000137213
0.000143852
0.000128977
9.26845e-05
3.45832e-05
-0.0724654
-0.0672793
-0.0619018
-0.0565076
-0.0512038
-0.0460788
-0.0412014
-0.0366214
-0.032371
-0.0284676
-0.0249157
-0.0217097
-0.0188366
-0.0162778
-0.0140115
-0.0120138
-0.0102602
-0.00872651
-0.00738946
-0.00622713
-0.00521927
-0.00434745
-0.00359504
-0.00294722
-0.00239088
-0.00191451
-0.00150807
-0.00116288
-0.000871448
-0.000627383
-0.000425261
-0.000260529
-0.000129412
-2.88376e-05
4.3634e-05
8.98607e-05
0.000111164
0.000108359
8.17834e-05
3.12825e-05
-0.0712324
-0.0664462
-0.0614592
-0.0564253
-0.0514425
-0.0465933
-0.0419435
-0.037543
-0.0334261
-0.0296137
-0.026115
-0.0229296
-0.0200499
-0.0174626
-0.0151507
-0.0130946
-0.0112738
-0.00966734
-0.00825455
-0.00701576
-0.00593242
-0.0049874
-0.00416504
-0.00345117
-0.00283312
-0.00229963
-0.00184074
-0.00144774
-0.00111306
-0.000830124
-0.00059331
-0.000397834
-0.000239673
-0.000115501
-2.2627e-05
4.10578e-05
7.71197e-05
8.66153e-05
7.0116e-05
2.77047e-05
-0.0700692
-0.0656367
-0.0609979
-0.0562884
-0.0515976
-0.0470022
-0.0425653
-0.0383358
-0.0343493
-0.0306293
-0.0271886
-0.0240313
-0.0211541
-0.0185483
-0.0162012
-0.0140972
-0.0122192
-0.0105492
-0.00906934
-0.00776189
-0.00661004
-0.00559796
-0.00471099
-0.00393569
-0.00325989
-0.00267262
-0.00216409
-0.00172565
-0.00134966
-0.00102944
-0.00075921
-0.000533995
-0.000349561
-0.000202356
-8.94592e-05
-8.52993e-06
4.2229e-05
6.4104e-05
5.78959e-05
2.39208e-05
-0.0689796
-0.0648598
-0.0605308
-0.0561123
-0.051686
-0.0473232
-0.0430838
-0.0390155
-0.0351546
-0.0315263
-0.0281464
-0.0250223
-0.0221547
-0.0195386
-0.0171651
-0.0150222
-0.0130959
-0.011371
-0.00983202
-0.00846326
-0.00724956
-0.0061764
-0.00523012
-0.00439804
-0.00366853
-0.00303097
-0.00247581
-0.00199446
-0.00157929
-0.00122358
-0.000921411
-0.000667659
-0.000457908
-0.000288412
-0.000156041
-5.82426e-05
6.99762e-06
4.11839e-05
4.53379e-05
2.00025e-05
-0.0679665
-0.0641224
-0.0600684
-0.0559102
-0.0517224
-0.0475714
-0.0435139
-0.0395963
-0.0358547
-0.0323158
-0.0289975
-0.0259101
-0.0230573
-0.0204375
-0.018045
-0.0158709
-0.0139041
-0.012132
-0.0105413
-0.00911808
-0.00784887
-0.0067204
-0.00572001
-0.00483579
-0.00405666
-0.0033724
-0.00277372
-0.00225215
-0.00180013
-0.00141089
-0.00107843
-0.000797523
-0.000563587
-0.000372709
-0.000221574
-0.000107434
-2.80769e-05
1.82084e-05
3.26537e-05
1.60206e-05
-0.0670316
-0.0634299
-0.0596194
-0.0556929
-0.0517192
-0.0477599
-0.0438688
-0.0400905
-0.0364611
-0.033008
-0.0297507
-0.0267017
-0.0238674
-0.021249
-0.0188435
-0.0166449
-0.0146444
-0.012832
-0.0111961
-0.00972494
-0.00840623
-0.007228
-0.00617856
-0.00524678
-0.00442213
-0.00369483
-0.00305584
-0.00249689
-0.00201046
-0.00158981
-0.00122889
-0.000922353
-0.000665522
-0.000454325
-0.000285286
-0.000155481
-6.2512e-05
-4.47845e-06
2.00502e-05
1.20443e-05
-0.0661757
-0.0627867
-0.0591906
-0.0554695
-0.0516868
-0.0479
-0.0441598
-0.0405093
-0.0369841
-0.033612
-0.0304138
-0.0274037
-0.0245902
-0.0219769
-0.0195634
-0.0173457
-0.0153176
-0.0134709
-0.0117961
-0.0102828
-0.00892023
-0.00769753
-0.00660396
-0.00562912
-0.00476305
-0.00399639
-0.00332039
-0.00272697
-0.00220871
-0.0017589
-0.00137146
-0.00104099
-0.000762695
-0.000532387
-0.000346444
-0.000201785
-9.5845e-05
-2.65462e-05
7.72678e-06
8.14031e-06
-0.0653994
-0.0621958
-0.0587877
-0.0552477
-0.0516343
-0.0480013
-0.0443968
-0.0408624
-0.0374328
-0.0341361
-0.030994
-0.0280222
-0.0252307
-0.0226253
-0.0202074
-0.0179753
-0.0159247
-0.0140492
-0.0123408
-0.0107909
-0.00938974
-0.00812762
-0.00699467
-0.00598117
-0.00507774
-0.00427541
-0.00356575
-0.00294085
-0.00239344
-0.00191683
-0.00150495
-0.00115235
-0.000854159
-0.000606076
-0.000404358
-0.000245784
-0.000127638
-4.76811e-05
-4.1273e-06
4.37229e-06
-0.0647025
-0.0616598
-0.0584152
-0.0550336
-0.0515691
-0.0480722
-0.0445885
-0.0411582
-0.0378152
-0.0345878
-0.031498
-0.0285628
-0.0257936
-0.0231977
-0.0207783
-0.0185355
-0.0164667
-0.0145671
-0.0128303
-0.0112486
-0.00981388
-0.00851714
-0.00734937
-0.00630152
-0.00536472
-0.00453042
-0.00379046
-0.00313716
-0.00256334
-0.00206239
-0.00162826
-0.00125545
-0.000939037
-0.000674633
-0.000458385
-0.000286952
-0.000157481
-6.75894e-05
-1.53343e-05
7.9986e-07
-0.0640848
-0.0611803
-0.0580769
-0.0548324
-0.0514974
-0.0481196
-0.0447422
-0.0414041
-0.0381385
-0.0349735
-0.0319317
-0.0290306
-0.026283
-0.0236974
-0.0212787
-0.0190282
-0.0169449
-0.0150253
-0.0132644
-0.0116558
-0.010192
-0.00886517
-0.00766697
-0.00658895
-0.00562274
-0.00476014
-0.00399327
-0.00331465
-0.00271724
-0.0021945
-0.00174038
-0.00134939
-0.00101653
-0.000737365
-0.000507939
-0.000324807
-0.000184999
-8.6e-05
-2.57301e-05
-2.52179e-06
-0.0635459
-0.0607588
-0.0577756
-0.0546484
-0.0514246
-0.0481493
-0.0448642
-0.0416064
-0.0384087
-0.035299
-0.0323
-0.0294301
-0.0267027
-0.0241277
-0.0217109
-0.0194551
-0.0173603
-0.0154245
-0.0136435
-0.012012
-0.0105236
-0.00917099
-0.00794658
-0.00684247
-0.0058507
-0.00496343
-0.00417305
-0.00347225
-0.00285412
-0.00231219
-0.00184043
-0.00143335
-0.00108593
-0.000793647
-0.000552488
-0.000358913
-0.000209848
-0.000102667
-3.51654e-05
-5.54242e-06
-0.0630853
-0.0603963
-0.0575138
-0.054485
-0.0513549
-0.0481664
-0.0449596
-0.0417704
-0.0386311
-0.0355691
-0.0326076
-0.0297652
-0.0270562
-0.0244912
-0.0220771
-0.0198177
-0.0177141
-0.0157652
-0.0139677
-0.0123173
-0.0108083
-0.009434
-0.00818745
-0.0070612
-0.00604769
-0.00513937
-0.00432886
-0.00360903
-0.00297309
-0.00241461
-0.00192763
-0.00150664
-0.00114659
-0.000842928
-0.000591562
-0.000388881
-0.000231726
-0.000117371
-4.35071e-05
-8.21723e-06
-0.0627024
-0.0600933
-0.0572931
-0.0543449
-0.0512918
-0.0481749
-0.0450328
-0.0419006
-0.03881
-0.0357881
-0.0328583
-0.0300394
-0.0273464
-0.0247904
-0.0223793
-0.0201176
-0.0180073
-0.016048
-0.0142374
-0.0125717
-0.0110458
-0.00965376
-0.008389
-0.00724447
-0.00621295
-0.00528715
-0.0044599
-0.0037242
-0.00307337
-0.00250106
-0.00200132
-0.00156865
-0.00119798
-0.000884731
-0.000624754
-0.000414377
-0.000250367
-0.000129921
-5.06392e-05
-1.05072e-05
-0.0623967
-0.0598505
-0.057115
-0.0542305
-0.0512382
-0.048178
-0.0450873
-0.0420006
-0.0389489
-0.0359593
-0.033055
-0.0302553
-0.0275755
-0.0250273
-0.0226191
-0.020356
-0.0182407
-0.0162735
-0.0144527
-0.012775
-0.011236
-0.00982993
-0.00855075
-0.00739171
-0.00634586
-0.00540613
-0.0045655
-0.00381711
-0.00315435
-0.00257093
-0.00206094
-0.00161887
-0.00123965
-0.000918656
-0.000651721
-0.000435116
-0.000265551
-0.000140157
-5.6464e-05
-1.23793e-05
-0.0621679
-0.0596682
-0.0569806
-0.0541432
-0.0511962
-0.0481781
-0.0451258
-0.0420731
-0.0390506
-0.0360853
-0.0332004
-0.0304154
-0.0277457
-0.0252036
-0.0227977
-0.0205339
-0.0184151
-0.0164422
-0.014614
-0.0129275
-0.0113787
-0.00996226
-0.00867235
-0.00750251
-0.00644596
-0.0054958
-0.00464515
-0.00388723
-0.00321551
-0.00262374
-0.00210603
-0.00165688
-0.00127121
-0.000944383
-0.000672189
-0.000450871
-0.000277097
-0.000147948
-6.09025e-05
-1.38069e-05
-0.0620156
-0.0595465
-0.0568906
-0.0540844
-0.0511673
-0.0481772
-0.0451504
-0.0421203
-0.0391173
-0.0361683
-0.0332964
-0.0305211
-0.0278583
-0.0253204
-0.0229162
-0.020652
-0.0185311
-0.0165545
-0.0147214
-0.0130291
-0.0114738
-0.0100506
-0.00875356
-0.00757654
-0.00651288
-0.00555578
-0.00469846
-0.00393419
-0.0032565
-0.00265915
-0.00213629
-0.0016824
-0.00129241
-0.000961669
-0.00068595
-0.000461471
-0.00028487
-0.000153197
-6.38948e-05
-1.477e-05
-0.0619394
-0.0594856
-0.0568454
-0.0540548
-0.0511526
-0.0481765
-0.0451624
-0.0421436
-0.0391503
-0.0362094
-0.033344
-0.0305737
-0.0279144
-0.0253786
-0.0229753
-0.0207109
-0.0185889
-0.0166106
-0.014775
-0.0130799
-0.0115214
-0.0100947
-0.0087942
-0.00761361
-0.00654639
-0.00558584
-0.00472518
-0.00395774
-0.00327705
-0.00267692
-0.00215147
-0.00169521
-0.00130306
-0.000970352
-0.000692866
-0.000466799
-0.000288779
-0.000155838
-6.5401e-05
-1.52549e-05
-0.343533
-0.334336
-0.316232
-0.289817
-0.255967
-0.215816
-0.170719
-0.122199
-0.0721521
-0.0244059
-0.313091
-0.305698
-0.29111
-0.269742
-0.242206
-0.209303
-0.172007
-0.131416
-0.0889003
-0.0478158
-0.286238
-0.280263
-0.268453
-0.251108
-0.228669
-0.20171
-0.170922
-0.137082
-0.101178
-0.0657755
-0.262576
-0.257713
-0.248086
-0.233915
-0.215522
-0.193324
-0.167828
-0.13961
-0.109396
-0.0789918
-0.241719
-0.237732
-0.229832
-0.218181
-0.203019
-0.184658
-0.163474
-0.139902
-0.114478
-0.0884061
-0.223309
-0.220018
-0.21349
-0.203849
-0.191276
-0.17601
-0.158335
-0.138584
-0.117156
-0.0948172
-0.207029
-0.204293
-0.198862
-0.190832
-0.180343
-0.16758
-0.152762
-0.136148
-0.118039
-0.0988928
-0.192599
-0.19031
-0.185761
-0.179028
-0.170224
-0.159491
-0.147005
-0.132967
-0.11761
-0.101178
-0.179779
-0.17785
-0.174014
-0.168333
-0.160895
-0.151816
-0.141237
-0.129319
-0.116241
-0.102108
-0.168361
-0.166724
-0.163468
-0.158642
-0.152319
-0.144594
-0.13558
-0.125408
-0.114221
-0.102031
-0.158166
-0.156767
-0.153984
-0.149859
-0.14445
-0.137837
-0.130112
-0.121383
-0.111767
-0.101217
-0.14904
-0.147837
-0.145444
-0.141895
-0.137239
-0.131543
-0.124884
-0.117352
-0.109044
-0.0998767
-0.140854
-0.139813
-0.137741
-0.134668
-0.130635
-0.125699
-0.119924
-0.113389
-0.106172
-0.0981737
-0.133494
-0.132587
-0.130782
-0.128104
-0.12459
-0.120286
-0.115249
-0.109545
-0.103242
-0.0962322
-0.126864
-0.126069
-0.124486
-0.122138
-0.119057
-0.115282
-0.110862
-0.105856
-0.100319
-0.0941468
-0.12088
-0.120179
-0.118783
-0.116712
-0.113993
-0.110662
-0.106762
-0.102341
-0.0974512
-0.0919891
-0.115472
-0.114849
-0.113611
-0.111772
-0.109359
-0.106402
-0.10294
-0.099014
-0.0946704
-0.0898127
-0.110577
-0.110021
-0.108915
-0.107273
-0.105119
-0.102478
-0.0993861
-0.0958799
-0.0919995
-0.0876572
-0.106141
-0.105641
-0.104648
-0.103173
-0.101238
-0.0988671
-0.0960896
-0.0929398
-0.0894535
-0.0855516
-0.102118
-0.101666
-0.100768
-0.0994365
-0.0976885
-0.0955464
-0.0930372
-0.0901915
-0.0870414
-0.0835168
-0.0984674
-0.0980559
-0.0972399
-0.0960299
-0.0944419
-0.0924958
-0.0902161
-0.0876305
-0.084768
-0.0815674
-0.0951532
-0.0947766
-0.0940307
-0.0929252
-0.0914742
-0.0896963
-0.0876134
-0.0852509
-0.0826352
-0.0797133
-0.0921447
-0.0917982
-0.0911126
-0.0900968
-0.0887637
-0.0871304
-0.0852168
-0.0830461
-0.0806426
-0.0779611
-0.0894151
-0.0890944
-0.0884607
-0.0875222
-0.0862908
-0.0847821
-0.0830144
-0.081009
-0.0787884
-0.0763145
-0.0869405
-0.0866421
-0.0860532
-0.0851815
-0.084038
-0.0826368
-0.0809952
-0.0791325
-0.0770697
-0.0747753
-0.0847003
-0.0844211
-0.083871
-0.0830571
-0.0819895
-0.0806814
-0.0791488
-0.0774095
-0.0754831
-0.073344
-0.0826761
-0.0824136
-0.0818971
-0.0811332
-0.0801314
-0.078904
-0.0774656
-0.0758332
-0.0740246
-0.0720201
-0.0808521
-0.080604
-0.0801166
-0.0793961
-0.0784513
-0.0772938
-0.0759371
-0.074397
-0.0726904
-0.0708022
-0.0792143
-0.0789786
-0.0785165
-0.0778336
-0.0769382
-0.0758411
-0.0745551
-0.0730949
-0.0714764
-0.0696887
-0.0777505
-0.0775256
-0.0770853
-0.0764349
-0.0755824
-0.0745376
-0.0733126
-0.0719214
-0.0703788
-0.0686776
-0.0764499
-0.0762343
-0.0758129
-0.0751907
-0.0743751
-0.0733754
-0.0722031
-0.0708712
-0.0693938
-0.067767
-0.0753033
-0.0750958
-0.0746907
-0.0740927
-0.0733089
-0.0723481
-0.0712209
-0.0699398
-0.068518
-0.0669545
-0.0743027
-0.0741021
-0.073711
-0.0731338
-0.0723772
-0.0714496
-0.0703609
-0.069123
-0.0677483
-0.0662384
-0.0734413
-0.0732465
-0.0728673
-0.0723079
-0.0715745
-0.0706749
-0.0696188
-0.0684171
-0.0670819
-0.0656165
-0.0727132
-0.0725234
-0.0721543
-0.0716098
-0.0708958
-0.0700198
-0.0689908
-0.0678191
-0.0665164
-0.0650873
-0.0721136
-0.0719279
-0.0715672
-0.0710352
-0.0703373
-0.0694806
-0.0684737
-0.0673263
-0.0660495
-0.0646492
-0.0716385
-0.0714563
-0.0711025
-0.0705805
-0.0698956
-0.0690544
-0.068065
-0.0669366
-0.0656796
-0.0643009
-0.0712849
-0.0711054
-0.070757
-0.0702431
-0.0695683
-0.0687389
-0.0677626
-0.0666482
-0.0654053
-0.0640414
-0.0710505
-0.0708731
-0.0705288
-0.0700208
-0.0693534
-0.0685325
-0.0675653
-0.0664599
-0.0652256
-0.06387
-0.0709337
-0.0707578
-0.0704164
-0.0699124
-0.0692499
-0.0684342
-0.067472
-0.066371
-0.0651399
-0.063786
-0.0118332
-0.0176597
-0.0260566
-0.0369895
-0.0509519
-0.0682348
-0.0886455
-0.110981
-0.132218
-0.146592
-0.0651143
-0.0753816
-0.0879681
-0.102969
-0.120729
-0.141342
-0.164388
-0.188477
-0.210578
-0.225234
-0.120523
-0.134181
-0.15017
-0.168526
-0.18941
-0.212725
-0.237867
-0.263323
-0.286089
-0.300974
-0.174958
-0.191493
-0.210304
-0.231407
-0.25482
-0.280294
-0.307087
-0.333602
-0.35688
-0.37195
-0.226028
-0.245004
-0.266161
-0.289501
-0.314941
-0.34212
-0.370198
-0.397528
-0.421196
-0.436415
-0.271747
-0.292729
-0.315794
-0.340924
-0.367961
-0.396467
-0.425532
-0.45348
-0.477441
-0.492778
-0.310431
-0.332988
-0.357548
-0.384064
-0.412323
-0.441833
-0.471635
-0.50004
-0.524217
-0.539645
-0.340696
-0.364414
-0.390074
-0.417602
-0.446747
-0.476977
-0.507305
-0.536032
-0.560361
-0.575854
-0.361479
-0.385959
-0.412342
-0.440531
-0.470252
-0.500947
-0.531613
-0.560546
-0.584971
-0.600508
-0.372058
-0.396915
-0.423656
-0.452172
-0.482176
-0.513099
-0.543929
-0.572962
-0.597435
-0.612993
0.172457
0.189743
0.209731
0.232236
0.257447
0.28538
0.31566
0.347055
0.37633
0.394559
0.176653
0.194263
0.214705
0.237707
0.263409
0.29171
0.321907
0.351825
0.375808
0.385643
0.182668
0.200494
0.221194
0.244259
0.2696
0.296669
0.323901
0.347681
0.361544
0.361934
0.186765
0.204116
0.224118
0.245875
0.268914
0.292091
0.313062
0.327763
0.331451
0.325901
0.185163
0.200991
0.218955
0.237738
0.256497
0.273677
0.286724
0.292233
0.288009
0.279088
0.17505
0.188282
0.202949
0.217397
0.230569
0.240817
0.245888
0.243524
0.233663
0.22276
0.155003
0.164791
0.175262
0.184579
0.19165
0.194992
0.192911
0.184279
0.170472
0.158326
0.124933
0.130762
0.136565
0.140491
0.141553
0.138565
0.130437
0.116955
0.100356
0.0873751
0.0856872
0.0874157
0.0884912
0.087181
0.0826796
0.0741532
0.0610569
0.0438463
0.0252293
0.0116535
0.0389573
0.0369074
0.0333941
0.0271533
0.0176481
0.00438158
-0.0127542
-0.0328461
-0.0529554
-0.0669788
0.00675251
0.00647991
0.00562917
0.00481391
0.0042736
0.00392868
0.00372496
0.00362746
0.00361483
0.00367498
0.00380201
0.00399423
0.00425292
0.0045816
0.00498563
0.00547208
0.00604963
0.00672875
0.0075218
0.00844337
0.00951059
0.0107436
0.0121664
0.013807
0.0156993
0.0178835
0.0204082
0.0233324
0.0267281
0.030684
0.0353104
0.040745
0.0471624
0.0547853
0.0639013
0.0748866
0.0882393
0.104631
0.125024
0.149871
0.00657037
0.00630988
0.00550138
0.00472774
0.00421726
0.00389272
0.00370255
0.00361407
0.00360766
0.0036724
0.00380317
0.00399878
0.0042608
0.00459298
0.00500087
0.00549165
0.00607418
0.00675904
0.00755881
0.00848825
0.00956476
0.0108088
0.0122447
0.013901
0.0158121
0.0180191
0.0205715
0.0235297
0.0269673
0.0309755
0.0356674
0.0411855
0.0477101
0.0554727
0.0647734
0.076006
0.0896946
0.106545
0.127535
0.1533
0.00621441
0.00597806
0.00525322
0.0045616
0.00410923
0.00382397
0.00365971
0.00358842
0.00359389
0.00366749
0.00380555
0.00400779
0.00427639
0.00461552
0.00503103
0.0055304
0.00612276
0.00681902
0.00763206
0.00857707
0.00967193
0.0109377
0.0123994
0.0140866
0.0160348
0.0182865
0.0208932
0.0239176
0.0274367
0.0315457
0.0363637
0.0420407
0.0487674
0.0567896
0.0664264
0.0780969
0.0923554
0.109933
0.131761
0.158652
0.00570135
0.00550086
0.00489931
0.00432753
0.00395841
0.00372833
0.00360001
0.00355251
0.00357455
0.00366068
0.0038092
0.00402108
0.00429933
0.00464867
0.00507542
0.00558747
0.00619433
0.00690736
0.00773994
0.00870785
0.00982966
0.0111273
0.0126268
0.0143591
0.0163612
0.0186777
0.0213627
0.0244822
0.0281173
0.0323688
0.0373627
0.043258
0.0502569
0.0586188
0.0686787
0.0808687
0.0957423
0.113985
0.136307
0.163421
0.00505623
0.00490266
0.00446125
0.00404291
0.00377707
0.00361357
0.00352798
0.00350879
0.00355082
0.00365239
0.0038141
0.00403835
0.00432907
0.00469169
0.00513307
0.0056616
0.00628733
0.00702215
0.00788009
0.00887767
0.0100343
0.0113731
0.0129212
0.0147113
0.0167822
0.019181
0.0219647
0.025203
0.0289815
0.0334066
0.0386107
0.0447604
0.0520654
0.0607908
0.0712693
0.0839108
0.099196
0.117624
0.139422
0.164759
0.0043126
0.0042157
0.00396719
0.00372947
0.00357956
0.00348816
0.00344825
0.00345962
0.0035238
0.00364301
0.00382017
0.00405915
0.0043649
0.00474358
0.00520268
0.00575118
0.00639974
0.00716091
0.00804946
0.00908276
0.0102813
0.0116693
0.0132754
0.015134
0.0172861
0.0197812
0.0226793
0.0260534
0.0299934
0.0346095
0.0400383
0.0464485
0.0540481
0.0630899
0.0738716
0.0867206
0.101938
0.119651
0.139317
0.160145
0.00351312
0.00348017
0.00345144
0.00341168
0.00338023
0.00335965
0.00336461
0.00340685
0.00349429
0.00363271
0.00382718
0.00408295
0.00440596
0.00480315
0.00528271
0.00585427
0.00652916
0.00732065
0.00824436
0.00931858
0.0105649
0.0120088
0.0136806
0.0156162
0.0178588
0.02046
0.0234824
0.0270017
0.0311097
0.0359181
0.0415621
0.0482036
0.0560328
0.0652626
0.0761089
0.0887369
0.103138
0.118879
0.134429
0.147817
0.00271132
0.00274535
0.00295349
0.00311396
0.0031907
0.00323312
0.00327936
0.00335158
0.00346277
0.00362156
0.00383483
0.0041091
0.00445127
0.00486907
0.00537142
0.00596865
0.0066728
0.00749796
0.00846057
0.00957995
0.0108788
0.0123839
0.0141269
0.0161454
0.0184841
0.0211966
0.0243469
0.0280112
0.0322811
0.0372643
0.0430868
0.0498902
0.0578248
0.0670274
0.0775732
0.0893754
0.10199
0.114269
0.123622
0.126944
0.00197619
0.00207305
0.00251573
0.00285528
0.00301636
0.00311011
0.00319325
0.00329432
0.00342951
0.00360954
0.00384277
0.00413689
0.00449973
0.00493984
0.00546685
0.00609185
0.00682762
0.00768904
0.00869345
0.00986115
0.0112159
0.0127856
0.0146032
0.0167075
0.0191444
0.0219681
0.0252422
0.0290416
0.0334525
0.0385725
0.0445067
0.0513593
0.0592121
0.0680825
0.0778408
0.0880603
0.0977608
0.105009
0.106263
0.0975485
0.00140333
0.001548
0.0021751
0.00263877
0.00285379
0.00298921
0.00310628
0.00323546
0.0033948
0.00359662
0.00385062
0.00416557
0.0045502
0.00501386
0.00556695
0.00622127
0.00699038
0.00788997
0.00893822
0.0101564
0.0115691
0.0132053
0.0150989
0.0172894
0.0198228
0.0227527
0.0261407
0.0300561
0.034575
0.039776
0.0457305
0.052484
0.060019
0.0681875
0.0765936
0.0844009
0.0900436
0.090845
0.082618
0.0608169
0.00112055
0.00127967
0.00190159
0.00240357
0.00267179
0.00285095
0.00300277
0.00315972
0.00334168
0.00356251
0.00383312
0.00416315
0.00456206
0.00503971
0.00560691
0.00627576
0.00706
0.00797542
0.00904019
0.0102753
0.0117049
0.0133572
0.0152642
0.0174632
0.0199964
0.022911
0.026259
0.030095
0.0344724
0.0394344
0.0449991
0.0511313
0.0576942
0.0643694
0.07053
0.0750552
0.0760886
0.0707713
0.0549526
0.0230836
0.00112212
0.0012609
0.00172609
0.00217286
0.00247479
0.00269288
0.00287734
0.00306007
0.00326199
0.00349801
0.00377986
0.00411783
0.00452172
0.00500156
0.0055681
0.00623318
0.00701008
0.00791379
0.0089614
0.0101723
0.0115686
0.0131753
0.0150205
0.0171355
0.0195545
0.0223136
0.0254491
0.0289937
0.03297
0.0373792
0.0421816
0.0472651
0.052395
0.0571377
0.0607491
0.0620287
0.059148
0.0494909
0.0295725
-0.00479608
0.00120474
0.0013143
0.00164499
0.00201035
0.00230699
0.00254404
0.00275124
0.00295439
0.00317291
0.00342164
0.00371256
0.00405618
0.00446245
0.00494134
0.00550336
0.0061599
0.00692352
0.0078082
0.00882955
0.010005
0.011354
0.0128978
0.0146597
0.0166642
0.0189364
0.0215
0.0243745
0.0275698
0.031078
0.03486
0.038824
0.0427934
0.0464591
0.0493116
0.0505524
0.0489876
0.0429261
0.0301231
0.00786677
-0.0264473
0.00129066
0.00137362
0.00161088
0.00190129
0.00217189
0.00241008
0.00262859
0.00284501
0.0030754
0.00333331
0.00363025
0.00397653
0.00438191
0.00485609
0.00540913
0.00605174
0.00679553
0.00765318
0.00863854
0.00976669
0.0110539
0.0125173
0.0141747
0.0160431
0.0181379
0.02047
0.0230417
0.0258408
0.028831
0.031937
0.0350237
0.0378655
0.0401035
0.0411909
0.0403269
0.0363899
0.0278935
0.0130096
-0.0102592
-0.0433264
0.00135563
0.00141755
0.0015931
0.00182399
0.00206243
0.00229051
0.00251058
0.00273306
0.00296998
0.00323285
0.00353212
0.00387748
0.00427817
0.00474337
0.00528247
0.0059053
0.0066223
0.00744458
0.00838396
0.00945286
0.010664
0.0120301
0.0135629
0.0152719
0.0171624
0.0192325
0.0214683
0.0238371
0.0262774
0.0286843
0.0308896
0.0326344
0.0335343
0.0330375
0.030381
0.0245575
0.0143141
-0.00177696
-0.0251191
-0.0563105
0.00139406
0.00144015
0.00157499
0.00176129
0.00196886
0.00218131
0.00239604
0.00261831
0.00285651
0.00311986
0.00341739
0.00375783
0.00414965
0.00460126
0.00512116
0.0057181
0.00640115
0.00717965
0.00806316
0.0090612
0.0101828
0.0114359
0.0128261
0.0143554
0.0160192
0.0178038
0.0196802
0.0215979
0.0234747
0.025183
0.0265322
0.0272454
0.0269331
0.0250636
0.0209393
0.0136875
0.00228866
-0.0143318
-0.0371122
-0.0661188
0.00140644
0.00144078
0.00154826
0.0017017
0.00188237
0.00207737
0.0022824
0.00249953
0.0027343
0.00299373
0.00328534
0.00361667
0.00399521
0.00442841
0.0049237
0.00548858
0.00613057
0.00685709
0.00767527
0.00859159
0.00961128
0.0107374
0.0119698
0.0133028
0.0147231
0.0162056
0.017709
0.0191678
0.020484
0.0215144
0.0220559
0.0218271
0.0204495
0.0174296
0.0121499
0.0038775
-0.00819184
-0.0248378
-0.0466478
-0.0733543
0.00139494
0.00142051
0.00150905
0.00163813
0.00179621
0.00197385
0.00216666
0.00237499
0.00260228
0.00285371
0.00313528
0.00345329
0.0038141
0.00422403
0.00468934
0.00521611
0.00581019
0.00647698
0.0072211
0.00804593
0.0089529
0.00994045
0.0110026
0.0121271
0.0132923
0.0144639
0.0155898
0.0165935
0.0173659
0.0177551
0.017554
0.0164876
0.0142003
0.0102475
0.00409755
-0.00484808
-0.0172054
-0.0335168
-0.0541119
-0.0785247
0.00136197
0.00138084
0.00145577
0.00156641
0.00170564
0.00186676
0.002046
0.00224283
0.00245929
0.00269904
0.0029667
0.0032673
0.00360601
0.00398795
0.00441807
0.00490098
0.00544077
0.00604075
0.00670302
0.00742792
0.0082132
0.00905292
0.0099359
0.0108437
0.0117479
0.0126064
0.0133589
0.0139213
0.0141779
0.013974
0.013106
0.0113131
0.00827024
0.0035872
-0.00318248
-0.0125156
-0.0248691
-0.0405997
-0.0598526
-0.0820542
0.00130967
0.0013233
0.00138801
0.00148422
0.00160748
0.0017531
0.00191804
0.0021014
0.00230425
0.00252908
0.00277925
0.00305859
0.00337106
0.00372053
0.00411059
0.00454432
0.00502404
0.00555097
0.00612475
0.00674279
0.0073994
0.00808463
0.00878268
0.0094699
0.0101122
0.0106615
0.011052
0.0111947
0.0109719
0.0102307
0.0087766
0.00636847
0.00271632
-0.00251487
-0.00969158
-0.0191839
-0.0313184
-0.0463101
-0.0641753
-0.0842936
0.00123989
0.0012493
0.00130595
0.00139041
0.00149978
0.00163079
0.001781
0.00194938
0.00213634
0.00234341
0.00257288
0.00282742
0.00310982
0.0034227
0.00376827
0.00414807
0.00456267
0.00501127
0.00549115
0.005997
0.00652
0.00704665
0.0075572
0.00802376
0.00840779
0.00865718
0.0087026
0.00845337
0.00779292
0.00657421
0.00461574
0.00169943
-0.00242815
-0.00804873
-0.0154565
-0.0249308
-0.0366938
-0.0508546
-0.0673423
-0.0855292
0.00115425
0.00116014
0.00121011
0.00128455
0.00138148
0.00149851
0.00163368
0.00178588
0.00195504
0.00214191
0.00234781
0.00257439
0.00282329
0.00309588
0.00339305
0.00371483
0.00406009
0.00442612
0.004808
0.00519796
0.00558442
0.00595084
0.00627425
0.00652347
0.00665686
0.00661979
0.00634157
0.00573218
0.00467897
0.00304361
0.000660163
-0.00266483
-0.00714871
-0.0130237
-0.0205208
-0.0298434
-0.0411322
-0.0544188
-0.0695758
-0.0859933
0.00105417
0.00105705
0.00110118
0.0011667
0.00125212
0.00135559
0.00147541
0.00161045
0.0017602
0.00192476
0.00210464
0.00230048
0.00251286
0.00274198
0.00298742
0.00324779
0.00352038
0.00380066
0.00408176
0.00435373
0.00460261
0.0048094
0.00494864
0.00498678
0.00488031
0.00457352
0.00399611
0.00306074
0.00166072
-0.000331598
-0.00306525
-0.00670885
-0.0114455
-0.0174629
-0.0249374
-0.0340113
-0.0447619
-0.0571659
-0.0710618
-0.0858723
0.000940963
0.000941201
0.000979996
0.00103727
0.00111175
0.00120184
0.00130602
0.00142303
0.00155203
0.00169252
0.00184425
0.00200699
0.00218031
0.0023633
0.00255433
0.00275066
0.0029481
0.00314054
0.00331935
0.00347271
0.00358475
0.00363452
0.00359478
0.00343052
0.00309741
0.00253995
0.0016897
0.000463467
-0.00123796
-0.00353044
-0.00654562
-0.0104281
-0.0153293
-0.0213979
-0.0287645
-0.0375218
-0.0476999
-0.0592373
-0.0719545
-0.085315
0.000815896
0.000813755
0.000847503
0.000896904
0.000960734
0.00103752
0.00112573
0.00122398
0.00133109
0.00144603
0.00156787
0.00169556
0.00182775
0.00196251
0.00209706
0.00222746
0.0023482
0.00245173
0.00252794
0.00256347
0.00254096
0.00243804
0.00222635
0.00187025
0.00132549
0.000537884
-0.000558068
-0.00204024
-0.00399948
-0.00653931
-0.00977429
-0.0138264
-0.0188187
-0.0248659
-0.0320609
-0.0404576
-0.0500507
-0.0607541
-0.0723808
-0.0844392
0.000680205
0.000675886
0.000704726
0.000746441
0.000799756
0.000863175
0.00093511
0.00101398
0.00109826
0.00118646
0.00127701
0.00136812
0.00145759
0.00154256
0.00161923
0.00168255
0.00172584
0.00174036
0.00171477
0.00163449
0.00148105
0.00123122
0.000856078
0.00032004
-0.000420217
-0.00141676
-0.00273127
-0.00443559
-0.0066117
-0.0093508
-0.0127511
-0.0169138
-0.021937
-0.0279066
-0.0348846
-0.0428948
-0.0519068
-0.0618189
-0.0724448
-0.0833381
0.000535131
0.000528793
0.000552774
0.000586873
0.000629695
0.000679649
0.000735013
0.000793989
0.000854719
0.00091525
0.000973447
0.00102685
0.00107248
0.00110663
0.00112461
0.0011204
0.00108633
0.00101264
0.00088701
0.000693998
0.000414399
2.45414e-05
-0.000504482
-0.00120762
-0.00212664
-0.00331082
-0.00481746
-0.00671192
-0.0090672
-0.0119625
-0.0154809
-0.0197048
-0.0247106
-0.03056
-0.0372903
-0.0449027
-0.0533486
-0.0625184
-0.0722312
-0.0820846
0.00038194
0.000373711
0.000392831
0.000419316
0.000451613
0.000487985
0.000526533
0.000565218
0.000601851
0.000634052
0.000659162
0.000674107
0.000675229
0.000658074
0.000617144
0.000545607
0.000434961
0.00027465
5.16252e-05
-0.000250151
-0.000650251
-0.00117238
-0.00184499
-0.00270188
-0.0037828
-0.00513376
-0.0068073
-0.00886215
-0.0113625
-0.0143762
-0.0179723
-0.0222167
-0.0271671
-0.0328654
-0.0393294
-0.0465428
-0.0544457
-0.0629251
-0.0718086
-0.0807358
0.000221925
0.000211916
0.000226146
0.00024499
0.000266713
0.000289402
0.000310955
0.000329078
0.000341259
0.000344718
0.000336318
0.000312436
0.000268808
0.000200327
0.000100815
-3.72448e-05
-0.000223019
-0.000467668
-0.000784735
-0.00119058
-0.00170483
-0.00235088
-0.00315635
-0.00415353
-0.00537973
-0.00687744
-0.00869423
-0.0108823
-0.0134972
-0.0165964
-0.0202363
-0.0244685
-0.0293346
-0.0348605
-0.0410485
-0.0478701
-0.0552579
-0.0630994
-0.0712325
-0.0793357
5.64118e-05
4.47223e-05
5.40306e-05
6.52016e-05
7.63132e-05
8.52574e-05
8.97162e-05
8.71374e-05
7.46985e-05
4.92461e-05
7.20875e-06
-5.55221e-05
-0.000143742
-0.000263117
-0.000420391
-0.000623636
-0.000882524
-0.00120864
-0.0016158
-0.00212046
-0.00274203
-0.00350329
-0.00443075
-0.00555487
-0.0069103
-0.00853583
-0.010474
-0.0127707
-0.0154735
-0.0186302
-0.0222859
-0.0264798
-0.0312404
-0.0365802
-0.0424901
-0.0489325
-0.0558363
-0.0630916
-0.0705478
-0.0779187
-0.000113243
-0.000126521
-0.000122159
-0.000118676
-0.000118183
-0.000122988
-0.000135629
-0.000158912
-0.000195956
-0.000250259
-0.000325781
-0.000427058
-0.000559343
-0.00072877
-0.000942546
-0.00120917
-0.00153867
-0.00194289
-0.00243575
-0.00303356
-0.0037553
-0.00462291
-0.00566153
-0.00689964
-0.00836905
-0.0101048
-0.0121446
-0.0145281
-0.0172955
-0.0204861
-0.024135
-0.0282706
-0.0329106
-0.0380571
-0.043692
-0.0497721
-0.0562244
-0.0629435
-0.0697902
-0.0765108
-0.000285658
-0.000300436
-0.000301026
-0.000305217
-0.000315305
-0.000333794
-0.000363439
-0.000407291
-0.000468749
-0.00055162
-0.000660212
-0.000799434
-0.000974923
-0.0011932
-0.00146182
-0.00178961
-0.00218683
-0.00266542
-0.00323922
-0.00392424
-0.00473885
-0.00570397
-0.0068432
-0.00818288
-0.00975197
-0.0115817
-0.0137053
-0.0161564
-0.0189688
-0.0221736
-0.0257976
-0.0298603
-0.03437
-0.0393209
-0.0446882
-0.0504251
-0.0564588
-0.0626893
-0.0689885
-0.0751319
-0.000459435
-0.000475626
-0.00048115
-0.000492964
-0.000513538
-0.000545567
-0.000592016
-0.000656167
-0.000741672
-0.000852624
-0.000993632
-0.00116992
-0.00138745
-0.00165305
-0.00197454
-0.00236095
-0.00282266
-0.00337157
-0.00402133
-0.00478749
-0.00568765
-0.00674158
-0.00797126
-0.00940081
-0.0110563
-0.0129655
-0.0151569
-0.0176592
-0.0204997
-0.0237029
-0.0272882
-0.0312673
-0.0356414
-0.0403982
-0.0455085
-0.050923
-0.0565709
-0.0623575
-0.0681656
-0.0737969
-0.000633167
-0.000650686
-0.000661095
-0.000680435
-0.00071134
-0.000756686
-0.000819632
-0.000903674
-0.0010127
-0.00115105
-0.0013236
-0.00153584
-0.00179399
-0.00210509
-0.00247719
-0.0029194
-0.00344211
-0.0040571
-0.0047777
-0.00561888
-0.00659736
-0.00773169
-0.00904215
-0.0105507
-0.0122805
-0.0142559
-0.0165013
-0.0190405
-0.0218954
-0.0250844
-0.0286205
-0.0325092
-0.0367459
-0.0413133
-0.046179
-0.051293
-0.0565866
-0.0619713
-0.0673398
-0.072517
-0.000805451
-0.000824211
-0.000839425
-0.000866148
-0.000907165
-0.000965519
-0.00104455
-0.00114795
-0.00127981
-0.0014447
-0.00164772
-0.00189457
-0.00219167
-0.00254625
-0.00296645
-0.00346142
-0.00404147
-0.00471817
-0.00550441
-0.00641453
-0.00746431
-0.00867098
-0.0100531
-0.0116305
-0.0134237
-0.0154537
-0.0177411
-0.0203053
-0.0231633
-0.0263283
-0.029808
-0.0336025
-0.0377028
-0.0420877
-0.0467228
-0.0515583
-0.0565282
-0.0615499
-0.0665254
-0.0713003
-0.000974895
-0.000994811
-0.00101472
-0.00104863
-0.00109948
-0.00117044
-0.00126504
-0.00138714
-0.00154102
-0.00173144
-0.00196366
-0.00224359
-0.0025778
-0.00297361
-0.00343921
-0.00398374
-0.00461735
-0.0053513
-0.00619801
-0.00717111
-0.0082854
-0.00955678
-0.0110022
-0.0126392
-0.014486
-0.0165603
-0.0188794
-0.0214587
-0.0243109
-0.0274447
-0.0308632
-0.0345623
-0.0385293
-0.0427404
-0.0471599
-0.0517388
-0.0564141
-0.061109
-0.0657338
-0.0701526
-0.00114013
-0.00116112
-0.00118557
-0.00122643
-0.00128676
-0.00136987
-0.00147943
-0.00161946
-0.0017944
-0.00200916
-0.00226919
-0.0025805
-0.00294978
-0.00338441
-0.00389259
-0.00448336
-0.00516666
-0.0059534
-0.00685549
-0.00788578
-0.00905809
-0.010387
-0.0118879
-0.0135762
-0.0154678
-0.0175777
-0.0199198
-0.0225061
-0.0253456
-0.0284431
-0.0317979
-0.0354025
-0.0392411
-0.0432882
-0.0475077
-0.0518515
-0.0562598
-0.0606613
-0.0649739
-0.0690779
-0.00129984
-0.0013218
-0.00135062
-0.00139815
-0.00146754
-0.00156225
-0.00168606
-0.00184314
-0.00203806
-0.00227588
-0.00256216
-0.00290302
-0.0033052
-0.00377613
-0.00432395
-0.00495754
-0.00568663
-0.00652174
-0.0074742
-0.00855613
-0.00978032
-0.0111601
-0.0127093
-0.0144415
-0.0163702
-0.018508
-0.020866
-0.023453
-0.0262748
-0.0293327
-0.0326231
-0.0361356
-0.0398522
-0.0437461
-0.0477812
-0.0519108
-0.0560783
-0.0602173
-0.0642527
-0.0680789
-0.00145272
-0.00147559
-0.00150856
-0.00156241
-0.0016404
-0.00174608
-0.00188336
-0.00205651
-0.00227024
-0.00252971
-0.00284056
-0.00320901
-0.00364182
-0.00414641
-0.00473083
-0.00540382
-0.00617482
-0.00705392
-0.00805191
-0.00918014
-0.0104504
-0.0118749
-0.0134659
-0.0152353
-0.0171945
-0.0193539
-0.0217219
-0.0243047
-0.0271051
-0.0301219
-0.0333487
-0.0367729
-0.0403749
-0.0441271
-0.0479935
-0.0519292
-0.0558804
-0.0597855
-0.0635755
-0.0671572
-0.00159755
-0.00162124
-0.00165812
-0.00171793
-0.00180399
-0.00191996
-0.00206984
-0.00225801
-0.00248926
-0.00276886
-0.00310252
-0.00349649
-0.00395756
-0.0044931
-0.00511106
-0.00581998
-0.00662901
-0.00754785
-0.00858669
-0.00975615
-0.0110671
-0.0125307
-0.0141576
-0.0159582
-0.0179422
-0.0201178
-0.0224912
-0.0250661
-0.0278432
-0.0308186
-0.0339839
-0.0373247
-0.0408202
-0.0444424
-0.0481557
-0.0519169
-0.0556751
-0.0593727
-0.0629464
-0.0663137
-0.00173318
-0.0017576
-0.00179813
-0.00186347
-0.00195703
-0.00208254
-0.00224408
-0.00244612
-0.00269355
-0.00299167
-0.00334627
-0.00376363
-0.00425052
-0.00481425
-0.00546264
-0.00620405
-0.00704731
-0.00800171
-0.00907691
-0.0102828
-0.0116295
-0.0131268
-0.0147844
-0.0166111
-0.018615
-0.0208024
-0.0231776
-0.0257423
-0.0284949
-0.0314298
-0.0345367
-0.0377999
-0.0411977
-0.0447019
-0.0482775
-0.0518829
-0.0554699
-0.0589847
-0.0623686
-0.0655487
-0.00185852
-0.00188359
-0.00192747
-0.0019979
-0.00209834
-0.00223258
-0.00240478
-0.00261949
-0.00288165
-0.00319663
-0.00357024
-0.00400878
-0.00451899
-0.0051081
-0.00578382
-0.00655429
-0.00742805
-0.00841398
-0.00952122
-0.010759
-0.0121366
-0.013663
-0.0153466
-0.017195
-0.0192146
-0.0214103
-0.0237847
-0.0263376
-0.0290658
-0.031962
-0.0350146
-0.0382066
-0.0415158
-0.044914
-0.048367
-0.0518345
-0.055271
-0.0586258
-0.0618445
-0.0648622
-0.00197257
-0.00199821
-0.00204513
-0.00212016
-0.00222681
-0.00236893
-0.00255075
-0.00277686
-0.00305225
-0.00338235
-0.00377298
-0.00423043
-0.00476143
-0.00537311
-0.00607305
-0.00686918
-0.00776977
-0.00878332
-0.0099185
-0.0111839
-0.0125881
-0.0141392
-0.0158445
-0.0177106
-0.0197426
-0.0219439
-0.0243156
-0.0268562
-0.0295608
-0.032421
-0.0354238
-0.0385516
-0.0417817
-0.0450861
-0.0484311
-0.0517781
-0.0550835
-0.0582996
-0.0613758
-0.0642538
-0.00207442
-0.00210055
-0.00215018
-0.0022293
-0.00234146
-0.00249057
-0.0026809
-0.00291708
-0.00320416
-0.00354758
-0.0039532
-0.00442727
-0.00497648
-0.0056079
-0.00632896
-0.00714741
-0.00807125
-0.00910865
-0.0102678
-0.0115569
-0.0129836
-0.0145554
-0.0162788
-0.0181592
-0.0202007
-0.0224055
-0.0247734
-0.0273017
-0.0299844
-0.0328118
-0.0357701
-0.0388411
-0.0420017
-0.0452242
-0.0484757
-0.0517186
-0.0549115
-0.0580091
-0.0609638
-0.0637232
-0.00216327
-0.00218982
-0.0022418
-0.00232446
-0.00244141
-0.00259657
-0.00279427
-0.00303917
-0.00333634
-0.00369126
-0.00410977
-0.00459813
-0.00516297
-0.00581129
-0.0065504
-0.00738786
-0.00833146
-0.00938904
-0.0105684
-0.0118773
-0.0133228
-0.0149118
-0.0166498
-0.0185417
-0.0205904
-0.0227971
-0.0251607
-0.0276775
-0.0303403
-0.0331387
-0.0360582
-0.03908
-0.0421811
-0.0453336
-0.0485056
-0.0516605
-0.0547586
-0.0577565
-0.0606094
-0.0632697
-0.0022384
-0.0022653
-0.00231926
-0.00240492
-0.00252589
-0.00268614
-0.00289003
-0.00314224
-0.00344788
-0.00381242
-0.00424172
-0.00474202
-0.0053199
-0.00598229
-0.00673638
-0.00758961
-0.00854954
-0.00962375
-0.0108198
-0.0121448
-0.0136056
-0.0152084
-0.0169582
-0.0188589
-0.0209129
-0.0231206
-0.0254799
-0.0279863
-0.0306319
-0.0334056
-0.0362922
-0.0392728
-0.0423241
-0.0454186
-0.0485248
-0.0516072
-0.0546273
-0.0575437
-0.0603134
-0.0628929
-0.00229924
-0.00232641
-0.00238197
-0.00247004
-0.00259425
-0.00275862
-0.00296748
-0.00322558
-0.00353803
-0.0039103
-0.00434825
-0.00485811
-0.00544643
-0.00612006
-0.00688612
-0.0077519
-0.0087248
-0.00981219
-0.0110213
-0.0123591
-0.0138319
-0.0154454
-0.0172042
-0.0191117
-0.0211695
-0.0233774
-0.0257329
-0.0282305
-0.0308619
-0.0336154
-0.0364755
-0.0394229
-0.0424344
-0.0454826
-0.0485365
-0.0515614
-0.0545199
-0.0573719
-0.0600761
-0.0625921
-0.00234529
-0.00237266
-0.00242943
-0.00251932
-0.00264599
-0.00281344
-0.00302607
-0.0032886
-0.00360617
-0.00398425
-0.00442872
-0.00494576
-0.0055419
-0.00622395
-0.00699896
-0.00787412
-0.0088567
-0.00995391
-0.0111728
-0.01252
-0.0140016
-0.015623
-0.0173883
-0.0193006
-0.0213611
-0.023569
-0.0259212
-0.028412
-0.0310325
-0.0337707
-0.0366107
-0.0395332
-0.0425147
-0.0455283
-0.0485431
-0.0515253
-0.054438
-0.0572422
-0.059898
-0.0623669
-0.00237619
-0.0024037
-0.00246128
-0.00255239
-0.0026807
-0.00285023
-0.00306536
-0.00333086
-0.00365185
-0.00403382
-0.00448263
-0.00500446
-0.00560582
-0.00629349
-0.00707445
-0.00795585
-0.00894485
-0.0100486
-0.0112739
-0.0126273
-0.0141147
-0.0157413
-0.0175109
-0.0194263
-0.0214884
-0.0236961
-0.0260461
-0.0285322
-0.0311454
-0.0338732
-0.0366998
-0.0396055
-0.0425672
-0.0455577
-0.0485466
-0.0515004
-0.0543827
-0.0571554
-0.0597791
-0.062217
-0.0023917
-0.00241928
-0.00247726
-0.00256899
-0.00269812
-0.00286868
-0.00308508
-0.00335207
-0.00367477
-0.00405869
-0.00450966
-0.00503389
-0.00563786
-0.00632833
-0.00711227
-0.00799678
-0.00898899
-0.0100959
-0.0113245
-0.012681
-0.0141713
-0.0158004
-0.0175722
-0.0194891
-0.0215519
-0.0237596
-0.0261084
-0.0285921
-0.0312015
-0.0339241
-0.036744
-0.0396414
-0.042593
-0.045572
-0.0485481
-0.0514877
-0.0543549
-0.0571118
-0.0597196
-0.062142
-0.0240833
-0.0718777
-0.12197
-0.170531
-0.215665
-0.25585
-0.28973
-0.316173
-0.334301
-0.343522
-0.0475135
-0.0886428
-0.1312
-0.171829
-0.20916
-0.242094
-0.269658
-0.291052
-0.305664
-0.31308
-0.0654915
-0.100936
-0.136878
-0.170753
-0.201573
-0.228562
-0.251027
-0.268397
-0.28023
-0.286228
-0.0787248
-0.109168
-0.139417
-0.167668
-0.193194
-0.215419
-0.233838
-0.248032
-0.257681
-0.262566
-0.0881553
-0.114263
-0.13972
-0.163323
-0.184534
-0.202921
-0.218107
-0.22978
-0.237702
-0.241709
-0.094582
-0.116954
-0.138413
-0.158193
-0.175894
-0.191184
-0.203779
-0.213442
-0.219989
-0.223299
-0.098673
-0.117851
-0.135988
-0.152629
-0.167471
-0.180257
-0.190767
-0.198817
-0.204266
-0.20702
-0.100973
-0.117435
-0.132819
-0.146881
-0.15939
-0.170143
-0.178968
-0.185719
-0.190285
-0.192591
-0.101919
-0.11608
-0.129182
-0.141123
-0.151723
-0.160821
-0.168277
-0.173975
-0.177827
-0.179772
-0.101857
-0.114073
-0.125283
-0.135476
-0.144509
-0.152252
-0.158591
-0.163432
-0.166703
-0.168354
-0.101059
-0.111633
-0.12127
-0.130018
-0.137761
-0.14439
-0.149813
-0.153953
-0.156748
-0.158159
-0.0997346
-0.108923
-0.117251
-0.1248
-0.131475
-0.137186
-0.141855
-0.145416
-0.147821
-0.149035
-0.0980477
-0.106066
-0.1133
-0.119851
-0.12564
-0.130589
-0.134633
-0.137717
-0.139799
-0.140849
-0.0961223
-0.10315
-0.109469
-0.115187
-0.120236
-0.12455
-0.128075
-0.130762
-0.132575
-0.13349
-0.0940532
-0.100242
-0.105792
-0.110811
-0.11524
-0.119025
-0.122115
-0.12447
-0.126059
-0.126861
-0.0919118
-0.0973881
-0.10229
-0.10672
-0.11063
-0.113968
-0.116694
-0.118771
-0.120172
-0.120878
-0.0897517
-0.0946216
-0.0989751
-0.102909
-0.106379
-0.109342
-0.11176
-0.113602
-0.114845
-0.115471
-0.0876125
-0.0919651
-0.0958534
-0.0993662
-0.102464
-0.105108
-0.107266
-0.10891
-0.110018
-0.110576
-0.085523
-0.0894332
-0.0929257
-0.0960802
-0.0988613
-0.101235
-0.103172
-0.104647
-0.105641
-0.106141
-0.0835041
-0.087035
-0.0901894
-0.0930381
-0.0955492
-0.0976921
-0.0994402
-0.100771
-0.101668
-0.102119
-0.0815704
-0.0847753
-0.0876403
-0.0902271
-0.092507
-0.0944523
-0.0960389
-0.0972467
-0.0980602
-0.0984688
-0.0797317
-0.0826559
-0.0852723
-0.0876343
-0.0897157
-0.0914913
-0.0929392
-0.0940411
-0.094783
-0.0951553
-0.0779944
-0.0806764
-0.0830787
-0.0852473
-0.0871577
-0.0887872
-0.0901157
-0.0911265
-0.0918067
-0.0921476
-0.0763623
-0.0788348
-0.0810526
-0.0830541
-0.0848171
-0.0863205
-0.0875459
-0.0884779
-0.0891049
-0.0894186
-0.0748371
-0.0771283
-0.0791866
-0.0810438
-0.0826792
-0.0840735
-0.0852097
-0.0860737
-0.0866545
-0.0869447
-0.0734193
-0.0755533
-0.0774736
-0.0792058
-0.0807309
-0.0820307
-0.0830896
-0.0838945
-0.0844353
-0.084705
-0.0721081
-0.074106
-0.0759067
-0.0775308
-0.0789601
-0.080178
-0.0811698
-0.0819235
-0.0824295
-0.0826815
-0.0709023
-0.0727822
-0.0744796
-0.0760098
-0.0773561
-0.0785029
-0.0794366
-0.0801457
-0.0806215
-0.080858
-0.0698002
-0.0715781
-0.0731859
-0.074635
-0.0759094
-0.0769945
-0.0778777
-0.0785482
-0.0789977
-0.0792207
-0.0687998
-0.0704896
-0.0720202
-0.073399
-0.0746112
-0.075643
-0.0764823
-0.0771193
-0.077546
-0.0777573
-0.0678989
-0.069513
-0.0709772
-0.0722956
-0.0734541
-0.0744397
-0.0752412
-0.075849
-0.076256
-0.0764571
-0.0670954
-0.0686449
-0.0700523
-0.0713188
-0.0724312
-0.0733771
-0.0741459
-0.0747287
-0.0751186
-0.0753109
-0.0663872
-0.0678821
-0.0692413
-0.0704637
-0.0715367
-0.0724487
-0.0731895
-0.0737507
-0.0741259
-0.0743107
-0.0657725
-0.0672217
-0.0685406
-0.0697259
-0.0707656
-0.0716487
-0.0723657
-0.0729086
-0.0732713
-0.0734496
-0.0652494
-0.0666614
-0.067947
-0.0691015
-0.0701135
-0.0709724
-0.0716694
-0.0721968
-0.0725489
-0.0727217
-0.0648164
-0.0661989
-0.0674579
-0.0685875
-0.0695767
-0.0704159
-0.0710962
-0.0716108
-0.0719541
-0.0721223
-0.0644723
-0.0658324
-0.067071
-0.0681812
-0.0691525
-0.0699757
-0.0706427
-0.0711468
-0.0714829
-0.0716474
-0.0642159
-0.0655607
-0.0667847
-0.0678806
-0.0688384
-0.0696495
-0.0703061
-0.070802
-0.0711324
-0.0712939
-0.0640464
-0.0653827
-0.0665978
-0.0676844
-0.0686329
-0.0694353
-0.0700843
-0.0705741
-0.0709002
-0.0710595
-0.0639634
-0.0652978
-0.0665096
-0.0675916
-0.0685349
-0.069332
-0.0699761
-0.0704618
-0.070785
-0.0709428
)
;

boundaryField
{
    down
    {
        type            symmetryPlane;
    }
    right
    {
        type            fixedValue;
        value           uniform 0;
    }
    up
    {
        type            symmetryPlane;
    }
    left
    {
        type            zeroGradient;
    }
    cylinder
    {
        type            symmetry;
    }
    defaultFaces
    {
        type            empty;
    }
}


// ************************************************************************* //
