/*--------------------------------*- C++ -*----------------------------------*\
  =========                 |
  \\      /  F ield         | OpenFOAM: The Open Source CFD Toolbox
   \\    /   O peration     | Website:  https://openfoam.org
    \\  /    A nd           | Version:  6
     \\/     M anipulation  |
\*---------------------------------------------------------------------------*/
FoamFile
{
    version     2.0;
    format      ascii;
    class       volScalarField;
    location    "7";
    object      T;
}
// * * * * * * * * * * * * * * * * * * * * * * * * * * * * * * * * * * * * * //

dimensions      [0 0 0 1 0 0 0];

internalField   nonuniform List<scalar> 
5000
(
0.818586
0.818277
0.817657
0.816726
0.815487
0.813939
0.812083
0.809923
0.807459
0.804694
0.80163
0.798271
0.794619
0.790677
0.786449
0.781939
0.777151
0.772089
0.766759
0.761165
0.755312
0.749206
0.742853
0.736257
0.729427
0.722368
0.715087
0.707591
0.699888
0.691984
0.683887
0.675605
0.667147
0.658521
0.649734
0.640797
0.631717
0.622504
0.613167
0.603715
0.594159
0.584506
0.574768
0.564954
0.555073
0.545137
0.535155
0.525137
0.515093
0.505034
0.49497
0.484911
0.474868
0.46485
0.454867
0.444931
0.435051
0.425237
0.415498
0.405846
0.396289
0.386837
0.3775
0.368287
0.359208
0.35027
0.341484
0.332857
0.324399
0.316118
0.308021
0.300117
0.292413
0.284917
0.277636
0.270578
0.263747
0.257152
0.250799
0.244693
0.23884
0.233246
0.227916
0.222854
0.218066
0.213557
0.209329
0.205387
0.201735
0.198375
0.195311
0.192546
0.190083
0.187922
0.186067
0.184519
0.183279
0.182349
0.181728
0.181418
0.818588
0.818279
0.817659
0.816728
0.815489
0.81394
0.812085
0.809925
0.807461
0.804696
0.801632
0.798273
0.79462
0.790678
0.78645
0.78194
0.777153
0.772091
0.766761
0.761167
0.755314
0.749208
0.742854
0.736259
0.729429
0.72237
0.715089
0.707593
0.699889
0.691985
0.683888
0.675606
0.667148
0.658522
0.649735
0.640798
0.631718
0.622505
0.613168
0.603716
0.594159
0.584507
0.574768
0.564954
0.555074
0.545137
0.535155
0.525137
0.515093
0.505034
0.49497
0.484911
0.474868
0.464849
0.454867
0.444931
0.43505
0.425236
0.415498
0.405845
0.396288
0.386837
0.3775
0.368286
0.359207
0.350269
0.341483
0.332856
0.324398
0.316117
0.30802
0.300116
0.292412
0.284916
0.277635
0.270576
0.263746
0.257151
0.250797
0.244691
0.238838
0.233244
0.227914
0.222853
0.218065
0.213555
0.209327
0.205385
0.201733
0.198373
0.19531
0.192545
0.190081
0.18792
0.186065
0.184517
0.183277
0.182347
0.181727
0.181417
0.81859
0.818281
0.817661
0.81673
0.81549
0.813942
0.812087
0.809927
0.807463
0.804698
0.801634
0.798274
0.794622
0.79068
0.786452
0.781942
0.777154
0.772093
0.766762
0.761168
0.755315
0.749209
0.742855
0.73626
0.72943
0.722371
0.71509
0.707594
0.69989
0.691986
0.683889
0.675607
0.667149
0.658522
0.649736
0.640798
0.631719
0.622506
0.613168
0.603717
0.59416
0.584507
0.574769
0.564954
0.555074
0.545137
0.535155
0.525137
0.515093
0.505034
0.49497
0.484911
0.474867
0.464849
0.454867
0.44493
0.43505
0.425236
0.415497
0.405845
0.396288
0.386836
0.377499
0.368286
0.359206
0.350268
0.341482
0.332855
0.324397
0.316116
0.308019
0.300115
0.292411
0.284915
0.277634
0.270575
0.263744
0.257149
0.250796
0.24469
0.238837
0.233243
0.227912
0.222851
0.218063
0.213553
0.209325
0.205383
0.201731
0.198371
0.195308
0.192543
0.190079
0.187919
0.186064
0.184515
0.183276
0.182345
0.181725
0.181416
0.818591
0.818282
0.817662
0.816732
0.815492
0.813944
0.812089
0.809928
0.807464
0.804699
0.801636
0.798276
0.794623
0.790681
0.786453
0.781943
0.777155
0.772094
0.766764
0.761169
0.755316
0.74921
0.742857
0.736261
0.729431
0.722372
0.715091
0.707595
0.699891
0.691987
0.68389
0.675608
0.66715
0.658523
0.649737
0.640799
0.631719
0.622506
0.613169
0.603717
0.59416
0.584507
0.574769
0.564955
0.555074
0.545138
0.535155
0.525137
0.515093
0.505034
0.49497
0.484911
0.474867
0.464849
0.454866
0.44493
0.435049
0.425235
0.415497
0.405844
0.396287
0.386835
0.377498
0.368285
0.359205
0.350267
0.341481
0.332854
0.324396
0.316114
0.308018
0.300113
0.29241
0.284914
0.277632
0.270573
0.263743
0.257148
0.250794
0.244688
0.238835
0.233241
0.227911
0.22285
0.218062
0.213552
0.209324
0.205382
0.201729
0.19837
0.195306
0.192541
0.190078
0.187917
0.186062
0.184514
0.183274
0.182344
0.181724
0.181415
0.818593
0.818284
0.817664
0.816733
0.815494
0.813945
0.81209
0.80993
0.807466
0.804701
0.801637
0.798277
0.794625
0.790683
0.786455
0.781945
0.777157
0.772095
0.766765
0.761171
0.755318
0.749211
0.742858
0.736263
0.729432
0.722373
0.715092
0.707596
0.699892
0.691988
0.683891
0.675609
0.667151
0.658524
0.649737
0.6408
0.63172
0.622507
0.613169
0.603718
0.59416
0.584508
0.574769
0.564955
0.555074
0.545138
0.535155
0.525137
0.515093
0.505034
0.49497
0.484911
0.474867
0.464849
0.454866
0.44493
0.435049
0.425235
0.415496
0.405843
0.396286
0.386835
0.377497
0.368284
0.359204
0.350267
0.34148
0.332853
0.324395
0.316113
0.308017
0.300112
0.292409
0.284912
0.277631
0.270572
0.263742
0.257147
0.250793
0.244687
0.238834
0.23324
0.22791
0.222848
0.21806
0.21355
0.209322
0.20538
0.201728
0.198368
0.195305
0.19254
0.190076
0.187916
0.186061
0.184512
0.183273
0.182343
0.181723
0.181414
0.818594
0.818285
0.817665
0.816735
0.815495
0.813947
0.812092
0.809931
0.807467
0.804702
0.801638
0.798279
0.794626
0.790684
0.786456
0.781946
0.777158
0.772097
0.766766
0.761172
0.755319
0.749213
0.742859
0.736264
0.729433
0.722374
0.715093
0.707597
0.699893
0.691988
0.683891
0.67561
0.667151
0.658525
0.649738
0.6408
0.63172
0.622507
0.61317
0.603718
0.594161
0.584508
0.57477
0.564955
0.555075
0.545138
0.535155
0.525137
0.515093
0.505034
0.49497
0.484911
0.474867
0.464848
0.454866
0.444929
0.435049
0.425234
0.415496
0.405843
0.396286
0.386834
0.377497
0.368283
0.359204
0.350266
0.341479
0.332853
0.324394
0.316113
0.308016
0.300111
0.292407
0.284911
0.27763
0.270571
0.263741
0.257146
0.250792
0.244686
0.238833
0.233239
0.227908
0.222847
0.218059
0.213549
0.209321
0.205379
0.201727
0.198367
0.195303
0.192538
0.190075
0.187914
0.186059
0.184511
0.183271
0.182341
0.181721
0.181412
0.818596
0.818287
0.817667
0.816736
0.815496
0.813948
0.812093
0.809932
0.807469
0.804703
0.80164
0.79828
0.794628
0.790685
0.786457
0.781947
0.777159
0.772098
0.766767
0.761173
0.75532
0.749214
0.74286
0.736265
0.729434
0.722375
0.715094
0.707598
0.699894
0.691989
0.683892
0.675611
0.667152
0.658525
0.649739
0.640801
0.631721
0.622508
0.61317
0.603718
0.594161
0.584508
0.57477
0.564955
0.555075
0.545138
0.535155
0.525137
0.515093
0.505034
0.49497
0.48491
0.474867
0.464848
0.454866
0.444929
0.435048
0.425234
0.415495
0.405842
0.396285
0.386833
0.377496
0.368283
0.359203
0.350265
0.341479
0.332852
0.324393
0.316112
0.308015
0.30011
0.292406
0.28491
0.277629
0.27057
0.26374
0.257144
0.250791
0.244685
0.238832
0.233237
0.227907
0.222846
0.218058
0.213548
0.20932
0.205378
0.201725
0.198366
0.195302
0.192537
0.190073
0.187913
0.186058
0.18451
0.18327
0.18234
0.18172
0.181411
0.818597
0.818288
0.817668
0.816738
0.815498
0.81395
0.812094
0.809934
0.80747
0.804705
0.801641
0.798281
0.794629
0.790687
0.786459
0.781948
0.77716
0.772099
0.766768
0.761174
0.755321
0.749215
0.742861
0.736266
0.729435
0.722376
0.715095
0.707598
0.699894
0.69199
0.683893
0.675611
0.667153
0.658526
0.649739
0.640802
0.631721
0.622508
0.613171
0.603719
0.594162
0.584509
0.57477
0.564956
0.555075
0.545138
0.535156
0.525137
0.515093
0.505034
0.49497
0.48491
0.474866
0.464848
0.454865
0.444929
0.435048
0.425233
0.415495
0.405842
0.396285
0.386833
0.377495
0.368282
0.359202
0.350264
0.341478
0.332851
0.324393
0.316111
0.308014
0.30011
0.292406
0.284909
0.277628
0.270569
0.263739
0.257143
0.25079
0.244684
0.238831
0.233236
0.227906
0.222844
0.218056
0.213546
0.209318
0.205377
0.201724
0.198365
0.195301
0.192536
0.190072
0.187912
0.186057
0.184509
0.183269
0.182339
0.181719
0.18141
0.818598
0.818289
0.817669
0.816739
0.815499
0.813951
0.812096
0.809935
0.807471
0.804706
0.801642
0.798282
0.79463
0.790688
0.78646
0.78195
0.777161
0.7721
0.766769
0.761175
0.755322
0.749216
0.742862
0.736267
0.729436
0.722377
0.715095
0.707599
0.699895
0.691991
0.683894
0.675612
0.667153
0.658527
0.64974
0.640802
0.631722
0.622509
0.613171
0.603719
0.594162
0.584509
0.57477
0.564956
0.555075
0.545138
0.535156
0.525137
0.515093
0.505034
0.49497
0.48491
0.474866
0.464848
0.454865
0.444928
0.435048
0.425233
0.415494
0.405842
0.396284
0.386832
0.377495
0.368282
0.359202
0.350264
0.341477
0.33285
0.324392
0.31611
0.308013
0.300109
0.292405
0.284908
0.277627
0.270568
0.263738
0.257142
0.250789
0.244683
0.23883
0.233235
0.227905
0.222843
0.218055
0.213545
0.209317
0.205375
0.201723
0.198363
0.1953
0.192535
0.190071
0.187911
0.186056
0.184508
0.183268
0.182338
0.181718
0.181409
0.8186
0.818291
0.81767
0.81674
0.8155
0.813952
0.812097
0.809936
0.807472
0.804707
0.801643
0.798284
0.794631
0.790689
0.786461
0.781951
0.777162
0.772101
0.76677
0.761176
0.755323
0.749216
0.742863
0.736267
0.729437
0.722378
0.715096
0.7076
0.699896
0.691991
0.683894
0.675612
0.667154
0.658527
0.64974
0.640803
0.631722
0.622509
0.613172
0.603719
0.594162
0.584509
0.574771
0.564956
0.555075
0.545138
0.535156
0.525137
0.515093
0.505034
0.49497
0.48491
0.474866
0.464848
0.454865
0.444928
0.435047
0.425233
0.415494
0.405841
0.396284
0.386832
0.377494
0.368281
0.359201
0.350263
0.341476
0.33285
0.324391
0.316109
0.308012
0.300108
0.292404
0.284908
0.277626
0.270567
0.263737
0.257142
0.250788
0.244682
0.238829
0.233234
0.227904
0.222842
0.218054
0.213544
0.209316
0.205374
0.201722
0.198362
0.195299
0.192534
0.19007
0.18791
0.186055
0.184507
0.183267
0.182337
0.181717
0.181408
0.818601
0.818292
0.817672
0.816741
0.815501
0.813953
0.812098
0.809937
0.807473
0.804708
0.801644
0.798285
0.794632
0.79069
0.786462
0.781952
0.777163
0.772102
0.766771
0.761177
0.755324
0.749217
0.742863
0.736268
0.729438
0.722378
0.715097
0.707601
0.699897
0.691992
0.683895
0.675613
0.667155
0.658528
0.649741
0.640803
0.631723
0.622509
0.613172
0.60372
0.594162
0.58451
0.574771
0.564956
0.555075
0.545139
0.535156
0.525137
0.515093
0.505034
0.494969
0.48491
0.474866
0.464847
0.454865
0.444928
0.435047
0.425232
0.415494
0.405841
0.396283
0.386831
0.377494
0.368281
0.3592
0.350263
0.341476
0.332849
0.32439
0.316109
0.308012
0.300107
0.292403
0.284907
0.277626
0.270566
0.263736
0.257141
0.250787
0.244681
0.238828
0.233233
0.227903
0.222841
0.218053
0.213543
0.209315
0.205373
0.201721
0.198361
0.195298
0.192533
0.190069
0.187909
0.186054
0.184506
0.183266
0.182336
0.181716
0.181407
0.818602
0.818293
0.817673
0.816742
0.815502
0.813954
0.812099
0.809938
0.807474
0.804709
0.801645
0.798285
0.794633
0.790691
0.786463
0.781952
0.777164
0.772103
0.766772
0.761178
0.755324
0.749218
0.742864
0.736269
0.729438
0.722379
0.715098
0.707601
0.699897
0.691993
0.683895
0.675614
0.667155
0.658528
0.649741
0.640803
0.631723
0.62251
0.613172
0.60372
0.594163
0.58451
0.574771
0.564956
0.555075
0.545139
0.535156
0.525137
0.515093
0.505034
0.494969
0.48491
0.474866
0.464847
0.454864
0.444928
0.435047
0.425232
0.415493
0.40584
0.396283
0.386831
0.377493
0.36828
0.3592
0.350262
0.341475
0.332848
0.32439
0.316108
0.308011
0.300107
0.292402
0.284906
0.277625
0.270566
0.263735
0.25714
0.250786
0.24468
0.238827
0.233232
0.227902
0.22284
0.218052
0.213542
0.209314
0.205372
0.20172
0.19836
0.195297
0.192532
0.190068
0.187908
0.186053
0.184505
0.183265
0.182335
0.181715
0.181406
0.818603
0.818294
0.817673
0.816743
0.815503
0.813955
0.8121
0.809939
0.807475
0.80471
0.801646
0.798286
0.794634
0.790692
0.786463
0.781953
0.777165
0.772103
0.766773
0.761178
0.755325
0.749219
0.742865
0.73627
0.729439
0.72238
0.715098
0.707602
0.699898
0.691993
0.683896
0.675614
0.667155
0.658528
0.649742
0.640804
0.631724
0.62251
0.613173
0.60372
0.594163
0.58451
0.574771
0.564956
0.555076
0.545139
0.535156
0.525137
0.515093
0.505034
0.494969
0.48491
0.474866
0.464847
0.454864
0.444927
0.435047
0.425232
0.415493
0.40584
0.396283
0.386831
0.377493
0.36828
0.359199
0.350262
0.341475
0.332848
0.324389
0.316107
0.30801
0.300106
0.292402
0.284905
0.277624
0.270565
0.263734
0.257139
0.250785
0.244679
0.238826
0.233232
0.227901
0.22284
0.218052
0.213542
0.209314
0.205372
0.201719
0.19836
0.195296
0.192531
0.190067
0.187907
0.186052
0.184504
0.183264
0.182334
0.181714
0.181405
0.818604
0.818294
0.817674
0.816744
0.815504
0.813956
0.8121
0.80994
0.807476
0.804711
0.801647
0.798287
0.794635
0.790692
0.786464
0.781954
0.777166
0.772104
0.766774
0.761179
0.755326
0.749219
0.742866
0.73627
0.729439
0.72238
0.715099
0.707602
0.699898
0.691994
0.683896
0.675614
0.667156
0.658529
0.649742
0.640804
0.631724
0.62251
0.613173
0.603721
0.594163
0.58451
0.574771
0.564957
0.555076
0.545139
0.535156
0.525137
0.515093
0.505034
0.494969
0.48491
0.474865
0.464847
0.454864
0.444927
0.435046
0.425232
0.415493
0.40584
0.396282
0.38683
0.377493
0.368279
0.359199
0.350261
0.341474
0.332847
0.324389
0.316107
0.30801
0.300105
0.292401
0.284905
0.277624
0.270564
0.263734
0.257138
0.250785
0.244678
0.238825
0.233231
0.227901
0.222839
0.218051
0.213541
0.209313
0.205371
0.201718
0.198359
0.195295
0.19253
0.190066
0.187906
0.186051
0.184503
0.183263
0.182333
0.181713
0.181404
0.818604
0.818295
0.817675
0.816745
0.815505
0.813956
0.812101
0.809941
0.807477
0.804711
0.801648
0.798288
0.794635
0.790693
0.786465
0.781955
0.777166
0.772105
0.766774
0.76118
0.755326
0.74922
0.742866
0.736271
0.72944
0.722381
0.715099
0.707603
0.699899
0.691994
0.683897
0.675615
0.667156
0.658529
0.649742
0.640804
0.631724
0.622511
0.613173
0.603721
0.594163
0.58451
0.574771
0.564957
0.555076
0.545139
0.535156
0.525137
0.515093
0.505033
0.494969
0.48491
0.474865
0.464847
0.454864
0.444927
0.435046
0.425231
0.415492
0.405839
0.396282
0.38683
0.377492
0.368279
0.359199
0.350261
0.341474
0.332847
0.324388
0.316106
0.308009
0.300105
0.292401
0.284904
0.277623
0.270564
0.263733
0.257138
0.250784
0.244678
0.238825
0.23323
0.2279
0.222838
0.21805
0.21354
0.209312
0.20537
0.201718
0.198358
0.195295
0.19253
0.190066
0.187905
0.18605
0.184502
0.183263
0.182333
0.181713
0.181404
0.818605
0.818296
0.817676
0.816745
0.815505
0.813957
0.812102
0.809941
0.807477
0.804712
0.801648
0.798288
0.794636
0.790694
0.786465
0.781955
0.777167
0.772105
0.766775
0.76118
0.755327
0.749221
0.742867
0.736271
0.72944
0.722381
0.7151
0.707603
0.699899
0.691994
0.683897
0.675615
0.667157
0.65853
0.649743
0.640805
0.631724
0.622511
0.613173
0.603721
0.594163
0.58451
0.574772
0.564957
0.555076
0.545139
0.535156
0.525137
0.515093
0.505033
0.494969
0.484909
0.474865
0.464847
0.454864
0.444927
0.435046
0.425231
0.415492
0.405839
0.396282
0.38683
0.377492
0.368279
0.359198
0.35026
0.341473
0.332847
0.324388
0.316106
0.308009
0.300104
0.2924
0.284904
0.277623
0.270563
0.263733
0.257137
0.250784
0.244677
0.238824
0.23323
0.227899
0.222838
0.21805
0.21354
0.209312
0.20537
0.201717
0.198358
0.195294
0.192529
0.190065
0.187905
0.18605
0.184502
0.183262
0.182332
0.181712
0.181403
0.818606
0.818297
0.817676
0.816746
0.815506
0.813958
0.812102
0.809942
0.807478
0.804713
0.801649
0.798289
0.794636
0.790694
0.786466
0.781956
0.777168
0.772106
0.766775
0.761181
0.755327
0.749221
0.742867
0.736272
0.729441
0.722381
0.7151
0.707604
0.699899
0.691995
0.683898
0.675615
0.667157
0.65853
0.649743
0.640805
0.631725
0.622511
0.613173
0.603721
0.594164
0.584511
0.574772
0.564957
0.555076
0.545139
0.535156
0.525137
0.515093
0.505033
0.494969
0.484909
0.474865
0.464846
0.454864
0.444927
0.435046
0.425231
0.415492
0.405839
0.396282
0.386829
0.377492
0.368278
0.359198
0.35026
0.341473
0.332846
0.324388
0.316106
0.308008
0.300104
0.2924
0.284903
0.277622
0.270563
0.263732
0.257137
0.250783
0.244677
0.238824
0.233229
0.227899
0.222837
0.218049
0.213539
0.209311
0.205369
0.201717
0.198357
0.195293
0.192528
0.190065
0.187904
0.186049
0.184501
0.183262
0.182331
0.181712
0.181403
0.818606
0.818297
0.817677
0.816746
0.815507
0.813958
0.812103
0.809942
0.807478
0.804713
0.801649
0.79829
0.794637
0.790695
0.786466
0.781956
0.777168
0.772106
0.766776
0.761181
0.755328
0.749221
0.742867
0.736272
0.729441
0.722382
0.7151
0.707604
0.6999
0.691995
0.683898
0.675616
0.667157
0.65853
0.649743
0.640805
0.631725
0.622511
0.613173
0.603721
0.594164
0.584511
0.574772
0.564957
0.555076
0.545139
0.535156
0.525137
0.515093
0.505033
0.494969
0.484909
0.474865
0.464846
0.454863
0.444926
0.435046
0.425231
0.415492
0.405839
0.396281
0.386829
0.377491
0.368278
0.359198
0.35026
0.341473
0.332846
0.324387
0.316105
0.308008
0.300104
0.292399
0.284903
0.277622
0.270562
0.263732
0.257136
0.250783
0.244676
0.238823
0.233229
0.227898
0.222837
0.218049
0.213539
0.209311
0.205369
0.201716
0.198357
0.195293
0.192528
0.190064
0.187904
0.186049
0.184501
0.183261
0.182331
0.181711
0.181402
0.818607
0.818297
0.817677
0.816747
0.815507
0.813959
0.812103
0.809943
0.807479
0.804714
0.80165
0.79829
0.794637
0.790695
0.786467
0.781957
0.777168
0.772107
0.766776
0.761181
0.755328
0.749222
0.742868
0.736272
0.729442
0.722382
0.715101
0.707604
0.6999
0.691995
0.683898
0.675616
0.667157
0.65853
0.649743
0.640805
0.631725
0.622511
0.613174
0.603721
0.594164
0.584511
0.574772
0.564957
0.555076
0.545139
0.535156
0.525137
0.515093
0.505033
0.494969
0.484909
0.474865
0.464846
0.454863
0.444926
0.435045
0.425231
0.415492
0.405839
0.396281
0.386829
0.377491
0.368278
0.359197
0.350259
0.341473
0.332846
0.324387
0.316105
0.308008
0.300103
0.292399
0.284903
0.277621
0.270562
0.263731
0.257136
0.250782
0.244676
0.238823
0.233228
0.227898
0.222836
0.218048
0.213538
0.20931
0.205368
0.201716
0.198356
0.195293
0.192528
0.190064
0.187903
0.186048
0.1845
0.183261
0.182331
0.181711
0.181402
0.818607
0.818298
0.817678
0.816747
0.815507
0.813959
0.812104
0.809943
0.807479
0.804714
0.80165
0.79829
0.794638
0.790695
0.786467
0.781957
0.777169
0.772107
0.766776
0.761182
0.755328
0.749222
0.742868
0.736272
0.729442
0.722382
0.715101
0.707604
0.6999
0.691995
0.683898
0.675616
0.667157
0.65853
0.649743
0.640805
0.631725
0.622511
0.613174
0.603721
0.594164
0.584511
0.574772
0.564957
0.555076
0.545139
0.535156
0.525137
0.515093
0.505033
0.494969
0.484909
0.474865
0.464846
0.454863
0.444926
0.435045
0.42523
0.415491
0.405838
0.396281
0.386829
0.377491
0.368278
0.359197
0.350259
0.341472
0.332845
0.324387
0.316105
0.308008
0.300103
0.292399
0.284902
0.277621
0.270562
0.263731
0.257136
0.250782
0.244676
0.238823
0.233228
0.227898
0.222836
0.218048
0.213538
0.20931
0.205368
0.201715
0.198356
0.195292
0.192527
0.190063
0.187903
0.186048
0.1845
0.18326
0.18233
0.18171
0.181402
0.818607
0.818298
0.817678
0.816748
0.815508
0.813959
0.812104
0.809943
0.807479
0.804714
0.80165
0.79829
0.794638
0.790696
0.786467
0.781957
0.777169
0.772107
0.766776
0.761182
0.755329
0.749222
0.742868
0.736273
0.729442
0.722382
0.715101
0.707604
0.6999
0.691996
0.683898
0.675616
0.667157
0.65853
0.649743
0.640805
0.631725
0.622511
0.613174
0.603721
0.594164
0.584511
0.574772
0.564957
0.555076
0.545139
0.535156
0.525137
0.515093
0.505033
0.494969
0.484909
0.474865
0.464846
0.454863
0.444926
0.435045
0.42523
0.415491
0.405838
0.396281
0.386829
0.377491
0.368277
0.359197
0.350259
0.341472
0.332845
0.324387
0.316105
0.308007
0.300103
0.292399
0.284902
0.277621
0.270562
0.263731
0.257136
0.250782
0.244675
0.238822
0.233228
0.227897
0.222836
0.218048
0.213538
0.20931
0.205368
0.201715
0.198356
0.195292
0.192527
0.190063
0.187903
0.186048
0.1845
0.18326
0.18233
0.18171
0.181401
0.818607
0.818298
0.817678
0.816748
0.815508
0.81396
0.812104
0.809944
0.80748
0.804714
0.80165
0.798291
0.794638
0.790696
0.786468
0.781957
0.777169
0.772107
0.766777
0.761182
0.755329
0.749222
0.742868
0.736273
0.729442
0.722383
0.715101
0.707605
0.6999
0.691996
0.683898
0.675616
0.667158
0.65853
0.649743
0.640805
0.631725
0.622511
0.613174
0.603721
0.594164
0.584511
0.574772
0.564957
0.555076
0.545139
0.535156
0.525137
0.515093
0.505033
0.494969
0.484909
0.474865
0.464846
0.454863
0.444926
0.435045
0.42523
0.415491
0.405838
0.396281
0.386828
0.377491
0.368277
0.359197
0.350259
0.341472
0.332845
0.324386
0.316104
0.308007
0.300103
0.292398
0.284902
0.277621
0.270561
0.263731
0.257135
0.250782
0.244675
0.238822
0.233228
0.227897
0.222836
0.218048
0.213538
0.20931
0.205368
0.201715
0.198355
0.195292
0.192527
0.190063
0.187903
0.186048
0.1845
0.18326
0.18233
0.18171
0.181401
0.818608
0.818298
0.817678
0.816748
0.815508
0.81396
0.812104
0.809944
0.80748
0.804714
0.801651
0.798291
0.794638
0.790696
0.786468
0.781957
0.777169
0.772107
0.766777
0.761182
0.755329
0.749222
0.742868
0.736273
0.729442
0.722383
0.715101
0.707605
0.6999
0.691996
0.683898
0.675616
0.667158
0.65853
0.649743
0.640805
0.631725
0.622511
0.613174
0.603721
0.594164
0.584511
0.574772
0.564957
0.555076
0.545139
0.535156
0.525137
0.515093
0.505033
0.494969
0.484909
0.474865
0.464846
0.454863
0.444926
0.435045
0.42523
0.415491
0.405838
0.396281
0.386828
0.377491
0.368277
0.359197
0.350259
0.341472
0.332845
0.324386
0.316104
0.308007
0.300103
0.292398
0.284902
0.277621
0.270561
0.263731
0.257135
0.250782
0.244675
0.238822
0.233228
0.227897
0.222836
0.218048
0.213537
0.209309
0.205367
0.201715
0.198355
0.195292
0.192527
0.190063
0.187903
0.186048
0.1845
0.18326
0.18233
0.18171
0.181401
0.818608
0.818298
0.817678
0.816748
0.815508
0.81396
0.812104
0.809944
0.80748
0.804714
0.801651
0.798291
0.794638
0.790696
0.786468
0.781957
0.777169
0.772107
0.766777
0.761182
0.755329
0.749222
0.742868
0.736273
0.729442
0.722383
0.715101
0.707605
0.6999
0.691996
0.683898
0.675616
0.667158
0.65853
0.649743
0.640805
0.631725
0.622511
0.613174
0.603721
0.594164
0.584511
0.574772
0.564957
0.555076
0.545139
0.535156
0.525137
0.515093
0.505033
0.494969
0.484909
0.474865
0.464846
0.454863
0.444926
0.435045
0.42523
0.415491
0.405838
0.396281
0.386828
0.377491
0.368277
0.359197
0.350259
0.341472
0.332845
0.324386
0.316104
0.308007
0.300103
0.292398
0.284902
0.277621
0.270561
0.263731
0.257135
0.250781
0.244675
0.238822
0.233228
0.227897
0.222836
0.218048
0.213537
0.209309
0.205367
0.201715
0.198355
0.195292
0.192527
0.190063
0.187903
0.186048
0.1845
0.18326
0.18233
0.18171
0.181401
0.818608
0.818298
0.817678
0.816748
0.815508
0.81396
0.812104
0.809944
0.80748
0.804714
0.801651
0.798291
0.794638
0.790696
0.786468
0.781957
0.777169
0.772107
0.766777
0.761182
0.755329
0.749222
0.742868
0.736273
0.729442
0.722383
0.715101
0.707605
0.6999
0.691996
0.683898
0.675616
0.667157
0.65853
0.649743
0.640805
0.631725
0.622511
0.613174
0.603721
0.594164
0.584511
0.574772
0.564957
0.555076
0.545139
0.535156
0.525137
0.515093
0.505033
0.494969
0.484909
0.474865
0.464846
0.454863
0.444926
0.435045
0.42523
0.415491
0.405838
0.396281
0.386828
0.377491
0.368277
0.359197
0.350259
0.341472
0.332845
0.324386
0.316104
0.308007
0.300103
0.292398
0.284902
0.277621
0.270561
0.263731
0.257135
0.250782
0.244675
0.238822
0.233228
0.227897
0.222836
0.218048
0.213537
0.20931
0.205368
0.201715
0.198355
0.195292
0.192527
0.190063
0.187903
0.186048
0.1845
0.18326
0.18233
0.18171
0.181401
0.818607
0.818298
0.817678
0.816748
0.815508
0.81396
0.812104
0.809944
0.80748
0.804714
0.80165
0.798291
0.794638
0.790696
0.786467
0.781957
0.777169
0.772107
0.766776
0.761182
0.755329
0.749222
0.742868
0.736273
0.729442
0.722382
0.715101
0.707604
0.6999
0.691995
0.683898
0.675616
0.667157
0.65853
0.649743
0.640805
0.631725
0.622511
0.613173
0.603721
0.594164
0.584511
0.574772
0.564957
0.555076
0.545139
0.535156
0.525137
0.515093
0.505033
0.494969
0.484909
0.474864
0.464846
0.454863
0.444926
0.435045
0.42523
0.415491
0.405838
0.396281
0.386828
0.377491
0.368277
0.359197
0.350259
0.341472
0.332845
0.324386
0.316104
0.308007
0.300103
0.292398
0.284902
0.277621
0.270561
0.263731
0.257135
0.250782
0.244675
0.238822
0.233228
0.227897
0.222836
0.218048
0.213538
0.20931
0.205368
0.201715
0.198356
0.195292
0.192527
0.190063
0.187903
0.186048
0.1845
0.18326
0.18233
0.18171
0.181401
0.818607
0.818298
0.817678
0.816748
0.815508
0.813959
0.812104
0.809943
0.807479
0.804714
0.80165
0.79829
0.794638
0.790695
0.786467
0.781957
0.777169
0.772107
0.766776
0.761182
0.755328
0.749222
0.742868
0.736272
0.729442
0.722382
0.715101
0.707604
0.6999
0.691995
0.683898
0.675616
0.667157
0.65853
0.649743
0.640805
0.631725
0.622511
0.613173
0.603721
0.594163
0.58451
0.574771
0.564957
0.555076
0.545139
0.535156
0.525137
0.515093
0.505033
0.494968
0.484909
0.474864
0.464846
0.454863
0.444926
0.435045
0.42523
0.415491
0.405838
0.396281
0.386828
0.377491
0.368277
0.359197
0.350259
0.341472
0.332845
0.324386
0.316104
0.308007
0.300103
0.292399
0.284902
0.277621
0.270561
0.263731
0.257136
0.250782
0.244675
0.238822
0.233228
0.227898
0.222836
0.218048
0.213538
0.20931
0.205368
0.201715
0.198356
0.195292
0.192527
0.190064
0.187903
0.186048
0.1845
0.183261
0.18233
0.181711
0.181402
0.818607
0.818298
0.817678
0.816747
0.815507
0.813959
0.812104
0.809943
0.807479
0.804714
0.80165
0.79829
0.794637
0.790695
0.786467
0.781957
0.777168
0.772107
0.766776
0.761181
0.755328
0.749222
0.742868
0.736272
0.729441
0.722382
0.7151
0.707604
0.6999
0.691995
0.683898
0.675616
0.667157
0.65853
0.649743
0.640805
0.631724
0.622511
0.613173
0.603721
0.594163
0.58451
0.574771
0.564956
0.555075
0.545138
0.535155
0.525137
0.515092
0.505033
0.494968
0.484909
0.474864
0.464846
0.454863
0.444926
0.435045
0.42523
0.415491
0.405838
0.396281
0.386828
0.377491
0.368277
0.359197
0.350259
0.341472
0.332845
0.324386
0.316105
0.308007
0.300103
0.292399
0.284902
0.277621
0.270562
0.263731
0.257136
0.250782
0.244676
0.238823
0.233228
0.227898
0.222836
0.218048
0.213538
0.20931
0.205368
0.201716
0.198356
0.195293
0.192528
0.190064
0.187903
0.186048
0.1845
0.183261
0.182331
0.181711
0.181402
0.818607
0.818297
0.817677
0.816747
0.815507
0.813959
0.812103
0.809943
0.807479
0.804713
0.80165
0.79829
0.794637
0.790695
0.786467
0.781956
0.777168
0.772106
0.766776
0.761181
0.755328
0.749221
0.742867
0.736272
0.729441
0.722382
0.7151
0.707604
0.699899
0.691995
0.683897
0.675615
0.667157
0.65853
0.649743
0.640805
0.631724
0.622511
0.613173
0.603721
0.594163
0.58451
0.574771
0.564956
0.555075
0.545138
0.535155
0.525137
0.515092
0.505033
0.494968
0.484909
0.474864
0.464846
0.454863
0.444926
0.435045
0.42523
0.415491
0.405838
0.396281
0.386828
0.377491
0.368277
0.359197
0.350259
0.341472
0.332845
0.324387
0.316105
0.308008
0.300103
0.292399
0.284903
0.277621
0.270562
0.263731
0.257136
0.250782
0.244676
0.238823
0.233229
0.227898
0.222837
0.218049
0.213538
0.209311
0.205369
0.201716
0.198357
0.195293
0.192528
0.190064
0.187904
0.186049
0.184501
0.183261
0.182331
0.181711
0.181402
0.818606
0.818297
0.817677
0.816746
0.815507
0.813958
0.812103
0.809942
0.807478
0.804713
0.801649
0.798289
0.794637
0.790694
0.786466
0.781956
0.777168
0.772106
0.766775
0.761181
0.755327
0.749221
0.742867
0.736271
0.729441
0.722381
0.7151
0.707603
0.699899
0.691994
0.683897
0.675615
0.667156
0.658529
0.649742
0.640804
0.631724
0.62251
0.613173
0.60372
0.594163
0.58451
0.574771
0.564956
0.555075
0.545138
0.535155
0.525137
0.515092
0.505033
0.494968
0.484909
0.474864
0.464846
0.454863
0.444926
0.435045
0.42523
0.415491
0.405838
0.396281
0.386829
0.377491
0.368277
0.359197
0.350259
0.341472
0.332845
0.324387
0.316105
0.308008
0.300103
0.292399
0.284903
0.277622
0.270562
0.263732
0.257136
0.250783
0.244676
0.238823
0.233229
0.227899
0.222837
0.218049
0.213539
0.209311
0.205369
0.201717
0.198357
0.195293
0.192528
0.190065
0.187904
0.186049
0.184501
0.183262
0.182332
0.181712
0.181403
0.818606
0.818297
0.817676
0.816746
0.815506
0.813958
0.812102
0.809942
0.807478
0.804713
0.801649
0.798289
0.794636
0.790694
0.786466
0.781955
0.777167
0.772105
0.766775
0.76118
0.755327
0.74922
0.742866
0.736271
0.72944
0.722381
0.715099
0.707603
0.699899
0.691994
0.683897
0.675615
0.667156
0.658529
0.649742
0.640804
0.631724
0.62251
0.613173
0.60372
0.594163
0.58451
0.574771
0.564956
0.555075
0.545138
0.535155
0.525136
0.515092
0.505033
0.494968
0.484909
0.474864
0.464846
0.454863
0.444926
0.435045
0.42523
0.415491
0.405838
0.396281
0.386829
0.377491
0.368278
0.359197
0.350259
0.341473
0.332846
0.324387
0.316105
0.308008
0.300104
0.2924
0.284903
0.277622
0.270563
0.263732
0.257137
0.250783
0.244677
0.238824
0.233229
0.227899
0.222837
0.218049
0.213539
0.209311
0.205369
0.201717
0.198358
0.195294
0.192529
0.190065
0.187905
0.18605
0.184502
0.183262
0.182332
0.181712
0.181403
0.818605
0.818296
0.817676
0.816745
0.815505
0.813957
0.812102
0.809941
0.807477
0.804712
0.801648
0.798288
0.794636
0.790693
0.786465
0.781955
0.777167
0.772105
0.766774
0.76118
0.755326
0.74922
0.742866
0.736271
0.72944
0.72238
0.715099
0.707602
0.699898
0.691994
0.683896
0.675614
0.667156
0.658529
0.649742
0.640804
0.631723
0.62251
0.613172
0.60372
0.594162
0.584509
0.574771
0.564956
0.555075
0.545138
0.535155
0.525136
0.515092
0.505032
0.494968
0.484909
0.474864
0.464846
0.454863
0.444926
0.435045
0.42523
0.415491
0.405838
0.396281
0.386829
0.377491
0.368278
0.359198
0.35026
0.341473
0.332846
0.324387
0.316106
0.308008
0.300104
0.2924
0.284904
0.277622
0.270563
0.263733
0.257137
0.250784
0.244677
0.238824
0.23323
0.2279
0.222838
0.21805
0.21354
0.209312
0.20537
0.201718
0.198358
0.195295
0.19253
0.190066
0.187906
0.186051
0.184503
0.183263
0.182333
0.181713
0.181404
0.818604
0.818295
0.817675
0.816745
0.815505
0.813956
0.812101
0.809941
0.807477
0.804711
0.801647
0.798288
0.794635
0.790693
0.786465
0.781954
0.777166
0.772104
0.766774
0.761179
0.755326
0.749219
0.742865
0.73627
0.729439
0.72238
0.715098
0.707602
0.699898
0.691993
0.683896
0.675614
0.667155
0.658528
0.649741
0.640803
0.631723
0.622509
0.613172
0.60372
0.594162
0.584509
0.57477
0.564956
0.555075
0.545138
0.535155
0.525136
0.515092
0.505032
0.494968
0.484909
0.474864
0.464846
0.454863
0.444926
0.435045
0.42523
0.415492
0.405839
0.396281
0.386829
0.377492
0.368278
0.359198
0.35026
0.341473
0.332846
0.324388
0.316106
0.308009
0.300104
0.2924
0.284904
0.277623
0.270564
0.263733
0.257138
0.250784
0.244678
0.238825
0.233231
0.2279
0.222839
0.218051
0.213541
0.209313
0.205371
0.201718
0.198359
0.195295
0.19253
0.190067
0.187906
0.186051
0.184503
0.183264
0.182334
0.181714
0.181405
0.818604
0.818295
0.817674
0.816744
0.815504
0.813956
0.8121
0.80994
0.807476
0.804711
0.801647
0.798287
0.794634
0.790692
0.786464
0.781954
0.777165
0.772104
0.766773
0.761178
0.755325
0.749219
0.742865
0.736269
0.729439
0.722379
0.715098
0.707601
0.699897
0.691993
0.683895
0.675613
0.667155
0.658528
0.649741
0.640803
0.631723
0.622509
0.613172
0.603719
0.594162
0.584509
0.57477
0.564955
0.555074
0.545138
0.535155
0.525136
0.515092
0.505032
0.494968
0.484909
0.474864
0.464846
0.454863
0.444926
0.435045
0.425231
0.415492
0.405839
0.396281
0.386829
0.377492
0.368278
0.359198
0.35026
0.341474
0.332847
0.324388
0.316106
0.308009
0.300105
0.292401
0.284905
0.277623
0.270564
0.263734
0.257138
0.250785
0.244679
0.238826
0.233231
0.227901
0.222839
0.218051
0.213541
0.209313
0.205371
0.201719
0.19836
0.195296
0.192531
0.190067
0.187907
0.186052
0.184504
0.183264
0.182334
0.181715
0.181406
0.818603
0.818294
0.817674
0.816743
0.815503
0.813955
0.8121
0.809939
0.807475
0.80471
0.801646
0.798286
0.794633
0.790691
0.786463
0.781953
0.777165
0.772103
0.766772
0.761178
0.755324
0.749218
0.742864
0.736269
0.729438
0.722379
0.715097
0.707601
0.699897
0.691992
0.683895
0.675613
0.667154
0.658527
0.64974
0.640802
0.631722
0.622509
0.613171
0.603719
0.594162
0.584509
0.57477
0.564955
0.555074
0.545137
0.535155
0.525136
0.515092
0.505032
0.494968
0.484909
0.474864
0.464846
0.454863
0.444926
0.435045
0.425231
0.415492
0.405839
0.396282
0.38683
0.377492
0.368279
0.359199
0.350261
0.341474
0.332847
0.324389
0.316107
0.30801
0.300105
0.292401
0.284905
0.277624
0.270565
0.263734
0.257139
0.250785
0.244679
0.238826
0.233232
0.227902
0.22284
0.218052
0.213542
0.209314
0.205372
0.20172
0.19836
0.195297
0.192532
0.190068
0.187908
0.186053
0.184505
0.183265
0.182335
0.181715
0.181407
0.818602
0.818293
0.817673
0.816742
0.815502
0.813954
0.812099
0.809938
0.807474
0.804709
0.801645
0.798285
0.794633
0.79069
0.786462
0.781952
0.777164
0.772102
0.766771
0.761177
0.755324
0.749217
0.742863
0.736268
0.729437
0.722378
0.715096
0.7076
0.699896
0.691991
0.683894
0.675612
0.667154
0.658527
0.64974
0.640802
0.631722
0.622508
0.613171
0.603719
0.594161
0.584508
0.57477
0.564955
0.555074
0.545137
0.535154
0.525136
0.515092
0.505032
0.494968
0.484909
0.474864
0.464846
0.454863
0.444926
0.435046
0.425231
0.415492
0.405839
0.396282
0.38683
0.377493
0.368279
0.359199
0.350261
0.341475
0.332848
0.324389
0.316107
0.30801
0.300106
0.292402
0.284906
0.277625
0.270565
0.263735
0.25714
0.250786
0.24468
0.238827
0.233233
0.227902
0.222841
0.218053
0.213543
0.209315
0.205373
0.201721
0.198361
0.195298
0.192533
0.190069
0.187909
0.186054
0.184506
0.183266
0.182336
0.181716
0.181407
0.818601
0.818292
0.817672
0.816741
0.815501
0.813953
0.812098
0.809937
0.807473
0.804708
0.801644
0.798284
0.794632
0.790689
0.786461
0.781951
0.777163
0.772101
0.76677
0.761176
0.755323
0.749216
0.742862
0.736267
0.729436
0.722377
0.715096
0.707599
0.699895
0.691991
0.683894
0.675612
0.667153
0.658526
0.649739
0.640801
0.631721
0.622508
0.61317
0.603718
0.594161
0.584508
0.574769
0.564955
0.555074
0.545137
0.535154
0.525136
0.515092
0.505032
0.494968
0.484909
0.474864
0.464846
0.454863
0.444926
0.435046
0.425231
0.415492
0.40584
0.396282
0.38683
0.377493
0.36828
0.359199
0.350262
0.341475
0.332848
0.32439
0.316108
0.308011
0.300107
0.292403
0.284907
0.277625
0.270566
0.263736
0.257141
0.250787
0.244681
0.238828
0.233234
0.227903
0.222842
0.218054
0.213544
0.209316
0.205374
0.201722
0.198362
0.195299
0.192534
0.19007
0.18791
0.186055
0.184507
0.183267
0.182337
0.181717
0.181409
0.8186
0.818291
0.817671
0.81674
0.8155
0.813952
0.812097
0.809936
0.807472
0.804707
0.801643
0.798283
0.794631
0.790688
0.78646
0.78195
0.777162
0.7721
0.766769
0.761175
0.755322
0.749215
0.742862
0.736266
0.729436
0.722376
0.715095
0.707599
0.699894
0.69199
0.683893
0.675611
0.667152
0.658525
0.649739
0.640801
0.631721
0.622507
0.61317
0.603718
0.59416
0.584508
0.574769
0.564954
0.555073
0.545137
0.535154
0.525136
0.515091
0.505032
0.494968
0.484909
0.474864
0.464846
0.454863
0.444927
0.435046
0.425231
0.415493
0.40584
0.396283
0.386831
0.377493
0.36828
0.3592
0.350262
0.341476
0.332849
0.32439
0.316109
0.308012
0.300107
0.292403
0.284907
0.277626
0.270567
0.263737
0.257142
0.250788
0.244682
0.238829
0.233235
0.227904
0.222843
0.218055
0.213545
0.209317
0.205375
0.201723
0.198363
0.1953
0.192535
0.190071
0.187911
0.186056
0.184508
0.183269
0.182338
0.181719
0.18141
0.818599
0.81829
0.81767
0.816739
0.815499
0.813951
0.812096
0.809935
0.807471
0.804706
0.801642
0.798282
0.794629
0.790687
0.786459
0.781949
0.777161
0.772099
0.766768
0.761174
0.755321
0.749214
0.742861
0.736265
0.729435
0.722375
0.715094
0.707598
0.699894
0.691989
0.683892
0.67561
0.667152
0.658525
0.649738
0.6408
0.63172
0.622507
0.613169
0.603717
0.59416
0.584507
0.574769
0.564954
0.555073
0.545136
0.535154
0.525135
0.515091
0.505032
0.494968
0.484909
0.474864
0.464846
0.454863
0.444927
0.435046
0.425232
0.415493
0.40584
0.396283
0.386831
0.377494
0.36828
0.3592
0.350263
0.341476
0.332849
0.324391
0.316109
0.308012
0.300108
0.292404
0.284908
0.277627
0.270568
0.263738
0.257142
0.250789
0.244683
0.23883
0.233236
0.227905
0.222844
0.218056
0.213546
0.209318
0.205376
0.201724
0.198365
0.195301
0.192536
0.190073
0.187912
0.186057
0.184509
0.18327
0.18234
0.18172
0.181411
0.818598
0.818288
0.817668
0.816738
0.815498
0.81395
0.812094
0.809934
0.80747
0.804705
0.801641
0.798281
0.794628
0.790686
0.786458
0.781948
0.77716
0.772098
0.766767
0.761173
0.75532
0.749213
0.74286
0.736264
0.729434
0.722374
0.715093
0.707597
0.699893
0.691988
0.683891
0.675609
0.667151
0.658524
0.649737
0.6408
0.63172
0.622506
0.613169
0.603717
0.59416
0.584507
0.574768
0.564954
0.555073
0.545136
0.535154
0.525135
0.515091
0.505032
0.494968
0.484909
0.474865
0.464846
0.454864
0.444927
0.435046
0.425232
0.415493
0.405841
0.396283
0.386831
0.377494
0.368281
0.359201
0.350263
0.341477
0.33285
0.324392
0.31611
0.308013
0.300109
0.292405
0.284909
0.277628
0.270569
0.263738
0.257143
0.25079
0.244684
0.238831
0.233237
0.227906
0.222845
0.218057
0.213547
0.209319
0.205378
0.201725
0.198366
0.195302
0.192537
0.190074
0.187914
0.186059
0.184511
0.183271
0.182341
0.181721
0.181412
0.818596
0.818287
0.817667
0.816737
0.815497
0.813948
0.812093
0.809932
0.807468
0.804703
0.801639
0.79828
0.794627
0.790685
0.786457
0.781946
0.777158
0.772097
0.766766
0.761172
0.755319
0.749212
0.742858
0.736263
0.729433
0.722373
0.715092
0.707596
0.699892
0.691987
0.68389
0.675609
0.66715
0.658523
0.649737
0.640799
0.631719
0.622506
0.613168
0.603716
0.594159
0.584506
0.574768
0.564953
0.555073
0.545136
0.535153
0.525135
0.515091
0.505032
0.494968
0.484909
0.474865
0.464846
0.454864
0.444927
0.435047
0.425232
0.415494
0.405841
0.396284
0.386832
0.377495
0.368282
0.359202
0.350264
0.341477
0.332851
0.324392
0.316111
0.308014
0.30011
0.292406
0.28491
0.277629
0.27057
0.263739
0.257144
0.250791
0.244685
0.238832
0.233238
0.227908
0.222846
0.218058
0.213548
0.209321
0.205379
0.201727
0.198367
0.195304
0.192539
0.190075
0.187915
0.18606
0.184512
0.183272
0.182342
0.181723
0.181414
0.818595
0.818286
0.817666
0.816735
0.815495
0.813947
0.812092
0.809931
0.807467
0.804702
0.801638
0.798278
0.794626
0.790683
0.786455
0.781945
0.777157
0.772095
0.766765
0.76117
0.755317
0.749211
0.742857
0.736262
0.729432
0.722372
0.715091
0.707595
0.699891
0.691986
0.683889
0.675608
0.667149
0.658523
0.649736
0.640798
0.631718
0.622505
0.613168
0.603716
0.594159
0.584506
0.574767
0.564953
0.555072
0.545136
0.535153
0.525135
0.515091
0.505032
0.494968
0.484909
0.474865
0.464846
0.454864
0.444927
0.435047
0.425232
0.415494
0.405841
0.396284
0.386832
0.377495
0.368282
0.359202
0.350265
0.341478
0.332852
0.324393
0.316112
0.308015
0.300111
0.292407
0.284911
0.27763
0.270571
0.263741
0.257146
0.250792
0.244686
0.238833
0.233239
0.227909
0.222847
0.21806
0.21355
0.209322
0.20538
0.201728
0.198368
0.195305
0.19254
0.190077
0.187916
0.186061
0.184513
0.183274
0.182344
0.181724
0.181415
0.818594
0.818284
0.817664
0.816734
0.815494
0.813946
0.81209
0.80993
0.807466
0.8047
0.801637
0.798277
0.794624
0.790682
0.786454
0.781944
0.777156
0.772094
0.766764
0.761169
0.755316
0.74921
0.742856
0.736261
0.72943
0.722371
0.71509
0.707594
0.69989
0.691985
0.683889
0.675607
0.667148
0.658522
0.649735
0.640797
0.631717
0.622504
0.613167
0.603715
0.594158
0.584505
0.574767
0.564952
0.555072
0.545135
0.535153
0.525135
0.515091
0.505032
0.494968
0.484909
0.474865
0.464846
0.454864
0.444928
0.435047
0.425233
0.415494
0.405842
0.396285
0.386833
0.377496
0.368283
0.359203
0.350265
0.341479
0.332852
0.324394
0.316113
0.308016
0.300112
0.292408
0.284912
0.277631
0.270572
0.263742
0.257147
0.250793
0.244687
0.238834
0.23324
0.22791
0.222849
0.218061
0.213551
0.209323
0.205382
0.201729
0.19837
0.195306
0.192542
0.190078
0.187918
0.186063
0.184515
0.183275
0.182345
0.181726
0.181417
0.818592
0.818283
0.817663
0.816732
0.815492
0.813944
0.812089
0.809928
0.807464
0.804699
0.801635
0.798275
0.794623
0.790681
0.786453
0.781942
0.777154
0.772093
0.766762
0.761168
0.755315
0.749209
0.742855
0.73626
0.729429
0.72237
0.715089
0.707593
0.699889
0.691984
0.683887
0.675606
0.667147
0.658521
0.649734
0.640797
0.631717
0.622504
0.613166
0.603715
0.594157
0.584505
0.574766
0.564952
0.555072
0.545135
0.535153
0.525134
0.515091
0.505032
0.494968
0.484909
0.474865
0.464847
0.454864
0.444928
0.435047
0.425233
0.415495
0.405842
0.396285
0.386833
0.377496
0.368283
0.359204
0.350266
0.34148
0.332853
0.324395
0.316113
0.308017
0.300113
0.292409
0.284913
0.277632
0.270573
0.263743
0.257148
0.250794
0.244688
0.238836
0.233242
0.227912
0.22285
0.218062
0.213553
0.209325
0.205383
0.201731
0.198371
0.195308
0.192543
0.19008
0.187919
0.186064
0.184517
0.183277
0.182347
0.181727
0.181418
0.818591
0.818281
0.817661
0.816731
0.815491
0.813942
0.812087
0.809926
0.807462
0.804697
0.801633
0.798274
0.794621
0.790679
0.786451
0.781941
0.777153
0.772091
0.766761
0.761166
0.755313
0.749207
0.742853
0.736258
0.729428
0.722369
0.715088
0.707591
0.699888
0.691983
0.683886
0.675605
0.667147
0.65852
0.649733
0.640796
0.631716
0.622503
0.613166
0.603714
0.594157
0.584504
0.574766
0.564952
0.555071
0.545135
0.535152
0.525134
0.515091
0.505031
0.494968
0.484909
0.474865
0.464847
0.454864
0.444928
0.435048
0.425233
0.415495
0.405843
0.396286
0.386834
0.377497
0.368284
0.359204
0.350267
0.34148
0.332854
0.324396
0.316114
0.308018
0.300114
0.29241
0.284914
0.277633
0.270574
0.263744
0.257149
0.250796
0.24469
0.238837
0.233243
0.227913
0.222852
0.218064
0.213554
0.209326
0.205385
0.201732
0.198373
0.19531
0.192545
0.190081
0.187921
0.186066
0.184518
0.183279
0.182349
0.181729
0.18142
0.818589
0.81828
0.81766
0.816729
0.815489
0.813941
0.812085
0.809925
0.807461
0.804696
0.801632
0.798272
0.794619
0.790677
0.786449
0.781939
0.777151
0.77209
0.766759
0.761165
0.755312
0.749206
0.742852
0.736257
0.729426
0.722367
0.715086
0.70759
0.699886
0.691982
0.683885
0.675604
0.667145
0.658519
0.649732
0.640795
0.631715
0.622502
0.613165
0.603713
0.594156
0.584504
0.574765
0.564951
0.555071
0.545134
0.535152
0.525134
0.51509
0.505031
0.494968
0.484909
0.474865
0.464847
0.454865
0.444928
0.435048
0.425234
0.415495
0.405843
0.396286
0.386835
0.377498
0.368285
0.359205
0.350268
0.341481
0.332855
0.324397
0.316115
0.308019
0.300115
0.292411
0.284915
0.277634
0.270576
0.263745
0.257151
0.250797
0.244691
0.238839
0.233245
0.227914
0.222853
0.218066
0.213556
0.209328
0.205386
0.201734
0.198375
0.195311
0.192547
0.190083
0.187923
0.186068
0.18452
0.18328
0.18235
0.181731
0.181422
0.818587
0.818278
0.817658
0.816727
0.815487
0.813939
0.812084
0.809923
0.807459
0.804694
0.80163
0.79827
0.794618
0.790676
0.786448
0.781938
0.777149
0.772088
0.766758
0.761163
0.75531
0.749204
0.742851
0.736255
0.729425
0.722366
0.715085
0.707589
0.699885
0.691981
0.683884
0.675603
0.667144
0.658518
0.649732
0.640794
0.631714
0.622501
0.613164
0.603713
0.594156
0.584503
0.574765
0.564951
0.55507
0.545134
0.535152
0.525134
0.51509
0.505031
0.494968
0.484909
0.474865
0.464847
0.454865
0.444929
0.435048
0.425234
0.415496
0.405844
0.396287
0.386835
0.377498
0.368285
0.359206
0.350268
0.341482
0.332856
0.324398
0.316117
0.30802
0.300116
0.292412
0.284917
0.277636
0.270577
0.263747
0.257152
0.250799
0.244693
0.23884
0.233246
0.227916
0.222855
0.218067
0.213557
0.20933
0.205388
0.201736
0.198377
0.195313
0.192548
0.190085
0.187925
0.18607
0.184522
0.183282
0.182352
0.181733
0.181424
0.818586
0.818277
0.817656
0.816726
0.815486
0.813937
0.812082
0.809921
0.807457
0.804692
0.801628
0.798268
0.794616
0.790674
0.786446
0.781936
0.777148
0.772086
0.766756
0.761162
0.755309
0.749203
0.742849
0.736254
0.729424
0.722365
0.715084
0.707588
0.699884
0.69198
0.683883
0.675601
0.667143
0.658517
0.64973
0.640793
0.631713
0.6225
0.613163
0.603712
0.594155
0.584503
0.574764
0.56495
0.55507
0.545134
0.535152
0.525134
0.51509
0.505031
0.494968
0.484909
0.474865
0.464847
0.454865
0.444929
0.435049
0.425235
0.415496
0.405844
0.396287
0.386836
0.377499
0.368286
0.359207
0.350269
0.341483
0.332857
0.324399
0.316118
0.308021
0.300117
0.292414
0.284918
0.277637
0.270578
0.263748
0.257154
0.2508
0.244694
0.238842
0.233248
0.227918
0.222857
0.218069
0.213559
0.209332
0.20539
0.201738
0.198378
0.195315
0.19255
0.190087
0.187927
0.186072
0.184524
0.183284
0.182354
0.181734
0.181426
0.818585
0.818275
0.817655
0.816724
0.815484
0.813935
0.81208
0.809919
0.807455
0.80469
0.801626
0.798267
0.794614
0.790672
0.786444
0.781934
0.777146
0.772084
0.766754
0.76116
0.755307
0.749201
0.742847
0.736252
0.729422
0.722363
0.715082
0.707586
0.699882
0.691978
0.683882
0.6756
0.667142
0.658516
0.649729
0.640792
0.631712
0.6225
0.613163
0.603711
0.594154
0.584502
0.574764
0.56495
0.55507
0.545133
0.535151
0.525133
0.51509
0.505031
0.494968
0.484909
0.474865
0.464847
0.454865
0.444929
0.435049
0.425235
0.415497
0.405845
0.396288
0.386837
0.3775
0.368287
0.359208
0.35027
0.341484
0.332858
0.3244
0.316119
0.308022
0.300118
0.292415
0.284919
0.277639
0.27058
0.26375
0.257155
0.250802
0.244696
0.238843
0.233249
0.227919
0.222858
0.218071
0.213561
0.209333
0.205392
0.20174
0.19838
0.195317
0.192552
0.190089
0.187929
0.186074
0.184526
0.183286
0.182356
0.181737
0.181428
0.818583
0.818273
0.817653
0.816722
0.815482
0.813933
0.812078
0.809917
0.807453
0.804688
0.801624
0.798264
0.794612
0.79067
0.786442
0.781932
0.777144
0.772083
0.766752
0.761158
0.755305
0.749199
0.742846
0.736251
0.72942
0.722361
0.715081
0.707585
0.699881
0.691977
0.68388
0.675599
0.667141
0.658515
0.649728
0.640791
0.631711
0.622499
0.613162
0.60371
0.594154
0.584501
0.574763
0.564949
0.555069
0.545133
0.535151
0.525133
0.51509
0.505031
0.494968
0.484909
0.474865
0.464848
0.454866
0.444929
0.435049
0.425235
0.415497
0.405845
0.396289
0.386837
0.377501
0.368288
0.359208
0.350271
0.341485
0.332859
0.324401
0.31612
0.308024
0.30012
0.292416
0.284921
0.27764
0.270581
0.263751
0.257157
0.250803
0.244698
0.238845
0.233251
0.227921
0.22286
0.218073
0.213563
0.209335
0.205394
0.201742
0.198382
0.195319
0.192554
0.190091
0.187931
0.186076
0.184528
0.183288
0.182358
0.181739
0.18143
)
;

boundaryField
{
    xmin
    {
        type            zeroGradient;
    }
    xmax
    {
        type            zeroGradient;
    }
    ymin
    {
        type            zeroGradient;
    }
    ymax
    {
        type            zeroGradient;
    }
    zmin
    {
        type            empty;
    }
    zmax
    {
        type            empty;
    }
}


// ************************************************************************* //
