/*--------------------------------*- C++ -*----------------------------------*\
  =========                 |
  \\      /  F ield         | OpenFOAM: The Open Source CFD Toolbox
   \\    /   O peration     | Website:  https://openfoam.org
    \\  /    A nd           | Version:  6
     \\/     M anipulation  |
\*---------------------------------------------------------------------------*/
FoamFile
{
    version     2.0;
    format      ascii;
    class       volScalarField;
    location    "20";
    object      T;
}
// * * * * * * * * * * * * * * * * * * * * * * * * * * * * * * * * * * * * * //

dimensions      [0 0 0 1 0 0 0];

internalField   nonuniform List<scalar> 
5000
(
0.588446
0.588359
0.588185
0.587924
0.587576
0.587142
0.586622
0.586016
0.585325
0.584551
0.583692
0.582751
0.581729
0.580625
0.579442
0.578181
0.576842
0.575428
0.573939
0.572378
0.570744
0.569041
0.56727
0.565432
0.56353
0.561565
0.55954
0.557455
0.555314
0.553118
0.55087
0.548572
0.546226
0.543834
0.541398
0.538922
0.536408
0.533857
0.531274
0.528659
0.526016
0.523347
0.520655
0.517943
0.515214
0.512469
0.509712
0.506945
0.504171
0.501394
0.498615
0.495837
0.493064
0.490297
0.48754
0.484795
0.482065
0.479353
0.476661
0.473993
0.47135
0.468735
0.466151
0.463601
0.461086
0.45861
0.456175
0.453783
0.451437
0.449138
0.44689
0.444695
0.442554
0.440469
0.438443
0.436479
0.434576
0.432739
0.430968
0.429265
0.427632
0.42607
0.424581
0.423167
0.421828
0.420567
0.419384
0.418281
0.417258
0.416317
0.415459
0.414684
0.413993
0.413388
0.412867
0.412433
0.412085
0.411824
0.41165
0.411563
0.588446
0.58836
0.588186
0.587925
0.587577
0.587143
0.586622
0.586017
0.585326
0.584551
0.583693
0.582752
0.581729
0.580626
0.579443
0.578181
0.576843
0.575429
0.57394
0.572378
0.570745
0.569042
0.56727
0.565433
0.563531
0.561566
0.55954
0.557456
0.555314
0.553119
0.550871
0.548572
0.546226
0.543834
0.541399
0.538923
0.536408
0.533858
0.531274
0.528659
0.526016
0.523347
0.520656
0.517943
0.515214
0.512469
0.509712
0.506945
0.504171
0.501394
0.498615
0.495837
0.493063
0.490297
0.48754
0.484795
0.482065
0.479353
0.476661
0.473992
0.471349
0.468735
0.466151
0.463601
0.461086
0.45861
0.456175
0.453783
0.451437
0.449138
0.44689
0.444694
0.442553
0.440469
0.438443
0.436478
0.434576
0.432738
0.430967
0.429264
0.427631
0.426069
0.424581
0.423166
0.421828
0.420566
0.419384
0.41828
0.417258
0.416317
0.415458
0.414684
0.413993
0.413387
0.412867
0.412433
0.412085
0.411824
0.41165
0.411563
0.588447
0.58836
0.588186
0.587925
0.587577
0.587143
0.586623
0.586017
0.585326
0.584551
0.583693
0.582752
0.581729
0.580626
0.579443
0.578182
0.576843
0.575429
0.57394
0.572378
0.570745
0.569042
0.567271
0.565433
0.563531
0.561566
0.55954
0.557456
0.555315
0.553119
0.550871
0.548572
0.546226
0.543834
0.541399
0.538923
0.536408
0.533858
0.531274
0.528659
0.526016
0.523347
0.520656
0.517943
0.515214
0.512469
0.509712
0.506945
0.504171
0.501394
0.498615
0.495837
0.493063
0.490297
0.48754
0.484795
0.482065
0.479353
0.476661
0.473992
0.471349
0.468735
0.466151
0.4636
0.461086
0.45861
0.456175
0.453783
0.451436
0.449138
0.44689
0.444694
0.442553
0.440468
0.438443
0.436478
0.434576
0.432738
0.430967
0.429264
0.427631
0.426069
0.42458
0.423166
0.421827
0.420566
0.419383
0.41828
0.417257
0.416316
0.415458
0.414683
0.413992
0.413387
0.412866
0.412432
0.412084
0.411823
0.411649
0.411563
0.588447
0.588361
0.588187
0.587926
0.587578
0.587144
0.586623
0.586018
0.585327
0.584552
0.583694
0.582753
0.58173
0.580627
0.579444
0.578182
0.576844
0.575429
0.573941
0.572379
0.570745
0.569042
0.567271
0.565434
0.563531
0.561566
0.559541
0.557456
0.555315
0.553119
0.550871
0.548573
0.546226
0.543834
0.541399
0.538923
0.536408
0.533858
0.531274
0.528659
0.526016
0.523347
0.520656
0.517944
0.515214
0.512469
0.509712
0.506945
0.504171
0.501394
0.498615
0.495837
0.493063
0.490297
0.487539
0.484795
0.482065
0.479353
0.476661
0.473992
0.471349
0.468734
0.466151
0.4636
0.461086
0.458609
0.456174
0.453782
0.451436
0.449138
0.446889
0.444694
0.442552
0.440468
0.438442
0.436478
0.434575
0.432738
0.430967
0.429264
0.42763
0.426069
0.42458
0.423165
0.421827
0.420566
0.419383
0.418279
0.417257
0.416316
0.415458
0.414683
0.413992
0.413386
0.412866
0.412432
0.412084
0.411823
0.411649
0.411562
0.588448
0.588361
0.588187
0.587926
0.587578
0.587144
0.586624
0.586018
0.585327
0.584552
0.583694
0.582753
0.58173
0.580627
0.579444
0.578183
0.576844
0.57543
0.573941
0.572379
0.570746
0.569043
0.567271
0.565434
0.563532
0.561567
0.559541
0.557456
0.555315
0.553119
0.550871
0.548573
0.546226
0.543834
0.541399
0.538923
0.536409
0.533858
0.531274
0.528659
0.526016
0.523348
0.520656
0.517944
0.515214
0.512469
0.509712
0.506945
0.504171
0.501394
0.498615
0.495837
0.493063
0.490297
0.487539
0.484794
0.482065
0.479352
0.476661
0.473992
0.471349
0.468734
0.46615
0.4636
0.461085
0.458609
0.456174
0.453782
0.451436
0.449137
0.446889
0.444693
0.442552
0.440468
0.438442
0.436477
0.434575
0.432737
0.430966
0.429263
0.42763
0.426068
0.424579
0.423165
0.421827
0.420565
0.419382
0.418279
0.417256
0.416315
0.415457
0.414682
0.413992
0.413386
0.412866
0.412431
0.412084
0.411823
0.411649
0.411562
0.588448
0.588362
0.588188
0.587927
0.587579
0.587144
0.586624
0.586018
0.585328
0.584553
0.583694
0.582753
0.581731
0.580627
0.579444
0.578183
0.576844
0.57543
0.573941
0.572379
0.570746
0.569043
0.567272
0.565434
0.563532
0.561567
0.559541
0.557457
0.555316
0.55312
0.550871
0.548573
0.546227
0.543835
0.541399
0.538923
0.536409
0.533858
0.531274
0.528659
0.526016
0.523348
0.520656
0.517944
0.515214
0.512469
0.509712
0.506945
0.504171
0.501394
0.498615
0.495837
0.493063
0.490296
0.487539
0.484794
0.482065
0.479352
0.476661
0.473992
0.471349
0.468734
0.46615
0.4636
0.461085
0.458609
0.456174
0.453782
0.451435
0.449137
0.446889
0.444693
0.442552
0.440467
0.438442
0.436477
0.434575
0.432737
0.430966
0.429263
0.42763
0.426068
0.424579
0.423165
0.421826
0.420565
0.419382
0.418279
0.417256
0.416315
0.415457
0.414682
0.413991
0.413385
0.412865
0.412431
0.412083
0.411822
0.411648
0.411562
0.588449
0.588362
0.588188
0.587927
0.587579
0.587145
0.586625
0.586019
0.585328
0.584553
0.583695
0.582754
0.581731
0.580628
0.579445
0.578183
0.576845
0.57543
0.573942
0.57238
0.570746
0.569043
0.567272
0.565434
0.563532
0.561567
0.559541
0.557457
0.555316
0.55312
0.550872
0.548573
0.546227
0.543835
0.5414
0.538923
0.536409
0.533858
0.531274
0.52866
0.526017
0.523348
0.520656
0.517944
0.515214
0.512469
0.509712
0.506945
0.504171
0.501394
0.498615
0.495837
0.493063
0.490296
0.487539
0.484794
0.482064
0.479352
0.47666
0.473992
0.471349
0.468734
0.46615
0.4636
0.461085
0.458609
0.456174
0.453782
0.451435
0.449137
0.446889
0.444693
0.442552
0.440467
0.438442
0.436477
0.434574
0.432737
0.430966
0.429262
0.427629
0.426067
0.424579
0.423164
0.421826
0.420564
0.419382
0.418278
0.417256
0.416315
0.415456
0.414681
0.413991
0.413385
0.412865
0.412431
0.412083
0.411822
0.411648
0.411561
0.588449
0.588362
0.588188
0.587927
0.587579
0.587145
0.586625
0.586019
0.585328
0.584553
0.583695
0.582754
0.581731
0.580628
0.579445
0.578184
0.576845
0.575431
0.573942
0.57238
0.570747
0.569044
0.567272
0.565435
0.563532
0.561567
0.559542
0.557457
0.555316
0.55312
0.550872
0.548573
0.546227
0.543835
0.5414
0.538924
0.536409
0.533858
0.531274
0.52866
0.526017
0.523348
0.520656
0.517944
0.515214
0.512469
0.509712
0.506945
0.504171
0.501394
0.498615
0.495837
0.493063
0.490296
0.487539
0.484794
0.482064
0.479352
0.47666
0.473992
0.471349
0.468734
0.46615
0.463599
0.461085
0.458609
0.456173
0.453781
0.451435
0.449137
0.446888
0.444693
0.442551
0.440467
0.438441
0.436476
0.434574
0.432736
0.430965
0.429262
0.427629
0.426067
0.424578
0.423164
0.421825
0.420564
0.419381
0.418278
0.417255
0.416314
0.415456
0.414681
0.41399
0.413385
0.412864
0.41243
0.412082
0.411821
0.411648
0.411561
0.588449
0.588363
0.588189
0.587928
0.58758
0.587146
0.586625
0.586019
0.585329
0.584554
0.583695
0.582754
0.581732
0.580628
0.579445
0.578184
0.576845
0.575431
0.573942
0.57238
0.570747
0.569044
0.567273
0.565435
0.563533
0.561568
0.559542
0.557457
0.555316
0.55312
0.550872
0.548574
0.546227
0.543835
0.5414
0.538924
0.536409
0.533859
0.531275
0.52866
0.526017
0.523348
0.520656
0.517944
0.515214
0.512469
0.509712
0.506945
0.504171
0.501394
0.498615
0.495837
0.493063
0.490296
0.487539
0.484794
0.482064
0.479352
0.47666
0.473992
0.471348
0.468734
0.46615
0.463599
0.461085
0.458608
0.456173
0.453781
0.451435
0.449136
0.446888
0.444692
0.442551
0.440467
0.438441
0.436476
0.434574
0.432736
0.430965
0.429262
0.427629
0.426067
0.424578
0.423164
0.421825
0.420564
0.419381
0.418278
0.417255
0.416314
0.415456
0.414681
0.41399
0.413384
0.412864
0.41243
0.412082
0.411821
0.411647
0.411561
0.58845
0.588363
0.588189
0.587928
0.58758
0.587146
0.586626
0.58602
0.585329
0.584554
0.583696
0.582755
0.581732
0.580629
0.579446
0.578184
0.576846
0.575431
0.573942
0.572381
0.570747
0.569044
0.567273
0.565435
0.563533
0.561568
0.559542
0.557458
0.555316
0.553121
0.550872
0.548574
0.546227
0.543835
0.5414
0.538924
0.536409
0.533859
0.531275
0.52866
0.526017
0.523348
0.520656
0.517944
0.515214
0.512469
0.509712
0.506945
0.504171
0.501394
0.498615
0.495837
0.493063
0.490296
0.487539
0.484794
0.482064
0.479352
0.47666
0.473991
0.471348
0.468734
0.46615
0.463599
0.461084
0.458608
0.456173
0.453781
0.451435
0.449136
0.446888
0.444692
0.442551
0.440466
0.438441
0.436476
0.434574
0.432736
0.430965
0.429262
0.427628
0.426067
0.424578
0.423163
0.421825
0.420564
0.419381
0.418277
0.417255
0.416314
0.415455
0.41468
0.41399
0.413384
0.412864
0.41243
0.412082
0.411821
0.411647
0.41156
0.58845
0.588363
0.588189
0.587928
0.58758
0.587146
0.586626
0.58602
0.585329
0.584554
0.583696
0.582755
0.581732
0.580629
0.579446
0.578184
0.576846
0.575432
0.573943
0.572381
0.570747
0.569044
0.567273
0.565435
0.563533
0.561568
0.559542
0.557458
0.555317
0.553121
0.550872
0.548574
0.546227
0.543835
0.5414
0.538924
0.536409
0.533859
0.531275
0.52866
0.526017
0.523348
0.520656
0.517944
0.515214
0.512469
0.509712
0.506945
0.504171
0.501394
0.498614
0.495837
0.493063
0.490296
0.487539
0.484794
0.482064
0.479352
0.47666
0.473991
0.471348
0.468733
0.466149
0.463599
0.461084
0.458608
0.456173
0.453781
0.451434
0.449136
0.446888
0.444692
0.442551
0.440466
0.438441
0.436476
0.434573
0.432736
0.430964
0.429261
0.427628
0.426066
0.424578
0.423163
0.421825
0.420563
0.41938
0.418277
0.417254
0.416313
0.415455
0.41468
0.41399
0.413384
0.412864
0.412429
0.412082
0.411821
0.411647
0.41156
0.58845
0.588364
0.58819
0.587929
0.587581
0.587146
0.586626
0.58602
0.58533
0.584555
0.583696
0.582755
0.581732
0.580629
0.579446
0.578185
0.576846
0.575432
0.573943
0.572381
0.570748
0.569045
0.567273
0.565436
0.563533
0.561568
0.559543
0.557458
0.555317
0.553121
0.550873
0.548574
0.546228
0.543836
0.5414
0.538924
0.536409
0.533859
0.531275
0.52866
0.526017
0.523348
0.520656
0.517944
0.515214
0.512469
0.509712
0.506945
0.504171
0.501394
0.498614
0.495837
0.493063
0.490296
0.487539
0.484794
0.482064
0.479352
0.47666
0.473991
0.471348
0.468733
0.466149
0.463599
0.461084
0.458608
0.456173
0.453781
0.451434
0.449136
0.446888
0.444692
0.442551
0.440466
0.43844
0.436475
0.434573
0.432735
0.430964
0.429261
0.427628
0.426066
0.424577
0.423163
0.421824
0.420563
0.41938
0.418277
0.417254
0.416313
0.415455
0.41468
0.413989
0.413384
0.412863
0.412429
0.412081
0.41182
0.411646
0.41156
0.588451
0.588364
0.58819
0.587929
0.587581
0.587147
0.586626
0.586021
0.58533
0.584555
0.583696
0.582755
0.581733
0.580629
0.579446
0.578185
0.576846
0.575432
0.573943
0.572381
0.570748
0.569045
0.567273
0.565436
0.563533
0.561568
0.559543
0.557458
0.555317
0.553121
0.550873
0.548574
0.546228
0.543836
0.5414
0.538924
0.536409
0.533859
0.531275
0.52866
0.526017
0.523348
0.520656
0.517944
0.515214
0.512469
0.509712
0.506945
0.504171
0.501394
0.498614
0.495837
0.493063
0.490296
0.487539
0.484794
0.482064
0.479352
0.47666
0.473991
0.471348
0.468733
0.466149
0.463599
0.461084
0.458608
0.456173
0.453781
0.451434
0.449136
0.446887
0.444692
0.44255
0.440466
0.43844
0.436475
0.434573
0.432735
0.430964
0.429261
0.427628
0.426066
0.424577
0.423163
0.421824
0.420563
0.41938
0.418277
0.417254
0.416313
0.415455
0.41468
0.413989
0.413383
0.412863
0.412429
0.412081
0.41182
0.411646
0.41156
0.588451
0.588364
0.58819
0.587929
0.587581
0.587147
0.586627
0.586021
0.58533
0.584555
0.583697
0.582756
0.581733
0.58063
0.579447
0.578185
0.576847
0.575432
0.573943
0.572381
0.570748
0.569045
0.567274
0.565436
0.563534
0.561569
0.559543
0.557458
0.555317
0.553121
0.550873
0.548574
0.546228
0.543836
0.5414
0.538924
0.53641
0.533859
0.531275
0.52866
0.526017
0.523348
0.520656
0.517944
0.515214
0.512469
0.509712
0.506945
0.504171
0.501393
0.498614
0.495837
0.493063
0.490296
0.487539
0.484794
0.482064
0.479352
0.47666
0.473991
0.471348
0.468733
0.466149
0.463599
0.461084
0.458608
0.456172
0.45378
0.451434
0.449136
0.446887
0.444691
0.44255
0.440466
0.43844
0.436475
0.434573
0.432735
0.430964
0.429261
0.427627
0.426066
0.424577
0.423162
0.421824
0.420563
0.41938
0.418276
0.417254
0.416313
0.415454
0.41468
0.413989
0.413383
0.412863
0.412429
0.412081
0.41182
0.411646
0.411559
0.588451
0.588364
0.58819
0.587929
0.587581
0.587147
0.586627
0.586021
0.58533
0.584555
0.583697
0.582756
0.581733
0.58063
0.579447
0.578185
0.576847
0.575432
0.573943
0.572382
0.570748
0.569045
0.567274
0.565436
0.563534
0.561569
0.559543
0.557458
0.555317
0.553121
0.550873
0.548574
0.546228
0.543836
0.5414
0.538924
0.53641
0.533859
0.531275
0.52866
0.526017
0.523348
0.520656
0.517944
0.515214
0.512469
0.509712
0.506945
0.504171
0.501393
0.498614
0.495837
0.493063
0.490296
0.487539
0.484794
0.482064
0.479352
0.47666
0.473991
0.471348
0.468733
0.466149
0.463598
0.461084
0.458608
0.456172
0.45378
0.451434
0.449135
0.446887
0.444691
0.44255
0.440466
0.43844
0.436475
0.434573
0.432735
0.430964
0.429261
0.427627
0.426065
0.424577
0.423162
0.421824
0.420562
0.41938
0.418276
0.417254
0.416313
0.415454
0.414679
0.413989
0.413383
0.412863
0.412428
0.412081
0.41182
0.411646
0.411559
0.588451
0.588364
0.58819
0.587929
0.587582
0.587147
0.586627
0.586021
0.58533
0.584555
0.583697
0.582756
0.581733
0.58063
0.579447
0.578185
0.576847
0.575432
0.573944
0.572382
0.570748
0.569045
0.567274
0.565436
0.563534
0.561569
0.559543
0.557458
0.555317
0.553121
0.550873
0.548574
0.546228
0.543836
0.541401
0.538924
0.53641
0.533859
0.531275
0.52866
0.526017
0.523348
0.520656
0.517944
0.515214
0.512469
0.509712
0.506945
0.504171
0.501393
0.498614
0.495837
0.493063
0.490296
0.487539
0.484794
0.482064
0.479352
0.47666
0.473991
0.471348
0.468733
0.466149
0.463598
0.461084
0.458608
0.456172
0.45378
0.451434
0.449135
0.446887
0.444691
0.44255
0.440465
0.43844
0.436475
0.434572
0.432735
0.430964
0.42926
0.427627
0.426065
0.424576
0.423162
0.421824
0.420562
0.419379
0.418276
0.417253
0.416312
0.415454
0.414679
0.413988
0.413383
0.412862
0.412428
0.412081
0.41182
0.411646
0.411559
0.588451
0.588365
0.588191
0.58793
0.587582
0.587147
0.586627
0.586021
0.585331
0.584556
0.583697
0.582756
0.581733
0.58063
0.579447
0.578186
0.576847
0.575433
0.573944
0.572382
0.570748
0.569045
0.567274
0.565436
0.563534
0.561569
0.559543
0.557459
0.555317
0.553121
0.550873
0.548575
0.546228
0.543836
0.541401
0.538924
0.53641
0.533859
0.531275
0.52866
0.526017
0.523348
0.520656
0.517944
0.515214
0.512469
0.509712
0.506945
0.504171
0.501393
0.498614
0.495837
0.493063
0.490296
0.487539
0.484794
0.482064
0.479351
0.47666
0.473991
0.471348
0.468733
0.466149
0.463598
0.461084
0.458607
0.456172
0.45378
0.451434
0.449135
0.446887
0.444691
0.44255
0.440465
0.43844
0.436475
0.434572
0.432735
0.430963
0.42926
0.427627
0.426065
0.424576
0.423162
0.421823
0.420562
0.419379
0.418276
0.417253
0.416312
0.415454
0.414679
0.413988
0.413383
0.412862
0.412428
0.41208
0.411819
0.411645
0.411559
0.588452
0.588365
0.588191
0.58793
0.587582
0.587148
0.586627
0.586021
0.585331
0.584556
0.583697
0.582756
0.581734
0.58063
0.579447
0.578186
0.576847
0.575433
0.573944
0.572382
0.570749
0.569045
0.567274
0.565436
0.563534
0.561569
0.559543
0.557459
0.555317
0.553121
0.550873
0.548575
0.546228
0.543836
0.541401
0.538924
0.53641
0.533859
0.531275
0.52866
0.526017
0.523348
0.520656
0.517944
0.515214
0.512469
0.509712
0.506945
0.504171
0.501393
0.498614
0.495837
0.493063
0.490296
0.487539
0.484794
0.482064
0.479351
0.47666
0.473991
0.471348
0.468733
0.466149
0.463598
0.461084
0.458607
0.456172
0.45378
0.451434
0.449135
0.446887
0.444691
0.44255
0.440465
0.438439
0.436474
0.434572
0.432735
0.430963
0.42926
0.427627
0.426065
0.424576
0.423162
0.421823
0.420562
0.419379
0.418276
0.417253
0.416312
0.415454
0.414679
0.413988
0.413382
0.412862
0.412428
0.41208
0.411819
0.411645
0.411559
0.588452
0.588365
0.588191
0.58793
0.587582
0.587148
0.586627
0.586022
0.585331
0.584556
0.583697
0.582756
0.581734
0.58063
0.579447
0.578186
0.576847
0.575433
0.573944
0.572382
0.570749
0.569045
0.567274
0.565436
0.563534
0.561569
0.559543
0.557459
0.555317
0.553122
0.550873
0.548575
0.546228
0.543836
0.541401
0.538924
0.53641
0.533859
0.531275
0.52866
0.526017
0.523348
0.520656
0.517944
0.515214
0.512469
0.509712
0.506945
0.504171
0.501393
0.498614
0.495836
0.493063
0.490296
0.487539
0.484794
0.482064
0.479351
0.47666
0.473991
0.471348
0.468733
0.466149
0.463598
0.461084
0.458607
0.456172
0.45378
0.451433
0.449135
0.446887
0.444691
0.44255
0.440465
0.438439
0.436474
0.434572
0.432734
0.430963
0.42926
0.427627
0.426065
0.424576
0.423162
0.421823
0.420562
0.419379
0.418276
0.417253
0.416312
0.415454
0.414679
0.413988
0.413382
0.412862
0.412428
0.41208
0.411819
0.411645
0.411559
0.588452
0.588365
0.588191
0.58793
0.587582
0.587148
0.586627
0.586022
0.585331
0.584556
0.583698
0.582756
0.581734
0.58063
0.579447
0.578186
0.576847
0.575433
0.573944
0.572382
0.570749
0.569046
0.567274
0.565436
0.563534
0.561569
0.559543
0.557459
0.555317
0.553122
0.550873
0.548575
0.546228
0.543836
0.541401
0.538925
0.53641
0.533859
0.531275
0.52866
0.526017
0.523348
0.520656
0.517944
0.515214
0.512469
0.509712
0.506945
0.504171
0.501393
0.498614
0.495836
0.493063
0.490296
0.487539
0.484794
0.482064
0.479351
0.476659
0.473991
0.471347
0.468733
0.466149
0.463598
0.461083
0.458607
0.456172
0.45378
0.451433
0.449135
0.446887
0.444691
0.44255
0.440465
0.438439
0.436474
0.434572
0.432734
0.430963
0.42926
0.427627
0.426065
0.424576
0.423162
0.421823
0.420562
0.419379
0.418276
0.417253
0.416312
0.415454
0.414679
0.413988
0.413382
0.412862
0.412428
0.41208
0.411819
0.411645
0.411558
0.588452
0.588365
0.588191
0.58793
0.587582
0.587148
0.586628
0.586022
0.585331
0.584556
0.583698
0.582757
0.581734
0.58063
0.579447
0.578186
0.576847
0.575433
0.573944
0.572382
0.570749
0.569046
0.567274
0.565437
0.563534
0.561569
0.559543
0.557459
0.555318
0.553122
0.550873
0.548575
0.546228
0.543836
0.541401
0.538925
0.53641
0.533859
0.531275
0.52866
0.526017
0.523348
0.520656
0.517944
0.515214
0.512469
0.509712
0.506945
0.504171
0.501393
0.498614
0.495836
0.493063
0.490296
0.487539
0.484794
0.482064
0.479351
0.476659
0.473991
0.471347
0.468733
0.466149
0.463598
0.461083
0.458607
0.456172
0.45378
0.451433
0.449135
0.446887
0.444691
0.442549
0.440465
0.438439
0.436474
0.434572
0.432734
0.430963
0.42926
0.427627
0.426065
0.424576
0.423162
0.421823
0.420562
0.419379
0.418275
0.417253
0.416312
0.415453
0.414679
0.413988
0.413382
0.412862
0.412428
0.41208
0.411819
0.411645
0.411558
0.588452
0.588365
0.588191
0.58793
0.587582
0.587148
0.586628
0.586022
0.585331
0.584556
0.583698
0.582757
0.581734
0.58063
0.579447
0.578186
0.576847
0.575433
0.573944
0.572382
0.570749
0.569046
0.567274
0.565437
0.563534
0.561569
0.559543
0.557459
0.555318
0.553122
0.550873
0.548575
0.546228
0.543836
0.541401
0.538925
0.53641
0.533859
0.531275
0.52866
0.526017
0.523348
0.520656
0.517944
0.515214
0.512469
0.509712
0.506945
0.504171
0.501393
0.498614
0.495836
0.493063
0.490296
0.487539
0.484794
0.482064
0.479351
0.476659
0.473991
0.471347
0.468733
0.466149
0.463598
0.461083
0.458607
0.456172
0.45378
0.451433
0.449135
0.446887
0.444691
0.442549
0.440465
0.438439
0.436474
0.434572
0.432734
0.430963
0.42926
0.427627
0.426065
0.424576
0.423162
0.421823
0.420562
0.419379
0.418275
0.417253
0.416312
0.415453
0.414679
0.413988
0.413382
0.412862
0.412428
0.41208
0.411819
0.411645
0.411558
0.588452
0.588365
0.588191
0.58793
0.587582
0.587148
0.586628
0.586022
0.585331
0.584556
0.583698
0.582757
0.581734
0.58063
0.579447
0.578186
0.576847
0.575433
0.573944
0.572382
0.570749
0.569046
0.567274
0.565437
0.563534
0.561569
0.559543
0.557459
0.555318
0.553122
0.550873
0.548575
0.546228
0.543836
0.541401
0.538925
0.53641
0.533859
0.531275
0.52866
0.526017
0.523348
0.520656
0.517944
0.515214
0.512469
0.509712
0.506945
0.504171
0.501393
0.498614
0.495836
0.493063
0.490296
0.487538
0.484793
0.482064
0.479351
0.476659
0.473991
0.471347
0.468733
0.466149
0.463598
0.461083
0.458607
0.456172
0.45378
0.451433
0.449135
0.446887
0.444691
0.442549
0.440465
0.438439
0.436474
0.434572
0.432734
0.430963
0.42926
0.427627
0.426065
0.424576
0.423162
0.421823
0.420562
0.419379
0.418275
0.417253
0.416312
0.415453
0.414679
0.413988
0.413382
0.412862
0.412428
0.41208
0.411819
0.411645
0.411558
0.588452
0.588365
0.588191
0.58793
0.587582
0.587148
0.586628
0.586022
0.585331
0.584556
0.583698
0.582757
0.581734
0.58063
0.579447
0.578186
0.576847
0.575433
0.573944
0.572382
0.570749
0.569046
0.567274
0.565437
0.563534
0.561569
0.559543
0.557459
0.555318
0.553122
0.550873
0.548575
0.546228
0.543836
0.541401
0.538925
0.53641
0.533859
0.531275
0.52866
0.526017
0.523348
0.520656
0.517944
0.515214
0.512469
0.509712
0.506945
0.504171
0.501393
0.498614
0.495836
0.493063
0.490296
0.487538
0.484793
0.482064
0.479351
0.476659
0.473991
0.471347
0.468733
0.466149
0.463598
0.461083
0.458607
0.456172
0.45378
0.451433
0.449135
0.446886
0.444691
0.442549
0.440465
0.438439
0.436474
0.434572
0.432734
0.430963
0.42926
0.427627
0.426065
0.424576
0.423162
0.421823
0.420562
0.419379
0.418275
0.417253
0.416312
0.415453
0.414679
0.413988
0.413382
0.412862
0.412428
0.41208
0.411819
0.411645
0.411558
0.588452
0.588365
0.588191
0.58793
0.587582
0.587148
0.586628
0.586022
0.585331
0.584556
0.583698
0.582757
0.581734
0.58063
0.579447
0.578186
0.576847
0.575433
0.573944
0.572382
0.570749
0.569046
0.567274
0.565437
0.563534
0.561569
0.559543
0.557459
0.555317
0.553122
0.550873
0.548575
0.546228
0.543836
0.541401
0.538924
0.53641
0.533859
0.531275
0.52866
0.526017
0.523348
0.520656
0.517944
0.515214
0.512469
0.509712
0.506945
0.504171
0.501393
0.498614
0.495836
0.493063
0.490296
0.487538
0.484793
0.482063
0.479351
0.476659
0.473991
0.471347
0.468733
0.466149
0.463598
0.461083
0.458607
0.456172
0.45378
0.451433
0.449135
0.446886
0.444691
0.442549
0.440465
0.438439
0.436474
0.434572
0.432734
0.430963
0.42926
0.427627
0.426065
0.424576
0.423162
0.421823
0.420562
0.419379
0.418275
0.417253
0.416312
0.415453
0.414679
0.413988
0.413382
0.412862
0.412428
0.41208
0.411819
0.411645
0.411558
0.588452
0.588365
0.588191
0.58793
0.587582
0.587148
0.586628
0.586022
0.585331
0.584556
0.583698
0.582757
0.581734
0.58063
0.579447
0.578186
0.576847
0.575433
0.573944
0.572382
0.570749
0.569046
0.567274
0.565436
0.563534
0.561569
0.559543
0.557459
0.555317
0.553122
0.550873
0.548575
0.546228
0.543836
0.541401
0.538924
0.53641
0.533859
0.531275
0.52866
0.526017
0.523348
0.520656
0.517944
0.515214
0.512469
0.509712
0.506945
0.504171
0.501393
0.498614
0.495836
0.493063
0.490296
0.487538
0.484793
0.482063
0.479351
0.476659
0.473991
0.471347
0.468733
0.466149
0.463598
0.461083
0.458607
0.456172
0.45378
0.451433
0.449135
0.446887
0.444691
0.442549
0.440465
0.438439
0.436474
0.434572
0.432734
0.430963
0.42926
0.427627
0.426065
0.424576
0.423162
0.421823
0.420562
0.419379
0.418275
0.417253
0.416312
0.415453
0.414679
0.413988
0.413382
0.412862
0.412428
0.41208
0.411819
0.411645
0.411558
0.588452
0.588365
0.588191
0.58793
0.587582
0.587148
0.586627
0.586022
0.585331
0.584556
0.583698
0.582756
0.581734
0.58063
0.579447
0.578186
0.576847
0.575433
0.573944
0.572382
0.570749
0.569046
0.567274
0.565436
0.563534
0.561569
0.559543
0.557459
0.555317
0.553122
0.550873
0.548575
0.546228
0.543836
0.541401
0.538924
0.53641
0.533859
0.531275
0.52866
0.526017
0.523348
0.520656
0.517944
0.515214
0.512469
0.509712
0.506945
0.504171
0.501393
0.498614
0.495836
0.493063
0.490296
0.487538
0.484793
0.482063
0.479351
0.476659
0.473991
0.471347
0.468733
0.466149
0.463598
0.461083
0.458607
0.456172
0.45378
0.451433
0.449135
0.446887
0.444691
0.442549
0.440465
0.438439
0.436474
0.434572
0.432734
0.430963
0.42926
0.427627
0.426065
0.424576
0.423162
0.421823
0.420562
0.419379
0.418276
0.417253
0.416312
0.415454
0.414679
0.413988
0.413382
0.412862
0.412428
0.41208
0.411819
0.411645
0.411559
0.588452
0.588365
0.588191
0.58793
0.587582
0.587148
0.586627
0.586022
0.585331
0.584556
0.583697
0.582756
0.581734
0.58063
0.579447
0.578186
0.576847
0.575433
0.573944
0.572382
0.570749
0.569045
0.567274
0.565436
0.563534
0.561569
0.559543
0.557459
0.555317
0.553121
0.550873
0.548575
0.546228
0.543836
0.541401
0.538924
0.53641
0.533859
0.531275
0.52866
0.526017
0.523348
0.520656
0.517944
0.515214
0.512469
0.509712
0.506945
0.504171
0.501393
0.498614
0.495836
0.493063
0.490296
0.487538
0.484793
0.482063
0.479351
0.476659
0.473991
0.471347
0.468733
0.466149
0.463598
0.461083
0.458607
0.456172
0.45378
0.451433
0.449135
0.446887
0.444691
0.44255
0.440465
0.438439
0.436474
0.434572
0.432734
0.430963
0.42926
0.427627
0.426065
0.424576
0.423162
0.421823
0.420562
0.419379
0.418276
0.417253
0.416312
0.415454
0.414679
0.413988
0.413382
0.412862
0.412428
0.41208
0.411819
0.411645
0.411559
0.588452
0.588365
0.588191
0.58793
0.587582
0.587148
0.586627
0.586021
0.585331
0.584556
0.583697
0.582756
0.581734
0.58063
0.579447
0.578186
0.576847
0.575433
0.573944
0.572382
0.570749
0.569045
0.567274
0.565436
0.563534
0.561569
0.559543
0.557459
0.555317
0.553121
0.550873
0.548574
0.546228
0.543836
0.541401
0.538924
0.53641
0.533859
0.531275
0.52866
0.526017
0.523348
0.520656
0.517944
0.515214
0.512469
0.509712
0.506945
0.504171
0.501393
0.498614
0.495836
0.493063
0.490296
0.487538
0.484793
0.482063
0.479351
0.476659
0.473991
0.471347
0.468733
0.466149
0.463598
0.461083
0.458607
0.456172
0.45378
0.451433
0.449135
0.446887
0.444691
0.44255
0.440465
0.438439
0.436474
0.434572
0.432734
0.430963
0.42926
0.427627
0.426065
0.424576
0.423162
0.421823
0.420562
0.419379
0.418276
0.417253
0.416312
0.415454
0.414679
0.413988
0.413382
0.412862
0.412428
0.41208
0.411819
0.411645
0.411559
0.588451
0.588365
0.588191
0.58793
0.587582
0.587147
0.586627
0.586021
0.585331
0.584556
0.583697
0.582756
0.581733
0.58063
0.579447
0.578186
0.576847
0.575433
0.573944
0.572382
0.570748
0.569045
0.567274
0.565436
0.563534
0.561569
0.559543
0.557458
0.555317
0.553121
0.550873
0.548574
0.546228
0.543836
0.5414
0.538924
0.53641
0.533859
0.531275
0.52866
0.526017
0.523348
0.520656
0.517944
0.515214
0.512469
0.509712
0.506945
0.504171
0.501393
0.498614
0.495836
0.493063
0.490296
0.487538
0.484793
0.482064
0.479351
0.476659
0.473991
0.471347
0.468733
0.466149
0.463598
0.461083
0.458607
0.456172
0.45378
0.451433
0.449135
0.446887
0.444691
0.44255
0.440465
0.438439
0.436474
0.434572
0.432735
0.430963
0.42926
0.427627
0.426065
0.424576
0.423162
0.421823
0.420562
0.419379
0.418276
0.417253
0.416312
0.415454
0.414679
0.413988
0.413383
0.412862
0.412428
0.41208
0.411819
0.411646
0.411559
0.588451
0.588365
0.588191
0.587929
0.587582
0.587147
0.586627
0.586021
0.58533
0.584555
0.583697
0.582756
0.581733
0.58063
0.579447
0.578185
0.576847
0.575432
0.573943
0.572382
0.570748
0.569045
0.567274
0.565436
0.563534
0.561569
0.559543
0.557458
0.555317
0.553121
0.550873
0.548574
0.546228
0.543836
0.5414
0.538924
0.536409
0.533859
0.531275
0.52866
0.526017
0.523348
0.520656
0.517944
0.515214
0.512469
0.509712
0.506945
0.504171
0.501393
0.498614
0.495836
0.493063
0.490296
0.487538
0.484793
0.482064
0.479351
0.476659
0.473991
0.471347
0.468733
0.466149
0.463598
0.461084
0.458607
0.456172
0.45378
0.451434
0.449135
0.446887
0.444691
0.44255
0.440465
0.438439
0.436475
0.434572
0.432735
0.430963
0.42926
0.427627
0.426065
0.424576
0.423162
0.421824
0.420562
0.419379
0.418276
0.417253
0.416312
0.415454
0.414679
0.413988
0.413383
0.412863
0.412428
0.412081
0.41182
0.411646
0.411559
0.588451
0.588364
0.58819
0.587929
0.587581
0.587147
0.586627
0.586021
0.58533
0.584555
0.583697
0.582756
0.581733
0.58063
0.579447
0.578185
0.576847
0.575432
0.573943
0.572381
0.570748
0.569045
0.567274
0.565436
0.563534
0.561569
0.559543
0.557458
0.555317
0.553121
0.550873
0.548574
0.546228
0.543836
0.5414
0.538924
0.536409
0.533859
0.531275
0.52866
0.526017
0.523348
0.520656
0.517944
0.515214
0.512469
0.509712
0.506945
0.504171
0.501393
0.498614
0.495836
0.493063
0.490296
0.487538
0.484793
0.482064
0.479351
0.476659
0.473991
0.471348
0.468733
0.466149
0.463598
0.461084
0.458607
0.456172
0.45378
0.451434
0.449135
0.446887
0.444691
0.44255
0.440465
0.43844
0.436475
0.434572
0.432735
0.430964
0.42926
0.427627
0.426065
0.424577
0.423162
0.421824
0.420562
0.419379
0.418276
0.417253
0.416313
0.415454
0.414679
0.413989
0.413383
0.412863
0.412429
0.412081
0.41182
0.411646
0.411559
0.588451
0.588364
0.58819
0.587929
0.587581
0.587147
0.586627
0.586021
0.58533
0.584555
0.583697
0.582756
0.581733
0.580629
0.579447
0.578185
0.576846
0.575432
0.573943
0.572381
0.570748
0.569045
0.567273
0.565436
0.563533
0.561568
0.559543
0.557458
0.555317
0.553121
0.550873
0.548574
0.546228
0.543836
0.5414
0.538924
0.536409
0.533859
0.531275
0.52866
0.526017
0.523348
0.520656
0.517944
0.515214
0.512469
0.509712
0.506945
0.504171
0.501393
0.498614
0.495836
0.493063
0.490296
0.487538
0.484794
0.482064
0.479351
0.476659
0.473991
0.471348
0.468733
0.466149
0.463598
0.461084
0.458607
0.456172
0.45378
0.451434
0.449135
0.446887
0.444691
0.44255
0.440465
0.43844
0.436475
0.434573
0.432735
0.430964
0.429261
0.427627
0.426066
0.424577
0.423162
0.421824
0.420563
0.41938
0.418276
0.417254
0.416313
0.415454
0.41468
0.413989
0.413383
0.412863
0.412429
0.412081
0.41182
0.411646
0.411559
0.588451
0.588364
0.58819
0.587929
0.587581
0.587147
0.586626
0.586021
0.58533
0.584555
0.583696
0.582755
0.581733
0.580629
0.579446
0.578185
0.576846
0.575432
0.573943
0.572381
0.570748
0.569045
0.567273
0.565436
0.563533
0.561568
0.559542
0.557458
0.555317
0.553121
0.550872
0.548574
0.546227
0.543835
0.5414
0.538924
0.536409
0.533859
0.531275
0.52866
0.526017
0.523348
0.520656
0.517944
0.515214
0.512469
0.509712
0.506945
0.504171
0.501393
0.498614
0.495836
0.493063
0.490296
0.487538
0.484794
0.482064
0.479351
0.47666
0.473991
0.471348
0.468733
0.466149
0.463598
0.461084
0.458608
0.456172
0.45378
0.451434
0.449135
0.446887
0.444691
0.44255
0.440466
0.43844
0.436475
0.434573
0.432735
0.430964
0.429261
0.427628
0.426066
0.424577
0.423163
0.421824
0.420563
0.41938
0.418277
0.417254
0.416313
0.415455
0.41468
0.413989
0.413383
0.412863
0.412429
0.412081
0.41182
0.411646
0.41156
0.58845
0.588364
0.58819
0.587929
0.587581
0.587147
0.586626
0.58602
0.58533
0.584555
0.583696
0.582755
0.581732
0.580629
0.579446
0.578185
0.576846
0.575432
0.573943
0.572381
0.570748
0.569044
0.567273
0.565435
0.563533
0.561568
0.559542
0.557458
0.555316
0.553121
0.550872
0.548574
0.546227
0.543835
0.5414
0.538924
0.536409
0.533858
0.531275
0.52866
0.526017
0.523348
0.520656
0.517944
0.515214
0.512469
0.509711
0.506945
0.504171
0.501393
0.498614
0.495836
0.493063
0.490296
0.487538
0.484794
0.482064
0.479351
0.47666
0.473991
0.471348
0.468733
0.466149
0.463598
0.461084
0.458608
0.456172
0.45378
0.451434
0.449135
0.446887
0.444691
0.44255
0.440466
0.43844
0.436475
0.434573
0.432735
0.430964
0.429261
0.427628
0.426066
0.424577
0.423163
0.421824
0.420563
0.41938
0.418277
0.417254
0.416313
0.415455
0.41468
0.413989
0.413384
0.412863
0.412429
0.412081
0.41182
0.411647
0.41156
0.58845
0.588363
0.588189
0.587928
0.587581
0.587146
0.586626
0.58602
0.585329
0.584554
0.583696
0.582755
0.581732
0.580629
0.579446
0.578184
0.576846
0.575431
0.573943
0.572381
0.570747
0.569044
0.567273
0.565435
0.563533
0.561568
0.559542
0.557458
0.555316
0.55312
0.550872
0.548574
0.546227
0.543835
0.5414
0.538924
0.536409
0.533858
0.531274
0.52866
0.526016
0.523348
0.520656
0.517944
0.515214
0.512469
0.509711
0.506945
0.504171
0.501393
0.498614
0.495836
0.493063
0.490296
0.487539
0.484794
0.482064
0.479351
0.47666
0.473991
0.471348
0.468733
0.466149
0.463599
0.461084
0.458608
0.456172
0.45378
0.451434
0.449136
0.446887
0.444692
0.44255
0.440466
0.43844
0.436475
0.434573
0.432735
0.430964
0.429261
0.427628
0.426066
0.424577
0.423163
0.421825
0.420563
0.41938
0.418277
0.417254
0.416313
0.415455
0.41468
0.41399
0.413384
0.412864
0.412429
0.412082
0.411821
0.411647
0.41156
0.58845
0.588363
0.588189
0.587928
0.58758
0.587146
0.586626
0.58602
0.585329
0.584554
0.583696
0.582755
0.581732
0.580629
0.579446
0.578184
0.576846
0.575431
0.573942
0.57238
0.570747
0.569044
0.567273
0.565435
0.563533
0.561568
0.559542
0.557457
0.555316
0.55312
0.550872
0.548573
0.546227
0.543835
0.5414
0.538923
0.536409
0.533858
0.531274
0.528659
0.526016
0.523348
0.520656
0.517943
0.515214
0.512469
0.509711
0.506945
0.504171
0.501393
0.498614
0.495836
0.493063
0.490296
0.487539
0.484794
0.482064
0.479352
0.47666
0.473991
0.471348
0.468733
0.466149
0.463599
0.461084
0.458608
0.456173
0.453781
0.451434
0.449136
0.446888
0.444692
0.442551
0.440466
0.43844
0.436476
0.434573
0.432736
0.430964
0.429261
0.427628
0.426066
0.424578
0.423163
0.421825
0.420563
0.419381
0.418277
0.417255
0.416314
0.415455
0.414681
0.41399
0.413384
0.412864
0.41243
0.412082
0.411821
0.411647
0.41156
0.58845
0.588363
0.588189
0.587928
0.58758
0.587146
0.586625
0.58602
0.585329
0.584554
0.583695
0.582754
0.581732
0.580628
0.579445
0.578184
0.576845
0.575431
0.573942
0.57238
0.570747
0.569044
0.567272
0.565435
0.563532
0.561567
0.559542
0.557457
0.555316
0.55312
0.550872
0.548573
0.546227
0.543835
0.541399
0.538923
0.536409
0.533858
0.531274
0.528659
0.526016
0.523347
0.520656
0.517943
0.515213
0.512469
0.509711
0.506944
0.504171
0.501393
0.498614
0.495836
0.493063
0.490296
0.487539
0.484794
0.482064
0.479352
0.47666
0.473991
0.471348
0.468733
0.466149
0.463599
0.461084
0.458608
0.456173
0.453781
0.451434
0.449136
0.446888
0.444692
0.442551
0.440466
0.438441
0.436476
0.434574
0.432736
0.430965
0.429262
0.427628
0.426067
0.424578
0.423164
0.421825
0.420564
0.419381
0.418278
0.417255
0.416314
0.415456
0.414681
0.41399
0.413384
0.412864
0.41243
0.412082
0.411821
0.411647
0.411561
0.588449
0.588363
0.588189
0.587927
0.58758
0.587145
0.586625
0.586019
0.585328
0.584554
0.583695
0.582754
0.581731
0.580628
0.579445
0.578184
0.576845
0.575431
0.573942
0.57238
0.570747
0.569043
0.567272
0.565434
0.563532
0.561567
0.559541
0.557457
0.555316
0.55312
0.550872
0.548573
0.546227
0.543835
0.541399
0.538923
0.536408
0.533858
0.531274
0.528659
0.526016
0.523347
0.520656
0.517943
0.515213
0.512468
0.509711
0.506944
0.504171
0.501393
0.498614
0.495836
0.493063
0.490296
0.487539
0.484794
0.482064
0.479352
0.47666
0.473991
0.471348
0.468733
0.466149
0.463599
0.461084
0.458608
0.456173
0.453781
0.451435
0.449136
0.446888
0.444692
0.442551
0.440467
0.438441
0.436476
0.434574
0.432736
0.430965
0.429262
0.427629
0.426067
0.424578
0.423164
0.421825
0.420564
0.419381
0.418278
0.417255
0.416314
0.415456
0.414681
0.413991
0.413385
0.412865
0.41243
0.412083
0.411822
0.411648
0.411561
0.588449
0.588362
0.588188
0.587927
0.587579
0.587145
0.586625
0.586019
0.585328
0.584553
0.583695
0.582754
0.581731
0.580628
0.579445
0.578183
0.576845
0.57543
0.573941
0.57238
0.570746
0.569043
0.567272
0.565434
0.563532
0.561567
0.559541
0.557457
0.555315
0.55312
0.550871
0.548573
0.546226
0.543834
0.541399
0.538923
0.536408
0.533858
0.531274
0.528659
0.526016
0.523347
0.520655
0.517943
0.515213
0.512468
0.509711
0.506944
0.504171
0.501393
0.498614
0.495836
0.493063
0.490296
0.487539
0.484794
0.482064
0.479352
0.47666
0.473991
0.471348
0.468733
0.466149
0.463599
0.461084
0.458608
0.456173
0.453781
0.451435
0.449136
0.446888
0.444692
0.442551
0.440467
0.438441
0.436476
0.434574
0.432736
0.430965
0.429262
0.427629
0.426067
0.424578
0.423164
0.421826
0.420564
0.419381
0.418278
0.417256
0.416315
0.415456
0.414681
0.413991
0.413385
0.412865
0.412431
0.412083
0.411822
0.411648
0.411561
0.588449
0.588362
0.588188
0.587927
0.587579
0.587145
0.586624
0.586019
0.585328
0.584553
0.583694
0.582753
0.581731
0.580627
0.579444
0.578183
0.576844
0.57543
0.573941
0.572379
0.570746
0.569043
0.567272
0.565434
0.563532
0.561567
0.559541
0.557456
0.555315
0.553119
0.550871
0.548573
0.546226
0.543834
0.541399
0.538923
0.536408
0.533858
0.531274
0.528659
0.526016
0.523347
0.520655
0.517943
0.515213
0.512468
0.509711
0.506944
0.504171
0.501393
0.498614
0.495836
0.493063
0.490296
0.487539
0.484794
0.482064
0.479352
0.47666
0.473991
0.471348
0.468733
0.46615
0.463599
0.461085
0.458609
0.456173
0.453781
0.451435
0.449137
0.446888
0.444693
0.442551
0.440467
0.438441
0.436476
0.434574
0.432737
0.430966
0.429262
0.427629
0.426068
0.424579
0.423164
0.421826
0.420565
0.419382
0.418279
0.417256
0.416315
0.415457
0.414682
0.413991
0.413386
0.412865
0.412431
0.412083
0.411822
0.411649
0.411562
0.588448
0.588361
0.588187
0.587926
0.587579
0.587144
0.586624
0.586018
0.585327
0.584552
0.583694
0.582753
0.58173
0.580627
0.579444
0.578183
0.576844
0.57543
0.573941
0.572379
0.570746
0.569042
0.567271
0.565434
0.563531
0.561566
0.559541
0.557456
0.555315
0.553119
0.550871
0.548572
0.546226
0.543834
0.541399
0.538923
0.536408
0.533857
0.531274
0.528659
0.526016
0.523347
0.520655
0.517943
0.515213
0.512468
0.509711
0.506944
0.504171
0.501393
0.498614
0.495836
0.493063
0.490296
0.487539
0.484794
0.482064
0.479352
0.47666
0.473991
0.471348
0.468734
0.46615
0.463599
0.461085
0.458609
0.456173
0.453781
0.451435
0.449137
0.446889
0.444693
0.442552
0.440467
0.438442
0.436477
0.434575
0.432737
0.430966
0.429263
0.42763
0.426068
0.424579
0.423165
0.421826
0.420565
0.419382
0.418279
0.417256
0.416315
0.415457
0.414682
0.413992
0.413386
0.412866
0.412432
0.412084
0.411823
0.411649
0.411562
0.588448
0.588361
0.588187
0.587926
0.587578
0.587144
0.586624
0.586018
0.585327
0.584552
0.583694
0.582753
0.58173
0.580626
0.579444
0.578182
0.576844
0.575429
0.57394
0.572378
0.570745
0.569042
0.567271
0.565433
0.563531
0.561566
0.55954
0.557456
0.555315
0.553119
0.550871
0.548572
0.546226
0.543834
0.541398
0.538922
0.536408
0.533857
0.531273
0.528659
0.526016
0.523347
0.520655
0.517943
0.515213
0.512468
0.509711
0.506944
0.504171
0.501393
0.498614
0.495836
0.493063
0.490296
0.487539
0.484794
0.482064
0.479352
0.47666
0.473992
0.471348
0.468734
0.46615
0.463599
0.461085
0.458609
0.456174
0.453782
0.451435
0.449137
0.446889
0.444693
0.442552
0.440468
0.438442
0.436477
0.434575
0.432737
0.430966
0.429263
0.42763
0.426068
0.424579
0.423165
0.421827
0.420565
0.419383
0.418279
0.417257
0.416316
0.415458
0.414683
0.413992
0.413386
0.412866
0.412432
0.412084
0.411823
0.411649
0.411563
0.588447
0.588361
0.588187
0.587926
0.587578
0.587143
0.586623
0.586017
0.585327
0.584552
0.583693
0.582752
0.581729
0.580626
0.579443
0.578182
0.576843
0.575429
0.57394
0.572378
0.570745
0.569042
0.56727
0.565433
0.563531
0.561566
0.55954
0.557455
0.555314
0.553118
0.55087
0.548572
0.546225
0.543833
0.541398
0.538922
0.536408
0.533857
0.531273
0.528658
0.526015
0.523347
0.520655
0.517943
0.515213
0.512468
0.509711
0.506944
0.504171
0.501393
0.498614
0.495836
0.493063
0.490296
0.487539
0.484794
0.482064
0.479352
0.47666
0.473992
0.471349
0.468734
0.46615
0.4636
0.461085
0.458609
0.456174
0.453782
0.451436
0.449137
0.446889
0.444693
0.442552
0.440468
0.438442
0.436477
0.434575
0.432738
0.430967
0.429264
0.42763
0.426069
0.42458
0.423166
0.421827
0.420566
0.419383
0.41828
0.417257
0.416316
0.415458
0.414683
0.413992
0.413387
0.412867
0.412432
0.412085
0.411824
0.41165
0.411563
0.588447
0.58836
0.588186
0.587925
0.587577
0.587143
0.586623
0.586017
0.585326
0.584551
0.583693
0.582752
0.581729
0.580626
0.579443
0.578181
0.576843
0.575428
0.57394
0.572378
0.570744
0.569041
0.56727
0.565432
0.56353
0.561565
0.55954
0.557455
0.555314
0.553118
0.55087
0.548572
0.546225
0.543833
0.541398
0.538922
0.536407
0.533857
0.531273
0.528658
0.526015
0.523347
0.520655
0.517943
0.515213
0.512468
0.509711
0.506944
0.504171
0.501393
0.498614
0.495836
0.493063
0.490296
0.487539
0.484794
0.482064
0.479352
0.47666
0.473992
0.471349
0.468734
0.46615
0.4636
0.461085
0.458609
0.456174
0.453782
0.451436
0.449138
0.446889
0.444694
0.442553
0.440468
0.438443
0.436478
0.434576
0.432738
0.430967
0.429264
0.427631
0.426069
0.42458
0.423166
0.421828
0.420566
0.419383
0.41828
0.417258
0.416317
0.415458
0.414684
0.413993
0.413387
0.412867
0.412433
0.412085
0.411824
0.41165
0.411564
0.588447
0.58836
0.588186
0.587925
0.587577
0.587143
0.586622
0.586016
0.585326
0.584551
0.583692
0.582751
0.581729
0.580625
0.579442
0.578181
0.576842
0.575428
0.573939
0.572377
0.570744
0.569041
0.56727
0.565432
0.56353
0.561565
0.559539
0.557455
0.555314
0.553118
0.55087
0.548571
0.546225
0.543833
0.541398
0.538922
0.536407
0.533857
0.531273
0.528658
0.526015
0.523346
0.520655
0.517943
0.515213
0.512468
0.509711
0.506944
0.504171
0.501393
0.498614
0.495836
0.493063
0.490296
0.487539
0.484794
0.482064
0.479352
0.476661
0.473992
0.471349
0.468734
0.46615
0.4636
0.461086
0.45861
0.456174
0.453782
0.451436
0.449138
0.44689
0.444694
0.442553
0.440469
0.438443
0.436478
0.434576
0.432738
0.430967
0.429264
0.427631
0.426069
0.424581
0.423166
0.421828
0.420567
0.419384
0.418281
0.417258
0.416317
0.415459
0.414684
0.413993
0.413388
0.412868
0.412433
0.412086
0.411825
0.411651
0.411564
0.588446
0.588359
0.588185
0.587924
0.587576
0.587142
0.586622
0.586016
0.585325
0.58455
0.583692
0.582751
0.581728
0.580625
0.579442
0.57818
0.576842
0.575427
0.573939
0.572377
0.570744
0.569041
0.567269
0.565432
0.563529
0.561565
0.559539
0.557454
0.555313
0.553118
0.550869
0.548571
0.546225
0.543833
0.541397
0.538921
0.536407
0.533856
0.531273
0.528658
0.526015
0.523346
0.520655
0.517942
0.515213
0.512468
0.509711
0.506944
0.50417
0.501393
0.498614
0.495836
0.493063
0.490296
0.487539
0.484794
0.482064
0.479352
0.476661
0.473992
0.471349
0.468734
0.466151
0.4636
0.461086
0.45861
0.456175
0.453783
0.451436
0.449138
0.44689
0.444694
0.442553
0.440469
0.438443
0.436478
0.434576
0.432739
0.430968
0.429265
0.427632
0.42607
0.424581
0.423167
0.421828
0.420567
0.419384
0.418281
0.417259
0.416318
0.415459
0.414685
0.413994
0.413388
0.412868
0.412434
0.412086
0.411825
0.411651
0.411565
0.588446
0.588359
0.588185
0.587924
0.587576
0.587141
0.586621
0.586015
0.585325
0.58455
0.583691
0.58275
0.581728
0.580624
0.579441
0.57818
0.576841
0.575427
0.573938
0.572376
0.570743
0.56904
0.567269
0.565431
0.563529
0.561564
0.559538
0.557454
0.555313
0.553117
0.550869
0.548571
0.546224
0.543832
0.541397
0.538921
0.536407
0.533856
0.531272
0.528658
0.526015
0.523346
0.520654
0.517942
0.515213
0.512468
0.509711
0.506944
0.50417
0.501393
0.498614
0.495836
0.493063
0.490296
0.487539
0.484794
0.482064
0.479352
0.476661
0.473992
0.471349
0.468735
0.466151
0.4636
0.461086
0.45861
0.456175
0.453783
0.451437
0.449138
0.44689
0.444695
0.442554
0.440469
0.438444
0.436479
0.434577
0.432739
0.430968
0.429265
0.427632
0.42607
0.424582
0.423167
0.421829
0.420568
0.419385
0.418282
0.417259
0.416318
0.41546
0.414685
0.413994
0.413389
0.412869
0.412434
0.412087
0.411826
0.411652
0.411565
0.588445
0.588358
0.588184
0.587923
0.587575
0.587141
0.586621
0.586015
0.585324
0.584549
0.583691
0.58275
0.581727
0.580624
0.579441
0.578179
0.576841
0.575426
0.573938
0.572376
0.570743
0.56904
0.567268
0.565431
0.563529
0.561564
0.559538
0.557454
0.555313
0.553117
0.550869
0.54857
0.546224
0.543832
0.541397
0.538921
0.536406
0.533856
0.531272
0.528657
0.526015
0.523346
0.520654
0.517942
0.515212
0.512468
0.509711
0.506944
0.50417
0.501393
0.498614
0.495836
0.493063
0.490296
0.487539
0.484794
0.482065
0.479353
0.476661
0.473992
0.471349
0.468735
0.466151
0.463601
0.461086
0.45861
0.456175
0.453783
0.451437
0.449139
0.446891
0.444695
0.442554
0.44047
0.438444
0.436479
0.434577
0.43274
0.430969
0.429266
0.427632
0.426071
0.424582
0.423168
0.421829
0.420568
0.419385
0.418282
0.41726
0.416319
0.41546
0.414686
0.413995
0.413389
0.412869
0.412435
0.412087
0.411826
0.411652
0.411566
0.588445
0.588358
0.588184
0.587923
0.587575
0.58714
0.58662
0.586014
0.585323
0.584549
0.58369
0.582749
0.581726
0.580623
0.57944
0.578179
0.57684
0.575426
0.573937
0.572375
0.570742
0.569039
0.567268
0.56543
0.563528
0.561563
0.559538
0.557453
0.555312
0.553116
0.550868
0.54857
0.546224
0.543832
0.541397
0.538921
0.536406
0.533856
0.531272
0.528657
0.526014
0.523346
0.520654
0.517942
0.515212
0.512468
0.50971
0.506944
0.50417
0.501393
0.498614
0.495836
0.493063
0.490296
0.487539
0.484794
0.482065
0.479353
0.476661
0.473992
0.47135
0.468735
0.466151
0.463601
0.461086
0.45861
0.456175
0.453784
0.451437
0.449139
0.446891
0.444695
0.442554
0.44047
0.438444
0.43648
0.434578
0.43274
0.430969
0.429266
0.427633
0.426071
0.424583
0.423168
0.42183
0.420569
0.419386
0.418283
0.41726
0.416319
0.415461
0.414686
0.413996
0.41339
0.41287
0.412436
0.412088
0.411827
0.411653
0.411566
)
;

boundaryField
{
    xmin
    {
        type            zeroGradient;
    }
    xmax
    {
        type            zeroGradient;
    }
    ymin
    {
        type            zeroGradient;
    }
    ymax
    {
        type            zeroGradient;
    }
    zmin
    {
        type            empty;
    }
    zmax
    {
        type            empty;
    }
}


// ************************************************************************* //
