#tiempo [fms]   X [Ang]    Y [Ang]       Z [Ang]
0.01 0.0999032082805119 0 99.9961880811045
0.02 0.199225759547783 0 99.9847744615486
0.03 0.297390079516878 0 99.9658254684842
0.04 0.393825325777349 0 99.9394512484252
0.05 0.487970707340056 0 99.9058051269895
0.06 0.579278745753233 0 99.8650827175453
0.07 0.667218458823756 0 99.8175207839453
0.08 0.751278448429478 0 99.7633958639601
0.09 0.830969874466136 0 99.7030226614136
0.1 0.905829297634341 0 99.6367522163693
0.11 0.975421374534819 0 99.5649698640094
0.12 1.03934138939875 0 99.4880929940675
0.13 1.09721760773001 0 99.406568623853
0.14 1.14871343817159 0 99.3208707989708
0.15 1.19352939002359 0 99.2314978368534
0.16 1.23140481502849 0 99.1389694291362
0.17 1.26211942329367 0 99.0438236197208
0.18 1.28549456453474 0 98.9466136760996
0.19 1.30139426718767 0 98.8479048721388
0.2 1.30972602934579 0 98.7482712010208
0.21 1.31044135692084 0 98.6482920374655
0.22 1.30353604589717 0 98.5485487686379
0.23 1.28905020703618 0 98.4496214133336
0.24 1.26706803288592 0 98.3520852491007
0.25 1.23771730844918 0 98.256507466914
0.26 1.2011686683541 0 98.1634438728548
0.27 1.15763460484546 0 98.0734356559736
0.28 1.10736823236382 0 97.9870062411358
0.29 1.05066181589524 0 97.9046582451474
0.3 0.987845071647901 0 97.8268705538666
0.31 0.919283249936147 0 97.7540955372932
0.32 0.845375011418898 0 97.6867564188382
0.33 0.766550109041057 0 97.6252448140641
0.34 0.68326688915658 0 97.5699184532183
0.35 0.596009626363391 0 97.5210991007958
0.36 0.505285707547365 0 97.4790706842365
0.37 0.411622681509578 0 97.4440776426377
0.38 0.315565191332778 0 97.4163235050868
0.39 0.217671807324987 0 97.3959697068787
0.4 0.118511778956428 0 97.3831346505097
0.41 0.0186617246771166 0 97.3778930169036
0.42 -0.0812977211361823 0 97.3802753308793
0.43 -0.180785284605534 0 97.3902677833906
0.44 -0.279222432515826 0 97.4078123115677
0.45 -0.376036736561185 0 97.4328069361027
0.46 -0.470665202110287 0 97.4651063540128
0.47 -0.562557542133246 0 97.5045227833418
0.48 -0.651179377251531 0 97.5508270548831
0.49 -0.73601534330186 0 97.6037499445825
0.5 -0.816572088342734 0 97.6629837388699
0.51 -0.892381141675062 0 97.7281840238225
0.52 -0.963001638192478 0 97.7989716877535
0.53 -1.02802288221813 0 97.8749351255838
0.54 -1.08706673591804 0 97.9556326321791
0.55 -1.13978981840112 0 98.0405949707356
0.56 -1.1858855027168 0 98.1293281012815
0.57 -1.22508569913626 0 98.2213160534248
0.58 -1.25716241434614 0 98.3160239266473
0.59 -1.28192907748653 0 98.412901000697
0.6 -1.29924162532078 0 98.5113839379899
0.61 -1.30899934022546 0 98.610900059404
0.62 -1.31114543612588 0 98.7108706744137
0.63 -1.30566738896863 0 98.8107144461984
0.64 -1.29259700980775 0 98.9098507721624
0.65 -1.27201026007808 0 99.0077031602022
0.66 -1.24402681012854 0 99.103702581093
0.67 -1.20880934358095 0 99.1972907774938
0.68 -1.16656261155822 0 99.2879235103364
0.69 -1.11753224228016 0 99.3750737237124
0.7 -1.06200331294772 0 99.4582346098573
0.71 -1.00029869221919 0 99.536922556409
0.72 -0.932777162915366 0 99.6106799587978
0.73 -0.859831335869331 0 99.6790778814159
0.74 -0.781885367050648 0 99.7417185520891
0.75 -0.699392491238072 0 99.7982376753443
0.76 -0.612832386581608 0 99.8483065510205
0.77 -0.522708385378325 0 99.8916339859008
0.78 -0.429544547280602 0 99.9279679872497
0.79 -0.333882611955658 0 99.9570972284045
0.8 -0.236278848916218 0 99.9788522778991
0.81 -0.137300822840309 0 99.9931065849686
0.82 -0.0375240931896742 0 99.9997772157042
0.83 0.0624711326814968 0 99.9988253355775
0.84 0.162103373465296 0 99.9902564355226
0.85 0.260793255266621 0 99.974120300264
0.86 0.357966880734552 0 99.9505107190715
0.87 0.453059166366653 0 99.9195649406208
0.88 0.545517128579257 0 99.8814628751329
0.89 0.634803099434582 0 99.836426048424
0.9 0.720397853324502 0 99.7847163139525
0.91 0.801803626428442 0 99.7266343303496
0.92 0.878547011386341 0 99.6625178132829
0.93 0.950181710353089 0 99.5927395718213
0.94 1.0162911304244 0 99.5177053407152
0.95 1.07649080634044 0 99.4378514211982
0.96 1.13043063637795 0 99.3536421440305
0.97 1.17779691842799 0 99.2655671695275
0.98 1.21831417441779 0 99.1741386402837
0.99 1.25174675246672 0 99.0798882031408
1 1.27790019745798 0 98.9833639177193
1.01 1.29662238205497 0 98.885127069492
1.02 1.30780439158364 0 98.7857489059263
1.03 1.31138115763407 0 98.6858073146804
1.04 1.30733183669509 0 98.5858834631643
1.05 1.29567993161869 0 98.4865584190112
1.06 1.2764931552066 0 98.3884097711078
1.07 1.24988303671047 0 98.2920082708359
1.08 1.21600427353273 0 98.1979145130531
1.09 1.17505383189628 0 98.1066756761177
1.1 1.1272698017115 0 98.0188223399111
1.11 1.07293001229804 0 97.9348654003652
1.12 1.0123504170098 0 97.8552930984346
1.13 0.945883256155304 0 97.780568180793
1.14 0.873915008894973 0 97.7111252087657
1.15 0.796864146024078 0 97.6473680311461
1.16 0.715178696707898 0 97.5896674355951
1.17 0.629333643317753 0 97.5383589922792
1.18 0.539828159516217 0 97.4937411022911
1.19 0.447182707651395 0 97.4560732622005
1.2 0.351936012338398 0 97.4255745548274
1.21 0.254641927826243 0 97.4024223750191
1.22 0.155866217366146 0 97.3867513978362
1.23 0.0561832633089949 0 97.3786527951572
1.24 -0.0438272729372719 0 97.3781737052495
1.25 -0.143583821667986 0 97.3853169584002
1.26 -0.242506286758618 0 97.4000410601996
1.27 -0.340019418992307 0 97.422260432578
1.28 -0.435556161221737 0 97.4518459111941
1.29 -0.528560945912756 0 97.4886254962858
1.3 -0.618492925893882 0 97.5323853526172
1.31 -0.704829119524174 0 97.5828710527091
1.32 -0.787067451989503 0 97.6397890561249
1.33 -0.864729675041148 0 97.7028084162117
1.34 -0.937364148197436 0 97.7715627043707
1.35 -1.00454846523466 0 97.8456521406716
1.36 -1.06589191069301 0 97.9246459184204
1.37 -1.1210377321118 0 98.0080847091634
1.38 -1.16966521477944 0 98.0954833335649
1.39 -1.2114915469324 0 98.1863335826236
1.4 -1.24627346455529 0 98.2801071728278
1.41 -1.27380866621643 0 98.3762588180611
1.42 -1.29393698970986 0 98.4742294003986
1.43 -1.30654134366031 0 98.5734492213547
1.44 -1.31154838867224 0 98.6733413146787
1.45 -1.30892896406057 0 98.7733248014286
1.46 -1.29869825768007 0 98.8728182678215
1.47 -1.28091571786446 0 98.9712431462107
1.48 -1.2556847079857 0 99.0680270795328
1.49 -1.22315190564078 0 99.1626072496603
1.5 -1.18350644995833 0 99.2544336503017
1.51 -1.13697884198208 0 99.3429722854205
1.52 -1.08383960452406 0 99.4277082745695
1.53 -1.02439770927935 0 99.5081488470857
1.54 -0.958998780347393 0 99.5838262077304
1.55 -0.888023084605363 0 99.6543002571143
1.56 -0.811883320618507 0 99.7191611510793
1.57 -0.731022218943983 0 99.7780316841629
1.58 -0.645909967781621 0 99.8305694832764
1.59 -0.55704147894066 0 99.8764689988412
1.6 -0.464933510020233 0 99.9154632818066
1.61 -0.370121659537591 0 99.9473255362108
1.62 -0.273157252476955 0 99.9718704382558
1.63 -0.174604134369214 0 99.9889552142261
1.64 -0.0750353925446967 0 99.9984804709804
1.65 0.0249699763751509 0 100.000390774185
1.66 0.124830433368613 0 99.9946749709256
1.67 0.223965278708461 0 99.9813662548214
1.68 0.321798028795803 0 99.9605419732577
1.69 0.417759768496353 0 99.9323231778607
1.7 0.511292459484802 0 99.8968739208227
1.71 0.601852185358676 0 99.8544003011729
1.72 0.688912314650612 0 99.8051492665351
1.73 0.771966563345367 0 99.7494071773377
1.74 0.850531939092109 0 99.6874981418299
1.75 0.92415154999038 0 99.6197821315761
1.76 0.992397261615607 0 99.5466528883941
1.77 1.05487218683236 0 99.4685356349014
1.78 1.11121299391588 0 99.3858846019858
1.79 1.16109201955885 0 99.2991803875738
1.8 1.20421917447495 0 99.2089271620568
1.81 1.24034363051663 0 99.1156497366266
1.82 1.26925527949514 0 99.0198905115636
1.83 1.29078595521832 0 98.9222063222253
1.84 1.30481041163838 0 98.8231652010751
1.85 1.31124705142035 0 98.7233430745796
1.86 1.31005840069291 0 98.6233204141835
1.87 1.30125132721963 0 98.5236788608341
1.88 1.28487700072009 0 98.4249978426852
1.89 1.26103059557049 0 98.3278512056505
1.9 1.22985073761078 0 98.2328038763973
1.91 1.1915186982739 0 98.1404085771875
1.92 1.14625734072171 0 98.0512026116706
1.93 1.09432982411469 0 97.965704740316
1.94 1.0360380735486 0 97.8844121636606
1.95 0.971721024554399 0 97.8077976309101
1.96 0.901752652368393 0 97.7363066907123
1.97 0.826539797431415 0 97.6703551000859
1.98 0.746519799760797 0 97.6103264065779
1.99 0.662157955950402 0 97.5565697177075
2 0.573944813585446 0 97.5093976706698
2.01 0.482393318804479 0 97.4690846141054
2.02 0.388035833594855 0 97.435865012512
2.03 0.291421040165684 0 97.4099320825777
2.04 0.193110750398996 0 97.391436669365
2.05 0.0936766389319363 0 97.3804863688851
2.06 -0.0063030811329879 0 97.3771449021646
2.07 -0.10624702055885 0 97.3814317444457
2.08 -0.205573994794362 0 97.3933220116782
2.09 -0.30370640362333 0 97.4127466049647
2.1 -0.4000735899905 0 97.4395926121205
2.11 -0.494115158471736 0 97.4737039640153
2.12 -0.585284234091071 0 97.5148823418792
2.13 -0.673050642533897 0 97.5628883303024
2.14 -0.7569039932626 0 97.6174428092197
2.15 -0.836356647605417 0 97.6782285767938
2.16 -0.910946554558107 0 97.7448921937535
2.17 -0.980239937807191 0 97.8170460384692
2.18 -1.04383381834857 0 97.8942705608138
2.19 -1.10135835803128 0 97.976116721705
2.2 -1.1524790103974 0 98.0621086041418
2.21 -1.19689846630964 0 98.1517461805546
2.22 -1.23435838305133 0 98.2445082203772
2.23 -1.26464088684277 0 98.3398553209334
2.24 -1.28756984003519 0 98.4372330440133
2.25 -1.30301186561228 0 98.5360751399013
2.26 -1.31087712304005 0 98.6358068401077
2.27 -1.31111983095215 0 98.7358481996582
2.28 -1.30373853362955 0 98.8356174695028
2.29 -1.28877610972361 0 98.9345344794377
2.3 -1.26631952317022 0 99.0320240118623
2.31 -1.236499317742 0 99.1275191467591
2.32 -1.19948885817629 0 99.2204645584398
2.33 -1.15550332229043 0 99.3103197448902
2.34 -1.10479844994374 0 99.3965621709301
2.35 -1.04766905611981 0 99.4786903069151
2.36 -0.98444731677418 0 99.5562265453044
2.37 -0.915500837414211 0 99.6287199781385
2.38 -0.841230515641143 0 99.6957490192705
2.39 -0.762068210082785 0 99.7569238561026
2.4 -0.678474229271067 0 99.8118887165735
2.41 -0.590934655065846 0 99.8603239382061
2.42 -0.499958516188569 0 99.9019478271894
2.43 -0.40607482830112 0 99.9365182966765
2.44 -0.309829517841325 0 99.963834274776
2.45 -0.211782247502645 0 99.9837368740444
2.46 -0.112503161817653 0 99.9961103156784
2.47 -0.0125695717696061 0 100.000882603031
2.48 0.0874374022889347 0 99.9980259405357
2.49 0.186936209888885 0 99.9875568955949
2.5 0.285348252218253 0 99.9695363024993
2.51 0.382101246751232 0 99.9440689089272
2.52 0.476632555167024 0 99.911302767081
2.53 0.56839245520596 0 99.871428373
2.54 0.656847337436442 0 99.8246775590542
2.55 0.741482808342699 0 99.7713221460549
2.56 0.821806681688084 0 99.7116723628207
2.57 0.897351840758131 0 99.64607504239
2.58 0.967678954838412 0 99.5749116053622
2.59 1.03237903412973 0 99.4985958420993
2.6 1.0910758082426 0 99.4175715066808
2.61 1.14342791443888 0 99.332309736602
2.62 1.18913088289441 0 99.2433063132198
2.63 1.22791890743726 0 99.1510787788765
2.64 1.25956639146294 0 99.0561634274644
2.65 1.28388926003603 0 98.9591121859294
2.66 1.30074603054644 0 98.8604894048509
2.67 1.31003863569329 0 98.7608685767566
2.68 1.31171299400896 0 98.6608290012571
2.69 1.3057593246043 0 98.5609524163931
2.7 1.2922122043033 0 98.4618196157821
2.71 1.27115036683333 0 98.3640070712384
2.72 1.24269624523727 0 98.2680835805049
2.73 1.20701526016692 0 98.1746069595897
2.74 1.16431485819498 0 98.084120798946
2.75 1.11484330573618 0 97.9971513023534
2.76 1.05888824558997 0 97.9142042268881
2.77 0.996775024496937 0 97.8357619417738
2.78 0.928864801433264 0 97.7622806232187
2.79 0.855552447642248 0 97.6941876015511
2.8 0.777264250613348 0 97.6318788760827
2.81 0.694455435359114 0 97.5757168121481
2.82 0.607607517403026 0 97.5260280337181
2.83 0.517225502869885 0 97.4831015238381
2.84 0.423834951959643 0 97.4471869439449
2.85 0.327978922880071 0 97.4184931818293
2.86 0.230214814008924 0 97.3971871366952
2.87 0.131111122648162 0 97.3833927483803
2.88 0.0312441392179283 0 97.3771902763807
2.89 -0.0688054038865073 0 97.3786158328818
2.9 -0.168455709287832 0 97.3876611725043
2.91 -0.26712729783241 0 97.4042737399941
2.92 -0.364246378334973 0 97.4283569755795
2.93 -0.459248184266789 0 97.4597708762184
2.94 -0.551580257983939 0 97.4983328094793
2.95 -0.640705663397258 0 97.5438185753194
2.96 -0.726106108401517 0 97.5959637095888
2.97 -0.807284958906092 0 97.6544650216832
2.98 -0.883770126939554 0 97.7189823574025
2.99 -0.95511681603285 0 97.7891405767685
3 -1.02091010791556 0 97.8645317352989
3.01 -1.08076737548235 0 97.9447174560551
3.02 -1.13434050799706 0 98.0292314786733
3.03 -1.18131793559341 0 98.1175823705539
3.04 -1.22142644129861 0 98.2092563844468
3.05 -1.25443275004145 0 98.3037204458145
3.06 -1.28014488540331 0 98.4004252526042
3.07 -1.29841328622119 0 98.4988084694
3.08 -1.30913167654809 0 98.5982979973876
3.09 -1.31223768391047 0 98.6983153011094
3.1 -1.30771320226606 0 98.7982787726722
3.11 -1.2955844975499 0 98.8976071138381
3.12 -1.27592205519338 0 98.9957227163366
3.13 -1.24884017050141 0 99.0920550207371
3.14 -1.21449628426831 0 99.1860438343526
3.15 -1.17309006749432 0 99.2771425888779
3.16 -1.12486226052374 0 99.364821518821
3.17 -1.07009327335395 0 99.4485707422405
3.18 -1.00910155525299 0 99.5279032258794
3.19 -0.942241743165489 0 99.6023576174449
3.2 -0.869902599672698 0 99.6715009285704
3.21 -0.792504752496397 0 99.7349310528521
3.22 -0.710498248690594 0 99.7922791043186
3.23 -0.624359937742531 0 99.8432115627354
3.24 -0.534590698799529 0 99.8874322132642
3.25 -0.441712528144756 0 99.9246838692011
3.26 -0.346265503857718 0 99.9547498677687
3.27 -0.248804645309575 0 99.9774553302708
3.28 -0.14989668575503 0 99.9926681792722
3.29 -0.0501167767879939 0 100.000299906891
3.3 0.0499548561754284 0 100.000306089736
3.31 0.14973628793822 0 99.9926866474872
3.32 0.248647277467758 0 99.9774858436252
3.33 0.346112642067224 0 99.9547920282881
3.34 0.441565602151893 0 99.9247371247653
3.35 0.534451077179917 0 99.8874958626024
3.36 0.624228913571147 0 99.8432847617807
3.37 0.710377025842896 0 99.7923608738727
3.38 0.79239443269614 0 99.7350202874988
3.39 0.869804170396349 0 99.6715964067664
3.4 0.942156066506669 0 99.6024580127087
3.41 1.00902935784306 0 99.5280071189904
3.42 1.07003513742683 0 99.4486766343497
3.43 1.12481861620425 0 99.3649278453692
3.44 1.17306118638013 0 99.2772477342121
3.45 1.21448227436555 0 99.1861461469199
3.46 1.24884097256358 0 99.0921528287382
3.47 1.27593744050268 0 98.9958143437075
3.48 1.2956140671686 0 98.8976908964373
3.49 1.30775638777441 0 98.7983530745355
3.5 1.31229374963612 0 98.6983785306441
3.51 1.30919972328021 0 98.5983486233702
3.52 1.29849225639107 0 98.4988450366464
3.53 1.28023356970153 0 98.4004463971815
3.54 1.25452979543042 0 98.3037249096684
3.55 1.22153036036824 0 98.2092430293162
3.56 1.18142711719681 0 98.1175501910598
3.57 1.1344532290929 0 98.0291796144621
3.58 1.08088181410058 0 97.9446452028933
3.59 1.02102435715404 0 97.8644385550167
3.6 0.955228898983645 0 97.7890261059626
3.61 0.88387801243585 0 97.7188464148137
3.62 0.80738657797337 0 97.6543076141745
3.63 0.726199371290385 0 97.5957850366635
3.64 0.640788477069813 0 97.5436190321226
3.65 0.551650543920926 0 97.4981129882447
3.66 0.459303896459249 0 97.459531566128
3.67 0.364285521321429 0 97.4280991610192
3.68 0.267147944640983 0 97.4039985971963
3.69 0.168456019142102 0 97.3873700645868
3.7 0.068783639534364 0 97.3783103032987
3.71 -0.0312895946917429 0 97.3768720408153
3.72 -0.131181749662607 0 97.3830636851234
3.73 -0.230311941113566 0 97.3968492755611
3.74 -0.328103712297078 0 97.4181486916753
3.75 -0.423988386164088 0 97.4468381188735
3.76 -0.517408372325127 0 97.4827507681642
3.77 -0.607820409560602 0 97.5256778458023
3.78 -0.694698725024319 0 97.5753697672015
3.79 -0.77753809176871 0 97.6315376080575
3.8 -0.85585676681132 0 97.693854784244
3.81 -0.929199292656679 0 97.7619589507136
3.82 -0.997139145981674 0 97.8354541083634
3.83 -1.05928121808113 0 97.9139129066154
3.84 -1.11526411264851 0 97.9968791283232
3.85 -1.16476224752903 0 98.0838703425513
3.86 -1.20748774822182 0 98.1743807098104
3.87 -1.24319212211939 0 98.2678839234287
3.88 -1.2716677037469 0 98.3638362699622
3.89 -1.29274886259592 0 98.4616797908421
3.9 -1.30631296652751 0 98.5608455268791
3.91 -1.31228109514098 0 98.6607568267556
3.92 -1.31061849895847 0 98.7608327002687
3.93 -1.30133480175374 0 98.860491196822
3.94 -1.28448394484709 0 98.9591527895245
3.95 -1.26016387368885 0 99.0562437452118
3.96 -1.22851596855246 0 99.1511994607983
3.97 -1.18972422264627 0 99.2434677465556
3.98 -1.14401417242192 0 99.3325120372252
3.99 -1.09165158629826 0 99.417814512292
4 -1.03294091942453 0 99.4988791072722
4.01 -0.968223543467322 0 99.5752343985075
4.02 -0.897875761713781 0 99.6464363446849
4.03 -0.822306621032304 0 99.7120708691423
4.04 -0.741955533413206 0 99.7717562679423
4.05 -0.657289720919227 0 99.825145429707
4.06 -0.568801498902696 0 99.8719278543086
4.07 -0.477005413286862 0 99.9118314586727
4.08 -0.382435248557457 0 99.9446241591928
4.09 -0.285640923862653 0 99.9701152215537
4.1 -0.187185295270205 0 99.9881563701113
4.11 -0.0876408827764903 0 99.9986426503778
4.12 0.0124134589002595 0 100.001513039596
4.13 0.112395906383148 0 99.9967508018467
4.14 0.211725050982449 0 99.9843835856289
4.15 0.309823279649668 0 99.9644832633387
4.16 0.406120133879243 0 99.9371655135808
4.17 0.500055627025359 0 99.9025891487415
4.18 0.591083500743143 0 99.8609551917273
4.19 0.67867440161728 0 99.8125057072435
4.2 0.762318959505235 0 99.7575223944005
4.21 0.841530749693549 0 99.6963249488346
4.22 0.915849121641365 0 99.6292692038676
4.23 0.984841877860893 0 99.5567450615071
4.24 1.04810778735604 0 99.4791742253262
4.25 1.10527891900231 0 99.3970077483978
4.26 1.15602278129808 0 99.3107234105453
4.27 1.20004425604323 0 99.2208229401584
4.28 1.23708731469946 0 99.1278290967309
4.29 1.2669365074501 0 99.0322826310819
4.3 1.28941821629919 0 98.9347391409389
4.31 1.30440166492147 0 98.8357658401655
4.32 1.31179967938941 0 98.7359382604225
4.33 1.31156919535237 0 98.635836904439
4.34 1.30371150871684 0 98.536043870359
4.35 1.28827226836871 0 98.4371394667888
4.36 1.26534121097829 0 98.3396988382336
4.37 1.23505163942881 0 98.2442886205409
4.38 1.19757964789987 0 98.1514636458058
4.39 1.15314309811047 0 98.0617637158963
4.4 1.10200035267363 0 97.975710463362
4.41 1.04444877292666 0 97.8938043179817
4.42 0.980822989971201 0 97.816521596588
4.43 0.911492958975519 0 97.7443117330967
4.44 0.8368618080525 0 97.6775946648447
4.45 0.757363494220978 0 97.61675839044
4.46 0.673460280080145 0 97.5621567133229
4.47 0.585640045869419 0 97.5141071841655
4.48 0.494413452543438 0 97.4728892540685
4.49 0.400310972358339 0 97.4387426493031
4.5 0.303879804235992 0 97.4118659770478
4.51 0.205680691842997 0 97.3924155702272
4.52 0.106284662887078 0 97.3805045781735
4.53 0.00626970859174132 0 97.3762023084013
4.54 -0.0937825773419435 0 97.379533823321
4.55 -0.193290380741903 0 97.3904797942416
4.56 -0.291675050273352 0 97.4089766135107
4.57 -0.388364462374548 0 97.4349167641416
4.58 -0.48279634825244 0 97.4681494447806
4.59 -0.574421563591187 0 97.5084814463804
4.6 -0.662707281959494 0 97.5556782754843
4.61 -0.747140093346343 0 97.6094655175896
4.62 -0.827228989806283 0 97.6695304326635
4.63 -0.902508220851708 0 97.7355237735366
4.64 -0.972540001987087 0 97.8070618165986
4.65 -1.03691706063376 0 97.8837285929896
4.66 -1.09526500463962 0 97.9650783073151
4.67 -1.14724449959949 0 98.0506379298191
4.68 -1.19255324232376 0 98.1399099469416
4.69 -1.2309277189781 0 98.2323752542698
4.7 -1.26214473766938 0 98.3274961750584
4.71 -1.28602272656417 0 98.4247195867656
4.72 -1.30242278998986 0 98.5234801374307
4.73 -1.31124951637568 0 98.6232035331819
4.74 -1.31245153333382 0 98.7233098777622
4.75 -1.30602180665139 0 98.8232170446529
4.76 -1.29199768145305 0 98.9223440621889
4.77 -1.27046066529346 0 99.0201144919733
4.78 -1.24153595443933 0 99.115959780954
4.79 -1.20539170609439 0 99.2093225676635
4.8 -1.16223806079779 0 99.2996599233993
4.81 -1.11232592067937 0 99.3864465094944
4.82 -1.055945490675 0 99.4691776323171
4.83 -0.993424591183533 0 99.5473721782392
4.84 -0.925126751976114 0 99.6205754114965
4.85 -0.851449098440725 0 99.6883616186782
4.86 -0.772820042452446 0 99.7503365844637
4.87 -0.689696791296118 0 99.8061398842085
4.88 -0.60256268912624 0 99.855446980048
4.89 -0.511924406422775 0 99.8979711083264
4.9 -0.418308993785637 0 99.933464947378
4.91 -0.322260817199511 0 99.9617220559557
4.92 -0.224338392590102 0 99.9825780739487
4.93 -0.125111138078592 0 99.9959116783965
4.94 -0.0251560628198086 0 100.001645289246
4.95 0.0749455883215141 0 99.9997455207399
4.96 0.174611714745089 0 99.9902233758193
4.97 0.273262745085287 0 99.9731341823951
4.98 0.37032500749327 0 99.9485772718692
4.99 0.465234065632447 0 99.9166954017697
5 0.557438000987868 0 99.8776739258517
5.01 0.646400622402291 0 99.8317397164953
5.02 0.731604584174711 0 99.7791598456606
5.03 0.812554394588755 0 99.7202400320694
5.04 0.888779297375392 0 99.6553228636459
5.05 0.959836009353228 0 99.5847858055451
5.06 1.02531129832589 0 99.5090390053584
5.07 1.08482438624481 0 99.4285229082521
5.08 1.13802916366177 0 99.3437056959099
5.09 1.18461620259283 0 99.2550805641687
5.1 1.22431455608747 0 99.1631628551805
5.11 1.25689333403702 0 99.0684870607726
5.12 1.28216304605751 0 98.9716037144336
5.13 1.29997670363679 0 98.8730761899976
5.14 1.31023067513514 0 98.7734774256428
5.15 1.31286528866624 0 98.6733865922509
5.16 1.30786517935112 0 98.5733857255061
5.17 1.29525937892429 0 98.474056341313
5.18 1.27512114716947 0 98.3759760542193
5.19 1.24756754616374 0 98.279715218504
5.2 1.21275875980426 0 98.1858336114665
5.21 1.17089716257322 0 98.094877178203
5.22 1.12222614295478 0 98.007374856797
5.23 1.06702868834448 0 97.9238355023917
5.24 1.00562573967861 0 97.8447449280286
5.25 0.938374325350372 0 97.7705630794585
5.26 0.865665485262716 0 97.7017213603616
5.27 0.787921997088802 0 97.6386201235215
5.28 0.705595917960739 0 97.5816263425532
5.29 0.619165955880961 0 97.53107147772
5.3 0.529134686140741 0 97.4872495482499
5.31 0.43602562893176 0 97.450415422366
5.32 0.340380205143907 0 97.420783334974
5.33 0.242754588050964 0 97.398525641627
5.34 0.143716469191329 0 97.3837718160175
5.35 0.04384175725003 0 97.3766076968241
5.36 -0.0562887708620297 0 97.377074988297
5.37 -0.156092847257545 0 97.3851710174871
5.38 -0.254990099012109 0 97.4008487495305
5.39 -0.352405423103816 0 97.4240170609039
5.4 -0.44777233072746 0 97.454541269061
5.41 -0.540536241535641 0 97.4922439153702
5.42 -0.63015770865011 0 97.5369057968082
5.43 -0.716115555689207 0 97.5882672404042
5.44 -0.797909907568702 0 97.6460296130296
5.45 -0.875065097451038 0 97.7098570577548
5.46 -0.947132432938024 0 97.779378446674
5.47 -1.01369280542046 0 97.8541895388486
5.48 -1.07435912741015 0 97.9338553308158
5.49 -1.12877858368 0 98.0179125860016
5.5 -1.17663468312042 0 98.105872528324
5.51 -1.21764909937916 0 98.1972236843275
5.52 -1.25158328957995 0 98.2914348573232
5.53 -1.27823988170535 0 98.387958216237
5.54 -1.29746382257504 0 98.4862324812073
5.55 -1.30914327974231 0 98.5856861874072
5.56 -1.31321029206269 0 98.6857410081121
5.57 -1.30964116515035 0 98.7858151176901
5.58 -1.2984566094209 0 98.8853265749577
5.59 -1.27972161991653 0 98.9836967072266
5.6 -1.25354509861078 0 99.0803534753655
5.61 -1.22007922138774 0 99.1747348003031
5.62 -1.1795185533753 0 99.2662918316369
5.63 -1.13209891777545 0 99.3544921393298
5.64 -1.07809602476798 0 99.4388228099427
5.65 -1.01782386845937 0 99.5187934293919
5.66 -0.951632901197293 0 99.5939389348891
5.67 -0.879907995866103 0 99.6638223194767
5.68 -0.803066208011456 0 99.7280371734323
5.69 -0.721554350806425 0 99.7862100477599
5.7 -0.635846396959815 0 99.8380026260279
5.71 -0.546440722673869 0 99.883113691918
5.72 -0.453857209677084 0 99.9212808810442
5.73 -0.35863422218332 0 99.9522822068558
5.74 -0.261325476355749 0 99.9759373517472
5.75 -0.162496820479423 0 99.9921087158649
5.76 -0.0627229445655687 0 100.000702217514
5.77 0.0374159614788229 0 100.001667840507
5.78 0.137337581683301 0 99.9949999252668
5.79 0.236460860229174 0 99.9807372019998
5.8 0.334209380356514 0 99.9589625657304
5.81 0.430014716314216 0 99.9298025945163
5.82 0.52331973886101 0 99.8934268136384
5.83 0.613581855095338 0 99.8500467100432
5.84 0.700276163773756 0 99.7999145027685
5.85 0.782898507768872 0 99.7433216765005
5.86 0.860968405915872 0 99.6805972867893
5.87 0.934031847197919 0 99.6121060467739
5.88 1.00166393102117 0 99.5382462065471
5.89 1.06347133822503 0 99.4594472374835
5.9 1.1190946184575 0 99.3761673350015
5.91 1.16821028061314 0 99.2888907542763
5.92 1.21053267417658 0 99.1981249943982
5.93 1.2458156505299 0 99.1043978473469
5.94 1.27385399456214 0 99.0082543289462
5.95 1.29448461825456 0 98.9102535096397
5.96 1.30758750929938 0 98.8109652635205
5.97 1.31308642923442 0 98.7109669545166
5.98 1.31094935703229 0 98.6108400790052
5.99 1.30118867556321 0 98.5111668843738
6 1.28386109984573 0 98.4125269831958
6.01 1.25906734750089 0 98.3154939827086
6.02 1.22695155332489 0 98.2206321491935
6.03 1.18770043138295 0 98.1284931266536
6.04 1.14154218949536 0 98.0396127288744
6.05 1.08874520242692 0 97.9545078235189
6.06 1.02961645149354 0 97.8736733263778
6.07 0.964499739658758 0 97.7975793232562
6.08 0.893773692498229 0 97.7266683362311
6.09 0.817849556655393 0 97.6613527501795
6.1 0.737168808589526 0 97.6020124145421
6.11 0.652200587520346 0 97.5489924342708
6.12 0.563438967495876 0 97.5026011628048
6.13 0.471400084445834 0 97.463108408751
6.14 0.376619134926168 0 97.430743866693
6.15 0.27964726400665 0 97.4056957812611
6.16 0.181048360398075 0 97.3881098522289
6.17 0.0813957774552405 0 97.3780883870065
6.18 -0.018731000877038 0 97.3756897054602
6.19 -0.118749729787325 0 97.3809278005197
6.2 -0.218078789395293 0 97.393772256551
6.21 -0.316140566935105 0 97.4141484259671
6.22 -0.412364815656696 0 97.4419378630547
6.23 -0.506191970912451 0 97.4769790124933
6.24 -0.597076404145638 0 97.519068148565
6.25 -0.684489595857975 0 97.5679605595959
6.26 -0.767923209104702 0 97.6233719707402
6.27 -0.846892045643907 0 97.6849801968396
6.28 -0.920936867549095 0 97.7524270157407
6.29 -0.989627067876257 0 97.8253202511854
6.3 -1.05256317485435 0 97.9032360531582
6.31 -1.1093791750361 0 97.9857213624344
6.32 -1.15974464189872 0 98.0722965449954
6.33 -1.20336665751529 0 98.1624581809964
6.34 -1.23999151612113 0 98.2556819920661
6.35 -1.26940619966708 0 98.3514258899179
6.36 -1.29143961677825 0 98.4491331285466
6.37 -1.30596359791198 0 98.5482355416784
6.38 -1.31289364092671 0 98.6481568466494
6.39 -1.31218940272472 0 98.7483159955024
6.4 -1.3038549341083 0 98.8481305538129
6.41 -1.28793865648225 0 98.9470200875978
6.42 -1.2645330805365 0 99.04440953861
6.43 -1.23377426854343 0 99.139732568393
6.44 -1.19584104339502 0 99.232434851649
6.45 -1.15095394897806 0 99.3219772997674
6.46 -1.09937396793134 0 99.4078391957685
6.47 -1.04140100423991 0 99.4895212224349
6.48 -0.977372139488837 0 99.5665483660166
6.49 -0.907659672915195 0 99.6384726786269
6.5 -0.832668956654429 0 99.7048758832613
6.51 -0.752836038768044 0 99.7653718062969
6.52 -0.66862512775764 0 99.8196086233178
6.53 -0.58052589330829 0 99.8672709052086
6.54 -0.489050618956829 0 99.9080814526215
6.55 -0.394731223241668 0 99.9418029081404
6.56 -0.298116166655728 0 99.96823913677
6.57 -0.199767262388185 0 99.9872363667222
6.58 -0.100256409400378 0 99.9986840838607
6.59 -0.000162266832873988 0 100.002515674604
6.6 0.0999331109179411 0 99.9987088135464
6.61 0.199447658886615 0 99.9872855935378
6.62 0.29780268630653 0 99.9683123974724
6.63 0.394426241776193 0 99.9418995125225
6.64 0.488756439254986 0 99.908200489062
6.65 0.580244725547155 0 99.8674112480072
6.66 0.668359070272943 0 99.8197689417624
6.67 0.752587059776396 0 99.7655505753944
6.68 0.832438876977884 0 99.7050713960517
6.69 0.907450149842548 0 99.6386830599912
6.7 0.977184651899727 0 99.5667715878734
6.71 1.04123683910876 0 99.4897551202122
6.72 1.09923420831801 0 99.4080814860307
6.73 1.15083946360147 0 99.3222255988628
6.74 1.19575247787425 0 99.2326866952385
6.75 1.23371203837889 0 99.1399854317147
6.76 1.26449736589092 0 99.0446608573268
6.77 1.28792939880817 0 98.9472672790702
6.78 1.30387183465519 0 98.8483710386365
6.79 1.31223192294497 0 98.7485472191489
6.8 1.31296100478607 0 98.6483763010436
6.81 1.30605479609558 0 98.5484407865492
6.82 1.29155341276968 0 98.4493218123862
6.83 1.26954113766386 0 98.3515957703903
6.84 1.24014593073641 0 98.2558309557054
6.85 1.20353868520207 0 98.1625842620425
6.86 1.15993223402016 0 98.0723979432183
6.87 1.10958011249285 0 97.9857964598082
6.88 1.05277508416804 0 97.9032834292497
6.89 0.989847438617193 0 97.8253386971352
6.9 0.921163070985732 0 97.7524155467199
6.91 0.847121354482017 0 97.6849380628801
6.92 0.76815281817564 0 97.6232986658441
6.93 0.684716643607619 0 97.5678558290458
6.94 0.597297994768954 0 97.518931994366
6.95 0.506405196973006 0 97.4768116968895
6.96 0.412566781025998 0 97.4417399100841
6.97 0.316328409883253 0 97.4139206210252
6.98 0.218249705662369 0 97.3935156439497
6.99 0.118900995463945 0 97.3806436790448
7 0.018859994922791 0 97.3753796219443
7.01 -0.0812915512252431 0 97.3777541279472
7.02 -0.180971252025626 0 97.387753433496
7.03 -0.279599456965009 0 97.405319435955
7.04 -0.376602626714852 0 97.4303500312262
7.05 -0.471416668357482 0 97.4626997072377
7.06 -0.563490215699698 0 97.5021803898605
7.07 -0.652287835598253 0 97.5485625363298
7.08 -0.73729314165164 0 97.6015764698196
7.09 -0.818011797151236 0 97.6609139474077
7.1 -0.893974389828666 0 97.7262299523157
7.11 -0.964739161681687 0 97.797144700003
7.12 -1.02989457800356 0 97.8732458464517
7.13 -1.08906172067574 0 97.9540908857992
7.14 -1.14189649180572 0 98.0392097233814
7.15 -1.18809161489439 0 98.12810740922
7.16 -1.22737842189491 0 98.2202670160639
7.17 -1.25952841576981 0 98.3151526452465
7.18 -1.2843545994586 0 98.4122125428815
7.19 -1.30171256352645 0 98.5108823082767
7.2 -1.31150132616774 0 98.610588175909
7.21 -1.31366392067843 0 98.7107503518752
7.22 -1.30818772697933 0 98.8107863854192
7.23 -1.29510454526122 0 98.9101145559267
7.24 -1.27449041132187 0 99.0081572556966
7.25 -1.24646515466736 0 99.1043443488122
7.26 -1.21119170194593 0 99.1981164865845
7.27 -1.1688751297634 0 99.2889283602846
7.28 -1.11976147238668 0 99.3762518722538
7.29 -1.06413629126743 0 99.459579206945
7.3 -1.0023230147026 0 99.5384257840399
7.31 -0.934681057285747 0 99.6123330764705
7.32 -0.861603730083391 0 99.6808712769525
7.33 -0.783515953687691 0 99.743641797525
7.34 -0.700871787443155 0 99.800279587564
7.35 -0.614151789214127 0 99.8504552567836
7.36 -0.523860221045282 0 99.8938769908824
7.37 -0.430522116963589 0 99.9302922486923
7.38 -0.33468022997201 0 99.9594892309606
7.39 -0.236891875987743 0 99.9812981122204
7.4 -0.137725693077255 0 99.9955920285885
7.41 -0.0377583348329959 0 100.002287815742
7.42 0.0624288828802412 0 100.00134649278
7.43 0.162253362310064 0 99.9927734891617
7.44 0.261134611675199 0 99.9766186133886
7.45 0.358497620797484 0 99.9529757636234
7.46 0.45377620487741 0 99.9219823819177
7.47 0.546416296968617 0 99.8838186552266
7.48 0.635879170004999 0 99.8387064678507
7.49 0.721644569643534 0 99.7869081113992
7.5 0.803213739704572 0 99.7287247597718
7.51 0.880112322615672 0 99.6644947180277
7.52 0.951893117991887 0 99.5945914553222
7.53 1.01813868331024 0 99.5194214333507
7.54 1.07846376155431 0 99.4394217429228
7.55 1.13251752171085 0 99.3550575624126
7.56 1.17998559908873 0 99.2668194528615
7.57 1.22059192359423 0 99.1752205054635
7.58 1.25410032533005 0 99.0807933580167
7.59 1.28031590817976 0 98.9840870976943
7.6 1.29908618338904 0 98.8856640681408
7.61 1.31030195655025 0 98.7860965994633
7.62 1.3138979628311 0 98.6859636801304
7.63 1.30985324675197 0 98.5858475901326
7.64 1.29819128430201 0 98.4863305149845
7.65 1.27897984668228 0 98.3879911602549
7.66 1.25233060646695 0 98.2914013863122
7.67 1.21839848847115 0 98.1971228828598
7.68 1.17738076909878 0 98.105703902591
7.69 1.1295159294062 0 98.0176760729668
7.7 1.07508226854998 0 97.9335513046487
7.71 1.01439628568017 0 97.853818814572
7.72 0.947810839687257 0 97.7789422809656
7.73 0.875713097502767 0 97.7093571468667
7.74 0.798522282883124 0 97.6454680878116
7.75 0.71668723876666 0 97.5876466584244
7.76 0.630683817377828 0 97.5362291315975
7.77 0.54101211325445 0 97.4915145428243
7.78 0.448193555287307 0 97.4537629510594
7.79 0.352767874681333 0 97.4231939262229
7.8 0.25528996646933 0 97.3999852721433
7.81 0.156326662828189 0 97.384271992366
7.82 0.0564534369606154 0 97.3761455048455
7.83 -0.043748943290784 0 97.3756531100866
7.84 -0.143697792637759 0 97.3827977158301
7.85 -0.242811896710467 0 97.3975378198863
7.86 -0.340514891887699 0 97.4197877512158
7.87 -0.436238616939156 0 97.4494181678589
7.88 -0.529426416989483 0 97.4862568088174
7.89 -0.619536380590874 0 97.530089495522
7.9 -0.706044491079958 0 97.5806613770573
7.91 -0.788447673893001 0 97.6376784119102
7.92 -0.866266722118345 0 97.7008090776245
7.93 -0.939049083273028 0 97.7696862984193
7.94 -1.00637149109734 0 97.8439095795658
7.95 -1.06784242706227 0 97.9230473361118
7.96 -1.12310439727497 0 98.0066394024111
7.97 -1.17183601154064 0 98.0941997078687
7.98 -1.21375385248979 0 98.1852191033404
7.99 -1.2486141239005 0 98.2791683217539
8 -1.27621406862917 0 98.3755010557345
8.01 -1.29639314790303 0 98.4736571343391
8.02 -1.30903397511531 0 98.5730657804274
8.03 -1.3140629986916 0 98.6731489297308
8.04 -1.31145093005485 0 98.7733245923103
8.05 -1.30121291419901 0 98.8730102368666
8.06 -1.28340844187783 0 98.9716261782175
8.07 -1.25814100391799 0 99.0685989482425
8.08 -1.22555748966519 0 99.1633646306958
8.09 -1.18584733305997 0 99.2553721404934
8.1 -1.1392414113072 0 99.3440864284042
8.11 -1.08601070254245 0 99.4289915925105
8.12 -1.02646471029933 0 99.5095938783414
8.13 -0.960949663938654 0 99.5854245502358
8.14 -0.889846505502517 0 99.6560426172343
8.15 -0.813568674698907 0 99.7210373976477
8.16 -0.732559704896106 0 99.7800309073908
8.17 -0.647290644105376 0 99.8326800581889
8.18 -0.558257315948139 0 99.878678652875
8.19 -0.465977436534481 0 99.9177591661715
8.2 -0.370987604017812 0 99.9496943006035
8.21 -0.273840178330963 0 99.9742983084902
8.22 -0.175100069247758 0 99.99142807233
8.23 -0.0753414514472721 0 100.00098393729
8.24 0.0248555743173965 0 100.002910290962
8.25 0.12490835453052 0 99.9971958870136
8.26 0.224235071089337 0 99.9838739108406
8.27 0.322258124641345 0 99.963021786852
8.28 0.418407493408809 0 99.9347607284952
8.29 0.512124047968439 0 99.8992550336427
8.3 0.602862802710167 0 99.8567111294328
8.31 0.690096085067124 0 99.8073763721206
8.32 0.773316604086907 0 99.7515376089124
8.33 0.852040400499499 0 99.6895195101511
8.34 0.925809661126223 0 99.6216826815437
8.35 0.99419538126283 0 99.5484215674106
8.36 1.05679985955383 0 99.4701621571486
8.37 1.1132590108491 0 99.3873595082414
8.38 1.1632444835923 0 99.3004951002228
8.39 1.20646556942699 0 99.2100740349771
8.4 1.24267089391478 0 99.1166220996573
8.41 1.27164987853257 0 99.020682709298
8.42 1.29323396544575 0 98.9228137469032
8.43 1.30729759793393 0 98.8235843193842
8.44 1.31375895076642 0 98.7235714482078
8.45 1.31258040627883 0 98.6233567140054
8.46 1.3037687733809 0 98.5235228746446
8.47 1.28737524822043 0 98.4246504764415
8.48 1.26349511673065 0 98.3273144782097
8.49 1.23226720078913 0 98.232080907783
8.5 1.19387305120757 0 98.1395035704541
8.51 1.14853589224357 0 98.0501208284665
8.52 1.096519323771 0 97.9644524702939
8.53 1.03812578865435 0 97.8829966879083
8.54 0.973694814238176 0 97.8062271796161
8.55 0.903601038176266 0 97.7345903953113
8.56 0.828252030079175 0 97.6685029401646
8.57 0.748085921646407 0 97.6083491518471
8.58 0.66356885906308 0 97.5544788653805
8.59 0.575192292474639 0 97.5072053786082
8.6 0.48347011830065 0 97.4668036301242
8.61 0.388935691004581 0 97.4335086002528
8.62 0.292138721695636 0 97.4075139443825
8.63 0.193642081596975 0 97.388970866598
8.64 0.0940185289679082 0 97.3779872401672
8.65 -0.00615262148709177 0 97.3746269799941
8.66 -0.106288867355157 0 97.3789096706911
8.67 -0.205807905808248 0 97.3908104524348
8.68 -0.304131019755476 0 97.4102601652704
8.69 -0.400686443163695 0 97.4371457510257
8.7 -0.494912685976551 0 97.4713109105001
8.71 -0.58626179929701 0 97.5125570121103
8.72 -0.674202561845643 0 97.5606442467068
8.73 -0.758223569164613 0 97.6152930218488
8.74 -0.837836207602782 0 97.6761855874317
8.75 -0.912577495787212 0 97.7429678832159
8.76 -0.982012777056853 0 97.8152515975112
8.77 -1.04573824720077 0 97.8926164250508
8.78 -1.10338330280088 0 97.974612510924
8.79 -1.15461269652233 0 98.0607630663558
8.8 -1.19912848681707 0 98.1505671411284
8.81 -1.23667177070186 0 98.2435025365159
8.82 -1.267024189533 0 98.339028841801
8.83 -1.2900091990203 0 98.4365905767137
8.84 -1.30549309609363 0 98.535620421519
8.85 -1.31338579664941 0 98.6355425159694
8.86 -1.31364135965272 0 98.7357758079437
8.87 -1.30625825454597 0 98.8357374322945
8.88 -1.29127937040766 0 98.9348461002583
8.89 -1.2687917668064 0 99.0325254797198
8.9 -1.23892616779744 0 99.1282075466704
8.91 -1.20185620200287 0 99.2213358883758
8.92 -1.15779739319278 0 99.3113689390414
8.93 -1.10700590723603 0 99.3977831291584
8.94 -1.0497770627057 0 99.4800759302216
8.95 -0.986443613798796 0 99.5577687771043
8.96 -0.917373815553984 0 99.6304098511055
8.97 -0.842969282617043 0 99.6975767074773
8.98 -0.76366265400421 0 99.7588787321555
8.99 -0.679915077442069 0 99.8139594134058
9 -0.592213527911703 0 99.8624984151756
9.01 -0.50106797598907 0 99.9042134400915
9.02 -0.407008422447163 0 99.9388618712677
9.03 -0.310581816363234 0 99.9662421833815
9.04 -0.212348874651953 0 99.986195114801
9.05 -0.112880821518671 0 99.9986045939547
9.06 -0.0127560667927205 0 100.003398414551
9.07 0.0874431575437518 0 100.000548655719
9.08 0.18713418307273 0 99.9900718446328
9.09 0.285737293214897 0 99.972028860658
9.1 0.382679094358669 0 99.9465245815928
9.11 0.477395850240121 0 99.9137072740482
9.12 0.569336760183855 0 99.8737677315145
9.13 0.657967162141134 0 99.8269381651256
9.14 0.74277164189889 0 99.7734908535666
9.15 0.823257030378644 0 99.7137365599801
9.16 0.898955271595125 0 99.6480227250686
9.17 0.969426144596328 0 99.5767314469058
9.18 1.03425982355582 0 99.5002772591977
9.19 1.09307926112914 0 99.4191047209143
9.2 1.1455423812138 0 99.3336858313092
9.21 1.19134406836063 0 99.2445172853534
9.22 1.23021794226674 0 99.1521175855475
9.23 1.26193790702988 0 99.0570240269026
9.24 1.28631946615385 0 98.9597895726232
9.25 1.30322079565671 0 98.8609796386611
9.26 1.31254356904022 0 98.7611688058338
9.27 1.3142335293216 0 98.660937478633
9.28 1.30828080479994 0 98.5608685101445
9.29 1.29471996671935 0 98.4615438127137
9.3 1.2736298284922 0 98.3635409740568
9.31 1.24513298764835 0 98.2674298985062
9.32 1.20939511317258 0 98.1737694929111
9.33 1.16662398237288 0 98.0831044164737
9.34 1.11706827287896 0 97.9959619134156
9.35 1.06101611679398 0 97.9128487468979
9.36 0.998793425406186 0 97.8342482520212
9.37 0.930761994200848 0 97.7606175250454
9.38 0.857317399190855 0 97.692384765176
9.39 0.778886696797836 0 97.6299467843727
9.4 0.695925940658055 0 97.5736666996642
9.41 0.608917529792059 0 97.5238718213895
9.42 0.518367403557761 0 97.4808517496455
9.43 0.424802099697717 0 97.4448566900135
9.44 0.328765692587532 0 97.4160959983583
9.45 0.230816629489136 0 97.394736963165
9.46 0.131524483205824 0 97.3809038324948
9.47 0.0314666400222337 0 97.3746770912176
9.48 -0.0687750578111521 0 97.3760929927318
9.49 -0.168617695524935 0 97.3851433478876
9.5 -0.267480675534225 0 97.4017755723508
9.51 -0.364789093687122 0 97.4258929921266
9.52 -0.459977082424928 0 97.4573554054735
9.53 -0.5524911014131 0 97.4959798979367
9.54 -0.641793156507254 0 97.5415419057672
9.55 -0.72736392833519 0 97.5937765215394
9.56 -0.808705792301399 0 97.6523800343817
9.57 -0.885345712451772 0 97.7170116958604
9.58 -0.956837992369631 0 97.7872957012515
9.59 -1.02276686710555 0 97.8628233746805
9.6 -1.08274892106765 0 97.9431555454233
9.61 -1.13643531781118 0 98.0278251015518
9.62 -1.18351382875963 0 98.116339706076
9.63 -1.22371064905917 0 98.2081846597875
9.64 -1.25679199000582 0 98.3028258941583
9.65 -1.28256543878366 0 98.3997130768919
9.66 -1.30088107760601 0 98.4982828120685
9.67 -1.31163235575011 0 98.5979619162733
9.68 -1.31475670941287 0 98.6981707516617
9.69 -1.31023592578179 0 98.7983265965755
9.7 -1.29809624920234 0 98.8978470341106
9.71 -1.2784082288231 0 98.9961533389346
9.72 -1.25128630860285 0 99.0926738426553
9.73 -1.21688816206252 0 99.1868472581725
9.74 -1.17541377564889 0 99.2781259436809
9.75 -1.12710428603886 0 99.3659790873437
9.76 -1.07224057814417 0 99.4498957941161
9.77 -1.01114165196781 0 99.5293880567687
9.78 -0.944162767807825 0 99.6039935938322
9.79 -0.871693380592844 0 99.6732785379632
9.8 -0.794154875360368 0 99.7368399590918
9.81 -0.711998117044957 0 99.7943082076821
9.82 -0.625700828823533 0 99.845349064476
9.83 -0.535764814261952 0 99.8896656842188
9.84 -0.442713039415482 0 99.9270003220631
9.85 -0.347086591850227 0 99.957135832608
9.86 -0.24944153426841 0 99.9798969328597
9.87 -0.150345671033377 0 99.9951512217629
9.88 -0.0503752463968209 0 100.002809950376
9.89 0.0498884063720311 0 100.002828538209
9.9 0.149862245469887 0 99.9952068327221
9.91 0.248964910997831 0 99.9799891104711
9.92 0.346620105639034 0 99.9572638198913
9.93 0.442259945916709 0 99.9271630672185
9.94 0.535328264544198 0 99.8898618485328
9.95 0.625283844663428 0 99.8455770323864
9.96 0.711603567163883 0 99.7945660989349
9.97 0.793785452779626 0 99.7371256428986
9.98 0.871351581273628 0 99.673589649064
9.99 0.943850870733338 0 99.6043275503413
10 1.0108617008148 0 99.5297420796834
