#tiempo [fms] EnergiaCineticaTotal [grams.angs^2/(mole.fms^2)]
0.01 0.0274271594884048
0.02 0.0274273190575217
0.03 0.027427478627567
0.04 0.0274276381985406
0.05 0.0274277977704426
0.06 0.0274279573432725
0.07 0.0274281169170311
0.08 0.0274282764917183
0.09 0.0274284360673336
0.1 0.0274285956438776
0.11 0.0274287552213498
0.12 0.0274289147997505
0.13 0.0274290743790795
0.14 0.027429233959337
0.15 0.027429393540523
0.16 0.0274295531226378
0.17 0.0274297127056805
0.18 0.0274298722896515
0.19 0.0274300318745509
0.2 0.0274301914603792
0.21 0.0274303510471359
0.22 0.0274305106348211
0.23 0.0274306702234349
0.24 0.0274308298129769
0.25 0.0274309894034472
0.26 0.0274311489948462
0.27 0.0274313085871739
0.28 0.02743146818043
0.29 0.0274316277746146
0.3 0.0274317873697275
0.31 0.0274319469657689
0.32 0.0274321065627388
0.33 0.0274322661606374
0.34 0.0274324257594644
0.35 0.0274325853592199
0.36 0.0274327449599042
0.37 0.0274329045615167
0.38 0.0274330641640579
0.39 0.0274332237675277
0.4 0.027433383371926
0.41 0.0274335429772528
0.42 0.0274337025835084
0.43 0.0274338621906925
0.44 0.0274340217988052
0.45 0.0274341814078463
0.46 0.0274343410178162
0.47 0.0274345006287148
0.48 0.027434660240542
0.49 0.0274348198532975
0.5 0.0274349794669818
0.51 0.0274351390815946
0.52 0.0274352986971361
0.53 0.0274354583136062
0.54 0.027435617931005
0.55 0.0274357775493326
0.56 0.0274359371685887
0.57 0.0274360967887736
0.58 0.0274362564098868
0.59 0.027436416031929
0.6 0.0274365756548998
0.61 0.0274367352787991
0.62 0.0274368949036269
0.63 0.0274370545293839
0.64 0.0274372141560692
0.65 0.0274373737836834
0.66 0.0274375334122262
0.67 0.0274376930416977
0.68 0.0274378526720981
0.69 0.027438012303427
0.7 0.0274381719356847
0.71 0.0274383315688712
0.72 0.0274384912029864
0.73 0.0274386508380304
0.74 0.027438810474003
0.75 0.0274389701109045
0.76 0.0274391297487348
0.77 0.0274392893874936
0.78 0.0274394490271812
0.79 0.0274396086677976
0.8 0.0274397683093427
0.81 0.0274399279518164
0.82 0.0274400875952193
0.83 0.0274402472395508
0.84 0.027440406884811
0.85 0.0274405665310001
0.86 0.027440726178118
0.87 0.0274408858261647
0.88 0.0274410454751401
0.89 0.0274412051250443
0.9 0.0274413647758777
0.91 0.0274415244276396
0.92 0.0274416840803306
0.93 0.0274418437339505
0.94 0.0274420033884992
0.95 0.0274421630439768
0.96 0.0274423227003831
0.97 0.027442482357718
0.98 0.0274426420159822
0.99 0.0274428016751752
1 0.0274429613352971
1.01 0.0274431209963478
1.02 0.027443280658328
1.03 0.0274434403212366
1.04 0.027443599985074
1.05 0.0274437596498403
1.06 0.0274439193155357
1.07 0.0274440789821599
1.08 0.0274442386497133
1.09 0.0274443983181952
1.1 0.0274445579876061
1.11 0.0274447176579459
1.12 0.0274448773292146
1.13 0.0274450370014126
1.14 0.0274451966745395
1.15 0.0274453563485953
1.16 0.0274455160235801
1.17 0.0274456756994938
1.18 0.0274458353763366
1.19 0.0274459950541084
1.2 0.0274461547328094
1.21 0.027446314412439
1.22 0.0274464740929978
1.23 0.0274466337744857
1.24 0.0274467934569023
1.25 0.0274469531402483
1.26 0.0274471128245232
1.27 0.027447272509727
1.28 0.02744743219586
1.29 0.0274475918829219
1.3 0.0274477515709127
1.31 0.0274479112598326
1.32 0.0274480709496815
1.33 0.0274482306404596
1.34 0.0274483903321668
1.35 0.0274485500248029
1.36 0.0274487097183682
1.37 0.0274488694128625
1.38 0.0274490291082862
1.39 0.0274491888046389
1.4 0.0274493485019204
1.41 0.0274495082001313
1.42 0.0274496678992711
1.43 0.0274498275993404
1.44 0.0274499873003383
1.45 0.0274501470022658
1.46 0.0274503067051223
1.47 0.027450466408908
1.48 0.0274506261136228
1.49 0.0274507858192667
1.5 0.0274509455258397
1.51 0.0274511052333418
1.52 0.0274512649417729
1.53 0.0274514246511336
1.54 0.0274515843614234
1.55 0.0274517440726422
1.56 0.0274519037847903
1.57 0.0274520634978677
1.58 0.027452223211874
1.59 0.0274523829268097
1.6 0.0274525426426748
1.61 0.0274527023594688
1.62 0.0274528620771925
1.63 0.0274530217958449
1.64 0.0274531815154266
1.65 0.0274533412359376
1.66 0.0274535009573782
1.67 0.0274536606797475
1.68 0.0274538204030461
1.69 0.0274539801272743
1.7 0.0274541398524316
1.71 0.0274542995785182
1.72 0.0274544593055343
1.73 0.0274546190334794
1.74 0.0274547787623538
1.75 0.0274549384921576
1.76 0.0274550982228906
1.77 0.0274552579545528
1.78 0.0274554176871443
1.79 0.027455577420665
1.8 0.0274557371551151
1.81 0.0274558968904949
1.82 0.0274560566268036
1.83 0.0274562163640419
1.84 0.0274563761022094
1.85 0.0274565358413064
1.86 0.0274566955813327
1.87 0.027456855322288
1.88 0.0274570150641729
1.89 0.0274571748069873
1.9 0.0274573345507312
1.91 0.0274574942954044
1.92 0.0274576540410068
1.93 0.0274578137875385
1.94 0.0274579735349996
1.95 0.0274581332833901
1.96 0.0274582930327102
1.97 0.0274584527829595
1.98 0.0274586125341382
1.99 0.0274587722862462
2 0.0274589320392839
2.01 0.0274590917932508
2.02 0.0274592515481474
2.03 0.0274594113039732
2.04 0.0274595710607287
2.05 0.0274597308184135
2.06 0.027459890577028
2.07 0.027460050336572
2.08 0.0274602100970451
2.09 0.0274603698584479
2.1 0.0274605296207801
2.11 0.0274606893840417
2.12 0.027460849148233
2.13 0.0274610089133537
2.14 0.0274611686794038
2.15 0.0274613284463835
2.16 0.0274614882142927
2.17 0.0274616479831314
2.18 0.0274618077528997
2.19 0.0274619675235974
2.2 0.0274621272952247
2.21 0.0274622870677814
2.22 0.0274624468412677
2.23 0.0274626066156836
2.24 0.0274627663910293
2.25 0.0274629261673044
2.26 0.0274630859445092
2.27 0.0274632457226436
2.28 0.0274634055017072
2.29 0.0274635652817006
2.3 0.0274637250626234
2.31 0.0274638848444761
2.32 0.0274640446272579
2.33 0.0274642044109698
2.34 0.0274643641956108
2.35 0.0274645239811817
2.36 0.0274646837676823
2.37 0.0274648435551124
2.38 0.0274650033434722
2.39 0.0274651631327616
2.4 0.0274653229229808
2.41 0.0274654827141296
2.42 0.0274656425062081
2.43 0.027465802299216
2.44 0.0274659620931536
2.45 0.0274661218880212
2.46 0.0274662816838184
2.47 0.0274664414805451
2.48 0.0274666012782013
2.49 0.0274667610767872
2.5 0.0274669208763029
2.51 0.0274670806767483
2.52 0.0274672404781233
2.53 0.0274674002804285
2.54 0.0274675600836634
2.55 0.0274677198878279
2.56 0.027467879692922
2.57 0.0274680394989458
2.58 0.0274681993058994
2.59 0.0274683591137828
2.6 0.027468518922596
2.61 0.0274686787323389
2.62 0.0274688385430115
2.63 0.0274689983546142
2.64 0.0274691581671462
2.65 0.0274693179806079
2.66 0.0274694777949995
2.67 0.0274696376103209
2.68 0.0274697974265718
2.69 0.0274699572437525
2.7 0.0274701170618634
2.71 0.0274702768809042
2.72 0.0274704367008747
2.73 0.0274705965217753
2.74 0.0274707563436055
2.75 0.0274709161663654
2.76 0.027471075990055
2.77 0.0274712358146746
2.78 0.0274713956402243
2.79 0.0274715554667037
2.8 0.0274717152941129
2.81 0.0274718751224521
2.82 0.0274720349517216
2.83 0.0274721947819204
2.84 0.0274723546130494
2.85 0.0274725144451078
2.86 0.0274726742780964
2.87 0.0274728341120147
2.88 0.0274729939468631
2.89 0.0274731537826414
2.9 0.0274733136193497
2.91 0.0274734734569878
2.92 0.0274736332955559
2.93 0.0274737931350538
2.94 0.0274739529754813
2.95 0.0274741128168392
2.96 0.0274742726591266
2.97 0.0274744325023441
2.98 0.0274745923464916
2.99 0.0274747521915691
3 0.0274749120375765
3.01 0.027475071884514
3.02 0.0274752317323817
3.03 0.0274753915811791
3.04 0.0274755514309063
3.05 0.027475711281564
3.06 0.0274758711331515
3.07 0.027476030985669
3.08 0.0274761908391165
3.09 0.0274763506934936
3.1 0.0274765105488015
3.11 0.0274766704050387
3.12 0.0274768302622066
3.13 0.0274769901203043
3.14 0.0274771499793317
3.15 0.0274773098392891
3.16 0.027477469700177
3.17 0.0274776295619947
3.18 0.0274777894247425
3.19 0.0274779492884205
3.2 0.0274781091530287
3.21 0.0274782690185668
3.22 0.0274784288850351
3.23 0.0274785887524332
3.24 0.0274787486207614
3.25 0.0274789084900199
3.26 0.0274790683602085
3.27 0.0274792282313272
3.28 0.0274793881033759
3.29 0.0274795479763548
3.3 0.0274797078502634
3.31 0.0274798677251025
3.32 0.0274800276008717
3.33 0.0274801874775712
3.34 0.0274803473552008
3.35 0.0274805072337607
3.36 0.0274806671132508
3.37 0.027480826993671
3.38 0.0274809868750213
3.39 0.0274811467573017
3.4 0.0274813066405123
3.41 0.027481466524653
3.42 0.0274816264097243
3.43 0.0274817862957253
3.44 0.0274819461826567
3.45 0.0274821060705185
3.46 0.0274822659593106
3.47 0.0274824258490327
3.48 0.0274825857396852
3.49 0.0274827456312676
3.5 0.0274829055237804
3.51 0.0274830654172232
3.52 0.0274832253115962
3.53 0.0274833852068996
3.54 0.0274835451031336
3.55 0.0274837050002974
3.56 0.0274838648983918
3.57 0.0274840247974165
3.58 0.0274841846973711
3.59 0.0274843445982561
3.6 0.0274845045000715
3.61 0.0274846644028171
3.62 0.0274848243064932
3.63 0.0274849842110994
3.64 0.0274851441166361
3.65 0.0274853040231031
3.66 0.0274854639305007
3.67 0.0274856238388284
3.68 0.027485783748086
3.69 0.0274859436582741
3.7 0.0274861035693928
3.71 0.0274862634814418
3.72 0.0274864233944211
3.73 0.0274865833083309
3.74 0.0274867432231711
3.75 0.0274869031389416
3.76 0.0274870630556423
3.77 0.0274872229732735
3.78 0.0274873828918352
3.79 0.0274875428113275
3.8 0.0274877027317496
3.81 0.0274878626531022
3.82 0.0274880225753853
3.83 0.0274881824985989
3.84 0.027488342422743
3.85 0.0274885023478174
3.86 0.0274886622738221
3.87 0.0274888222007575
3.88 0.0274889821286233
3.89 0.0274891420574197
3.9 0.0274893019871461
3.91 0.0274894619178034
3.92 0.027489621849391
3.93 0.0274897817819092
3.94 0.0274899417153577
3.95 0.0274901016497367
3.96 0.027490261585046
3.97 0.0274904215212857
3.98 0.0274905814584561
3.99 0.0274907413965572
4 0.0274909013355886
4.01 0.0274910612755506
4.02 0.0274912212164432
4.03 0.0274913811582662
4.04 0.0274915411010197
4.05 0.0274917010447036
4.06 0.0274918609893182
4.07 0.0274920209348634
4.08 0.0274921808813391
4.09 0.0274923408287454
4.1 0.0274925007770824
4.11 0.0274926607263497
4.12 0.0274928206765477
4.13 0.0274929806276762
4.14 0.0274931405797356
4.15 0.0274933005327252
4.16 0.0274934604866455
4.17 0.0274936204414965
4.18 0.0274937803972783
4.19 0.0274939403539904
4.2 0.0274941003116332
4.21 0.0274942602702065
4.22 0.0274944202297105
4.23 0.0274945801901452
4.24 0.0274947401515107
4.25 0.0274949001138065
4.26 0.027495060077033
4.27 0.0274952200411903
4.28 0.0274953800062781
4.29 0.0274955399722965
4.3 0.0274956999392457
4.31 0.0274958599071256
4.32 0.0274960198759359
4.33 0.0274961798456772
4.34 0.0274963398163491
4.35 0.0274964997879522
4.36 0.0274966597604857
4.37 0.0274968197339496
4.38 0.0274969797083447
4.39 0.02749713968367
4.4 0.0274972996599264
4.41 0.0274974596371133
4.42 0.027497619615231
4.43 0.0274977795942797
4.44 0.0274979395742588
4.45 0.0274980995551687
4.46 0.0274982595370095
4.47 0.0274984195197808
4.48 0.0274985795034829
4.49 0.0274987394881157
4.5 0.0274988994736794
4.51 0.0274990594601741
4.52 0.0274992194475994
4.53 0.0274993794359555
4.54 0.0274995394252424
4.55 0.02749969941546
4.56 0.0274998594066084
4.57 0.0275000193986878
4.58 0.0275001793916982
4.59 0.0275003393856392
4.6 0.0275004993805111
4.61 0.0275006593763138
4.62 0.0275008193730473
4.63 0.0275009793707117
4.64 0.0275011393693069
4.65 0.027501299368833
4.66 0.0275014593692898
4.67 0.0275016193706778
4.68 0.0275017793729965
4.69 0.0275019393762461
4.7 0.0275020993804268
4.71 0.027502259385538
4.72 0.0275024193915801
4.73 0.0275025793985535
4.74 0.0275027394064577
4.75 0.0275028994152927
4.76 0.0275030594250582
4.77 0.0275032194357551
4.78 0.0275033794473825
4.79 0.0275035394599412
4.8 0.0275036994734309
4.81 0.0275038594878515
4.82 0.0275040195032031
4.83 0.0275041795194856
4.84 0.027504339536699
4.85 0.0275044995548435
4.86 0.027504659573919
4.87 0.0275048195939255
4.88 0.0275049796148628
4.89 0.0275051396367313
4.9 0.0275052996595304
4.91 0.0275054596832604
4.92 0.0275056197079217
4.93 0.0275057797335138
4.94 0.027505939760037
4.95 0.0275060997874913
4.96 0.0275062598158767
4.97 0.0275064198451936
4.98 0.027506579875441
4.99 0.0275067399066198
5 0.0275068999387296
5.01 0.0275070599717701
5.02 0.0275072200057418
5.03 0.0275073800406444
5.04 0.0275075400764784
5.05 0.0275077001132434
5.06 0.0275078601509393
5.07 0.0275080201895666
5.08 0.0275081802291247
5.09 0.0275083402696141
5.1 0.0275085003110346
5.11 0.027508660353386
5.12 0.0275088203966685
5.13 0.0275089804408822
5.14 0.027509140486027
5.15 0.0275093005321029
5.16 0.0275094605791102
5.17 0.0275096206270484
5.18 0.027509780675918
5.19 0.0275099407257186
5.2 0.0275101007764503
5.21 0.027510260828113
5.22 0.0275104208807071
5.23 0.0275105809342323
5.24 0.0275107409886888
5.25 0.0275109010440764
5.26 0.0275110611003952
5.27 0.0275112211576452
5.28 0.0275113812158264
5.29 0.0275115412749387
5.3 0.0275117013349823
5.31 0.0275118613959571
5.32 0.0275120214578632
5.33 0.0275121815207006
5.34 0.0275123415844694
5.35 0.0275125016491689
5.36 0.0275126617148001
5.37 0.0275128217813621
5.38 0.0275129818488559
5.39 0.0275131419172803
5.4 0.0275133019866366
5.41 0.027513462056924
5.42 0.0275136221281426
5.43 0.0275137822002926
5.44 0.0275139422733739
5.45 0.0275141023473863
5.46 0.02751426242233
5.47 0.027514422498205
5.48 0.0275145825750115
5.49 0.0275147426527492
5.5 0.0275149027314182
5.51 0.0275150628110184
5.52 0.0275152228915504
5.53 0.0275153829730136
5.54 0.0275155430554079
5.55 0.0275157031387334
5.56 0.0275158632229906
5.57 0.0275160233081788
5.58 0.0275161833942984
5.59 0.0275163434813494
5.6 0.0275165035693318
5.61 0.0275166636582458
5.62 0.0275168237480907
5.63 0.027516983838867
5.64 0.0275171439305751
5.65 0.0275173040232146
5.66 0.0275174641167854
5.67 0.0275176242112877
5.68 0.0275177843067212
5.69 0.0275179444030863
5.7 0.0275181045003828
5.71 0.0275182645986108
5.72 0.02751842469777
5.73 0.0275185847978608
5.74 0.027518744898883
5.75 0.0275189050008366
5.76 0.0275190651037217
5.77 0.0275192252075384
5.78 0.0275193853122864
5.79 0.0275195454179657
5.8 0.0275197055245767
5.81 0.0275198656321191
5.82 0.0275200257405931
5.83 0.0275201858499987
5.84 0.0275203459603358
5.85 0.0275205060716041
5.86 0.0275206661838041
5.87 0.0275208262969356
5.88 0.0275209864109988
5.89 0.0275211465259935
5.9 0.0275213066419198
5.91 0.0275214667587775
5.92 0.0275216268765665
5.93 0.0275217869952874
5.94 0.0275219471149398
5.95 0.0275221072355239
5.96 0.0275222673570393
5.97 0.0275224274794866
5.98 0.0275225876028653
5.99 0.0275227477271754
6 0.0275229078524172
6.01 0.0275230679785909
6.02 0.027523228105696
6.03 0.0275233882337327
6.04 0.027523548362701
6.05 0.027523708492601
6.06 0.0275238686234326
6.07 0.0275240287551956
6.08 0.0275241888878902
6.09 0.0275243490215169
6.1 0.0275245091560749
6.11 0.0275246692915646
6.12 0.0275248294279858
6.13 0.0275249895653385
6.14 0.0275251497036235
6.15 0.0275253098428397
6.16 0.0275254699829876
6.17 0.0275256301240674
6.18 0.0275257902660789
6.19 0.0275259504090219
6.2 0.0275261105528968
6.21 0.0275262706977032
6.22 0.0275264308434414
6.23 0.0275265909901113
6.24 0.0275267511377131
6.25 0.0275269112862466
6.26 0.0275270714357119
6.27 0.0275272315861087
6.28 0.0275273917374373
6.29 0.0275275518896975
6.3 0.0275277120428898
6.31 0.0275278721970133
6.32 0.0275280323520691
6.33 0.0275281925080565
6.34 0.0275283526649756
6.35 0.0275285128228265
6.36 0.0275286729816093
6.37 0.0275288331413237
6.38 0.0275289933019703
6.39 0.0275291534635484
6.4 0.0275293136260581
6.41 0.0275294737894999
6.42 0.0275296339538733
6.43 0.0275297941191785
6.44 0.0275299542854154
6.45 0.0275301144525844
6.46 0.0275302746206854
6.47 0.0275304347897186
6.48 0.0275305949596832
6.49 0.0275307551305797
6.5 0.027530915302408
6.51 0.0275310754751682
6.52 0.0275312356488602
6.53 0.0275313958234844
6.54 0.0275315559990405
6.55 0.0275317161755284
6.56 0.027531876352948
6.57 0.0275320365312997
6.58 0.027532196710583
6.59 0.0275323568907983
6.6 0.0275325170719454
6.61 0.0275326772540245
6.62 0.0275328374370351
6.63 0.0275329976209782
6.64 0.0275331578058534
6.65 0.0275333179916604
6.66 0.0275334781783989
6.67 0.0275336383660696
6.68 0.0275337985546724
6.69 0.0275339587442071
6.7 0.0275341189346739
6.71 0.0275342791260726
6.72 0.0275344393184032
6.73 0.0275345995116661
6.74 0.0275347597058608
6.75 0.0275349199009875
6.76 0.0275350800970459
6.77 0.0275352402940366
6.78 0.0275354004919592
6.79 0.027535560690814
6.8 0.0275357208906007
6.81 0.0275358810913192
6.82 0.0275360412929698
6.83 0.0275362014955531
6.84 0.0275363616990681
6.85 0.027536521903515
6.86 0.027536682108894
6.87 0.0275368423152049
6.88 0.0275370025224481
6.89 0.0275371627306233
6.9 0.0275373229397305
6.91 0.0275374831497698
6.92 0.0275376433607412
6.93 0.027537803572645
6.94 0.0275379637854809
6.95 0.0275381239992486
6.96 0.0275382842139483
6.97 0.0275384444295803
6.98 0.0275386046461443
6.99 0.0275387648636407
7 0.0275389250820693
7.01 0.0275390853014299
7.02 0.0275392455217224
7.03 0.0275394057429469
7.04 0.027539565965104
7.05 0.0275397261881933
7.06 0.0275398864122144
7.07 0.0275400466371681
7.08 0.0275402068630537
7.09 0.0275403670898714
7.1 0.0275405273176215
7.11 0.0275406875463037
7.12 0.0275408477759181
7.13 0.0275410080064644
7.14 0.027541168237943
7.15 0.027541328470354
7.16 0.0275414887036973
7.17 0.0275416489379729
7.18 0.0275418091731805
7.19 0.0275419694093204
7.2 0.0275421296463929
7.21 0.0275422898843972
7.22 0.0275424501233342
7.23 0.0275426103632034
7.24 0.0275427706040045
7.25 0.0275429308457379
7.26 0.0275430910884039
7.27 0.027543251332002
7.28 0.027543411576532
7.29 0.0275435718219945
7.3 0.0275437320683892
7.31 0.0275438923157165
7.32 0.027544052563976
7.33 0.0275442128131678
7.34 0.0275443730632918
7.35 0.0275445333143479
7.36 0.0275446935663364
7.37 0.0275448538192575
7.38 0.0275450140731108
7.39 0.0275451743278962
7.4 0.0275453345836143
7.41 0.0275454948402646
7.42 0.0275456550978473
7.43 0.0275458153563625
7.44 0.0275459756158101
7.45 0.0275461358761899
7.46 0.0275462961375021
7.47 0.0275464563997469
7.48 0.0275466166629242
7.49 0.0275467769270336
7.5 0.0275469371920757
7.51 0.02754709745805
7.52 0.0275472577249568
7.53 0.027547417992796
7.54 0.0275475782615676
7.55 0.0275477385312716
7.56 0.0275478988019083
7.57 0.0275480590734772
7.58 0.0275482193459786
7.59 0.0275483796194123
7.6 0.0275485398937784
7.61 0.0275487001690773
7.62 0.0275488604453084
7.63 0.0275490207224725
7.64 0.0275491810005685
7.65 0.0275493412795969
7.66 0.0275495015595581
7.67 0.0275496618404517
7.68 0.0275498221222776
7.69 0.0275499824050364
7.7 0.0275501426887277
7.71 0.0275503029733514
7.72 0.0275504632589075
7.73 0.0275506235453963
7.74 0.0275507838328174
7.75 0.0275509441211712
7.76 0.0275511044104575
7.77 0.0275512647006767
7.78 0.0275514249918281
7.79 0.0275515852839124
7.8 0.0275517455769289
7.81 0.027551905870878
7.82 0.0275520661657595
7.83 0.0275522264615737
7.84 0.0275523867583205
7.85 0.0275525470559999
7.86 0.027552707354612
7.87 0.0275528676541568
7.88 0.0275530279546341
7.89 0.0275531882560439
7.9 0.0275533485583866
7.91 0.0275535088616617
7.92 0.0275536691658695
7.93 0.02755382947101
7.94 0.0275539897770831
7.95 0.0275541500840889
7.96 0.0275543103920276
7.97 0.0275544707008985
7.98 0.0275546310107023
7.99 0.0275547913214386
8 0.0275549516331077
8.01 0.0275551119457097
8.02 0.0275552722592441
8.03 0.0275554325737111
8.04 0.027555592889111
8.05 0.0275557532054435
8.06 0.027555913522709
8.07 0.0275560738409069
8.08 0.0275562341600375
8.09 0.0275563944801008
8.1 0.0275565548010967
8.11 0.0275567151230254
8.12 0.0275568754458871
8.13 0.0275570357696815
8.14 0.0275571960944086
8.15 0.0275573564200685
8.16 0.0275575167466612
8.17 0.0275576770741868
8.18 0.0275578374026451
8.19 0.0275579977320363
8.2 0.0275581580623599
8.21 0.0275583183936165
8.22 0.0275584787258059
8.23 0.0275586390589283
8.24 0.0275587993929831
8.25 0.0275589597279707
8.26 0.0275591200638911
8.27 0.0275592804007446
8.28 0.0275594407385305
8.29 0.0275596010772495
8.3 0.0275597614169011
8.31 0.027559921757486
8.32 0.0275600820990034
8.33 0.0275602424414536
8.34 0.0275604027848369
8.35 0.027560563129153
8.36 0.0275607234744021
8.37 0.0275608838205839
8.38 0.0275610441676987
8.39 0.027561204515746
8.4 0.0275613648647267
8.41 0.02756152521464
8.42 0.0275616855654864
8.43 0.0275618459172657
8.44 0.0275620062699781
8.45 0.0275621666236232
8.46 0.0275623269782013
8.47 0.0275624873337125
8.48 0.0275626476901561
8.49 0.0275628080475329
8.5 0.0275629684058428
8.51 0.0275631287650855
8.52 0.0275632891252611
8.53 0.0275634494863694
8.54 0.0275636098484109
8.55 0.0275637702113856
8.56 0.0275639305752932
8.57 0.0275640909401338
8.58 0.0275642513059071
8.59 0.0275644116726134
8.6 0.0275645720402529
8.61 0.0275647324088258
8.62 0.0275648927783314
8.63 0.0275650531487701
8.64 0.027565213520142
8.65 0.0275653738924467
8.66 0.0275655342656842
8.67 0.0275656946398552
8.68 0.0275658550149589
8.69 0.0275660153909959
8.7 0.0275661757679655
8.71 0.0275663361458687
8.72 0.0275664965247046
8.73 0.0275666569044733
8.74 0.0275668172851755
8.75 0.0275669776668108
8.76 0.027567138049379
8.77 0.0275672984328804
8.78 0.0275674588173151
8.79 0.0275676192026825
8.8 0.0275677795889834
8.81 0.0275679399762172
8.82 0.0275681003643844
8.83 0.0275682607534843
8.84 0.0275684211435174
8.85 0.0275685815344837
8.86 0.027568741926383
8.87 0.0275689023192151
8.88 0.027569062712981
8.89 0.0275692231076798
8.9 0.027569383503312
8.91 0.0275695438998773
8.92 0.0275697042973757
8.93 0.0275698646958075
8.94 0.0275700250951722
8.95 0.0275701854954702
8.96 0.0275703458967014
8.97 0.0275705062988657
8.98 0.0275706667019631
8.99 0.027570827105994
9 0.0275709875109583
9.01 0.0275711479168553
9.02 0.0275713083236858
9.03 0.0275714687314496
9.04 0.0275716291401466
9.05 0.0275717895497766
9.06 0.0275719499603402
9.07 0.0275721103718367
9.08 0.0275722707842667
9.09 0.0275724311976301
9.1 0.0275725916119267
9.11 0.0275727520271564
9.12 0.0275729124433195
9.13 0.0275730728604155
9.14 0.0275732332784453
9.15 0.0275733936974084
9.16 0.0275735541173046
9.17 0.027573714538134
9.18 0.027573874959897
9.19 0.0275740353825932
9.2 0.0275741958062229
9.21 0.0275743562307858
9.22 0.0275745166562821
9.23 0.0275746770827116
9.24 0.0275748375100748
9.25 0.0275749979383713
9.26 0.0275751583676011
9.27 0.027575318797764
9.28 0.0275754792288604
9.29 0.0275756396608902
9.3 0.0275758000938534
9.31 0.0275759605277499
9.32 0.0275761209625798
9.33 0.027576281398343
9.34 0.0275764418350396
9.35 0.0275766022726695
9.36 0.027576762711233
9.37 0.0275769231507299
9.38 0.0275770835911601
9.39 0.0275772440325237
9.4 0.027577404474821
9.41 0.0275775649180517
9.42 0.027577725362216
9.43 0.0275778858073135
9.44 0.0275780462533447
9.45 0.0275782067003093
9.46 0.0275783671482074
9.47 0.0275785275970388
9.48 0.0275786880468037
9.49 0.0275788484975024
9.5 0.0275790089491344
9.51 0.0275791694016996
9.52 0.0275793298551988
9.53 0.0275794903096312
9.54 0.0275796507649971
9.55 0.0275798112212964
9.56 0.0275799716785293
9.57 0.0275801321366958
9.58 0.0275802925957958
9.59 0.0275804530558294
9.6 0.0275806135167965
9.61 0.0275807739786975
9.62 0.0275809344415315
9.63 0.0275810949052992
9.64 0.0275812553700007
9.65 0.0275814158356357
9.66 0.0275815763022041
9.67 0.0275817367697062
9.68 0.0275818972381418
9.69 0.0275820577075114
9.7 0.0275822181778137
9.71 0.0275823786490503
9.72 0.02758253912122
9.73 0.0275826995943238
9.74 0.0275828600683611
9.75 0.027583020543332
9.76 0.0275831810192364
9.77 0.0275833414960744
9.78 0.0275835019738466
9.79 0.0275836624525519
9.8 0.027583822932191
9.81 0.0275839834127635
9.82 0.0275841438942698
9.83 0.02758430437671
9.84 0.0275844648600838
9.85 0.027584625344391
9.86 0.027584785829632
9.87 0.0275849463158069
9.88 0.0275851068029151
9.89 0.0275852672909576
9.9 0.0275854277799337
9.91 0.0275855882698434
9.92 0.0275857487606868
9.93 0.0275859092524639
9.94 0.0275860697451747
9.95 0.0275862302388194
9.96 0.0275863907333977
9.97 0.0275865512289099
9.98 0.0275867117253556
9.99 0.0275868722227352
10 0.0275870327210485
