0.133919
-0.088101
1.67441
0.733641
0.997525
-1.2775
-2.39672
-0.67928
-0.0390913
0.893556
-0.0176478
-1.29656
-0.667981
0.181709
0.831051
-0.548248
-0.638032
0.00708853
-0.669854
-0.827762
0.6125
-0.367588
-0.289493
-0.916875
-0.583805
0.0646153
0.0467439
-0.750727
-0.144233
1.47556
-0.206479
-0.260697
-0.138218
-2.5434
0.577419
-0.0361099
-0.226173
0.715002
1.57727
-0.392274
1.18277
1.79311
-0.731346
-0.629818
2.07069
-0.903006
1.73555
1.38309
-0.375367
-0.30431
1.25357
-0.273845
-0.0463294
0.798982
0.539956
0.0858503
1.35529
0.0138509
0.751364
-1.57491
-0.237378
0.336491
-0.0795997
-0.540872
-1.38043
1.71655
0.418112
1.52496
0.686476
-0.588556
1.31675
-0.832984
0.77396
-0.803515
-0.0854303
1.4962
0.397767
3.33843
1.80094
1.75628
0.667474
-1.05017
0.329371
0.455081
-2.34701
-0.613899
-2.1618
-1.00134
-0.462268
-0.817561
0.184392
-0.394917
-1.66956
-0.945148
0.00356999
1.15574
1.87743
0.112199
0.181213
1.2783
