0.936976
0.207355
1.32237
3.32727
0.546537
1.07878
0.58006
0.517264
0.89557
1.1964
8.1867
1.28071
0.700995
0.58498
3.92001
1.34024
1.38289
0.334986
0.395618
1.09843
0.722462
0.229517
0.351991
1.68282
0.926827
0.139086
0.260368
3.85313
0.293366
2.8924
6.73073
0.515511
0.414093
0.450374
3.61845
1.14327
1.23159
1.69769
0.244546
0.875897
7.27841
0.991178
0.693685
0.255178
0.288722
6.94293
1.56511
2.88601
0.466332
0.762083
3.04362
0.264669
0.333136
0.778742
0.380637
1.02205
0.76823
1.17934
0.267144
1.64131
0.259937
0.431766
0.710608
2.27141
1.78095
0.422577
2.6443
0.892123
0.957537
0.328407
3.02304
1.25721
2.39823
0.415491
1.67191
1.9989
1.10209
0.723144
0.722845
2.15591
0.672209
0.311036
0.861891
1.86887
2.66652
0.252404
0.461367
0.854925
1.52399
0.58089
1.55913
0.554398
0.276968
2.61958
7.01675
2.58656
1.81122
1.68239
1.1258
3.28204
