/*--------------------------------*- C++ -*----------------------------------*\
  =========                 |
  \\      /  F ield         | OpenFOAM: The Open Source CFD Toolbox
   \\    /   O peration     | Website:  https://openfoam.org
    \\  /    A nd           | Version:  6
     \\/     M anipulation  |
\*---------------------------------------------------------------------------*/
FoamFile
{
    version     2.0;
    format      ascii;
    class       pointScalarField;
    location    "0";
    object      streamFunction;
}
// * * * * * * * * * * * * * * * * * * * * * * * * * * * * * * * * * * * * * //

dimensions      [0 3 -1 0 0 0 0];

internalField   nonuniform List<scalar> 
10742
(
0
0.0682921
0.131192
0.189938
0.245415
0.298275
0.349006
0.397982
0.445491
0.491765
0.536984
4e-08
0.0734408
0.141083
0.204258
0.263918
0.320764
0.375321
0.427991
0.479087
0.528859
0.577508
2e-08
0.0781374
0.150106
0.217321
0.280797
0.341279
0.399327
0.455367
0.509733
0.562689
0.614445
4e-08
0.0823528
0.158204
0.229046
0.295948
0.359694
0.420875
0.479941
0.537244
0.593059
0.64761
-2e-08
0.086061
0.165328
0.23936
0.309275
0.375894
0.439833
0.501562
0.561449
0.619784
0.676798
0
0.0892388
0.171433
0.248199
0.320698
0.389779
0.456081
0.520093
0.582197
0.642692
0.70182
2e-08
0.0918665
0.176481
0.255509
0.330143
0.40126
0.469517
0.535419
0.599356
0.661639
0.722516
3e-08
0.0939277
0.180441
0.261242
0.337553
0.410267
0.480058
0.547442
0.612818
0.676504
0.738753
3e-08
0.0954095
0.183288
0.265364
0.342879
0.416742
0.487637
0.556085
0.622496
0.687191
0.750427
4.3e-08
0.0963026
0.185003
0.267849
0.34609
0.420645
0.492204
0.561296
0.62833
0.693632
0.757463
-1.7e-08
0.0966015
0.185577
0.26868
0.347164
0.421951
0.493733
0.563039
0.630282
0.695788
0.759818
0
0.0682921
0.131192
0.189938
0.245415
0.298275
0.349006
0.397982
0.445491
0.491765
0.536984
4e-08
0.0734408
0.141083
0.204258
0.263918
0.320764
0.375321
0.427991
0.479087
0.528859
0.577508
2e-08
0.0781374
0.150106
0.217321
0.280797
0.341279
0.399327
0.455367
0.509733
0.562689
0.614445
4e-08
0.0823528
0.158204
0.229046
0.295948
0.359694
0.420875
0.479941
0.537244
0.593059
0.64761
-2e-08
0.086061
0.165328
0.23936
0.309275
0.375894
0.439833
0.501562
0.561449
0.619784
0.676798
0
0.0892388
0.171433
0.248199
0.320698
0.389779
0.456081
0.520093
0.582197
0.642692
0.70182
2e-08
0.0918665
0.176481
0.255509
0.330143
0.40126
0.469517
0.535419
0.599356
0.661639
0.722516
3e-08
0.0939277
0.180441
0.261242
0.337553
0.410267
0.480058
0.547442
0.612818
0.676504
0.738753
3e-08
0.0954095
0.183288
0.265364
0.342879
0.416742
0.487637
0.556085
0.622496
0.687191
0.750427
4.3e-08
0.0963026
0.185003
0.267849
0.34609
0.420645
0.492204
0.561296
0.62833
0.693632
0.757463
-1.7e-08
0.0966015
0.185577
0.26868
0.347164
0.421951
0.493733
0.563039
0.630282
0.695788
0.759818
0
0
-5e-08
1e-08
-5e-08
1e-08
-5e-08
-5e-08
-5e-08
3e-08
-5e-08
0
0.0075781
0.014558
0.0210774
0.0272346
0.0331021
0.0387341
0.0441724
0.0494495
0.0545914
0.0596194
-4e-08
0.0151094
0.0290262
0.0420245
0.0543008
0.0659993
0.0772282
0.0880708
0.0985912
0.108841
0.11886
-3e-08
0.0225473
0.0433149
0.0627118
0.0810311
0.0984881
0.115244
0.131424
0.147122
0.162416
0.177366
3e-08
0.0298459
0.057336
0.0830115
0.107261
0.130368
0.152547
0.173963
0.194742
0.214986
0.234775
4e-08
0.0369603
0.071003
0.102799
0.132827
0.161441
0.188906
0.215425
0.241155
0.266224
0.290729
-1e-08
0.0438467
0.0842319
0.121951
0.157573
0.191517
0.224097
0.255554
0.286075
0.31581
0.344879
-4e-08
0.0504627
0.0969413
0.140351
0.181347
0.220411
0.257903
0.294102
0.329222
0.363437
0.396885
-5e-08
0.0567677
0.109053
0.157886
0.204003
0.247945
0.290118
0.330834
0.370333
0.40881
0.446418
-2e-08
0.062723
0.120494
0.174449
0.225403
0.273953
0.320547
0.365529
0.409163
0.451659
0.493176
0
0
-5e-08
1e-08
-5e-08
1e-08
-5e-08
-5e-08
-5e-08
3e-08
-5e-08
0
0.0075781
0.014558
0.0210774
0.0272346
0.0331021
0.0387341
0.0441724
0.0494495
0.0545914
0.0596194
-4e-08
0.0151094
0.0290262
0.0420245
0.0543008
0.0659993
0.0772282
0.0880708
0.0985912
0.108841
0.11886
-3e-08
0.0225473
0.0433149
0.0627118
0.0810311
0.0984881
0.115244
0.131424
0.147122
0.162416
0.177366
3e-08
0.0298459
0.057336
0.0830115
0.107261
0.130368
0.152547
0.173963
0.194742
0.214986
0.234775
4e-08
0.0369603
0.071003
0.102799
0.132827
0.161441
0.188906
0.215425
0.241155
0.266224
0.290729
-1e-08
0.0438467
0.0842319
0.121951
0.157573
0.191517
0.224097
0.255554
0.286075
0.31581
0.344879
-4e-08
0.0504627
0.0969413
0.140351
0.181347
0.220411
0.257903
0.294102
0.329222
0.363437
0.396885
-5e-08
0.0567677
0.109053
0.157886
0.204003
0.247945
0.290118
0.330834
0.370333
0.40881
0.446418
-2e-08
0.062723
0.120494
0.174449
0.225403
0.273953
0.320547
0.365529
0.409163
0.451659
0.493176
1e-08
2e-08
2e-08
2e-08
-7e-08
-4.1e-08
-5.6e-08
-4.4e-08
2.3e-08
-4.6e-08
1.1e-08
-3e-08
-1.9e-08
-4.62e-08
-4.13e-08
-6.1e-09
-3.898e-08
-2.678e-08
1.422e-08
-3.888e-08
-2.028e-08
-3.8e-10
-2.608e-08
-7.408e-08
-1.108e-08
-6.708e-08
-5.08e-09
-5.08e-09
-4.608e-08
7.92e-09
1.992e-08
-1.208e-08
-4.808e-08
3.92e-09
-1.208e-08
9.92e-09
-6.308e-08
9.2e-10
2.92e-09
9.92e-09
0.0628951
0.0653155
0.0671558
0.0685749
0.0696806
0.0705483
0.0712317
0.0717706
0.0721941
0.0725248
0.0727796
0.0729721
0.0731127
0.0732099
0.0732704
0.0732997
0.0733024
0.0732821
0.0732419
0.0731845
0.0731119
0.073026
0.0729284
0.0728203
0.072703
0.0725773
0.0724442
0.0723043
0.0721583
0.0720066
0.0718498
0.0716883
0.0715224
0.0713523
0.0711784
0.0710008
0.0708197
0.0706353
0.0704476
0.0702567
0.125358
0.130182
0.133862
0.136706
0.138928
0.140675
0.142055
0.143146
0.144006
0.144681
0.145204
0.145602
0.145896
0.146103
0.146237
0.146308
0.146326
0.146298
0.14623
0.146128
0.145995
0.145835
0.145652
0.145449
0.145226
0.144987
0.144733
0.144465
0.144185
0.143894
0.143593
0.143282
0.142962
0.142634
0.142298
0.141955
0.141605
0.141248
0.140885
0.140515
0.186988
0.194176
0.199687
0.203966
0.207321
0.209969
0.21207
0.213738
0.215061
0.216105
0.216922
0.217551
0.218025
0.218367
0.2186
0.218738
0.218796
0.218785
0.218714
0.218591
0.218422
0.218214
0.21797
0.217694
0.217391
0.217063
0.216712
0.216341
0.215951
0.215545
0.215122
0.214686
0.214237
0.213775
0.213301
0.212817
0.212322
0.211816
0.211301
0.210776
0.247374
0.256868
0.264199
0.269925
0.274439
0.278022
0.280878
0.283161
0.284985
0.286438
0.287587
0.288486
0.289177
0.289692
0.290061
0.290303
0.290439
0.290481
0.290444
0.290337
0.29017
0.289948
0.28968
0.289369
0.289021
0.28864
0.288229
0.28779
0.287327
0.286841
0.286334
0.285808
0.285265
0.284705
0.28413
0.28354
0.282935
0.282318
0.281687
0.281043
0.306112
0.317837
0.326973
0.334162
0.339869
0.344428
0.348089
0.351037
0.353413
0.355325
0.356857
0.358077
0.359035
0.359774
0.360328
0.360725
0.360986
0.361132
0.361177
0.361135
0.361017
0.360831
0.360586
0.360288
0.359944
0.359557
0.359133
0.358675
0.358185
0.357668
0.357124
0.356557
0.355968
0.355357
0.354727
0.354079
0.353413
0.35273
0.352031
0.351315
0.36281
0.376672
0.387592
0.396265
0.403206
0.408795
0.413319
0.416994
0.419985
0.42242
0.4244
0.426002
0.427291
0.428315
0.429117
0.429729
0.430178
0.430487
0.430675
0.430758
0.430749
0.430658
0.430497
0.430271
0.429989
0.429657
0.429279
0.428861
0.428405
0.427915
0.427393
0.426843
0.426266
0.425665
0.425039
0.424392
0.423723
0.423034
0.422324
0.421595
0.417088
0.432975
0.445654
0.455834
0.464058
0.47074
0.476198
0.480673
0.484354
0.487389
0.48989
0.491952
0.493645
0.495029
0.496151
0.497051
0.49776
0.498305
0.498708
0.498987
0.499158
0.499234
0.499226
0.499144
0.498995
0.498787
0.498526
0.498217
0.497865
0.497472
0.497043
0.49658
0.496086
0.495563
0.495012
0.494435
0.493833
0.493207
0.492557
0.491884
0.468576
0.486364
0.500772
0.512484
0.522047
0.529895
0.536367
0.541728
0.546187
0.549908
0.553019
0.555626
0.557809
0.559638
0.561166
0.562438
0.56349
0.564353
0.565053
0.565611
0.566044
0.566368
0.566595
0.566737
0.566803
0.566801
0.566738
0.56662
0.566451
0.566237
0.56598
0.565685
0.565354
0.56499
0.564594
0.564168
0.563713
0.56323
0.56272
0.562184
0.516949
0.536499
0.552597
0.565863
0.576825
0.585917
0.593493
0.599835
0.605169
0.609673
0.613492
0.616741
0.619512
0.621881
0.623909
0.625647
0.627136
0.628411
0.629501
0.630429
0.631217
0.63188
0.632435
0.632893
0.633264
0.633559
0.633785
0.633948
0.634054
0.634109
0.634116
0.634079
0.634002
0.633887
0.633736
0.633551
0.633334
0.633085
0.632806
0.632496
0.562074
0.583181
0.600879
0.615689
0.62809
0.638499
0.647268
0.654691
0.661003
0.666398
0.671032
0.675029
0.678494
0.681509
0.684143
0.686451
0.688481
0.69027
0.691853
0.693254
0.694497
0.695602
0.696585
0.69746
0.698238
0.69893
0.699544
0.700089
0.700571
0.700994
0.701365
0.701687
0.701964
0.702198
0.702393
0.702549
0.702669
0.702754
0.702804
0.702821
1e-08
2e-08
2e-08
2e-08
-7e-08
-4.1e-08
-5.6e-08
-4.4e-08
2.3e-08
-4.6e-08
1.1e-08
-3e-08
-1.9e-08
-4.62e-08
-4.13e-08
-6.1e-09
-3.898e-08
-2.678e-08
1.422e-08
-3.888e-08
-2.028e-08
-3.8e-10
-2.608e-08
-7.408e-08
-1.108e-08
-6.708e-08
-5.08e-09
-5.08e-09
-4.608e-08
7.92e-09
1.992e-08
-1.208e-08
-4.808e-08
3.92e-09
-1.208e-08
9.92e-09
-6.308e-08
9.2e-10
2.92e-09
9.92e-09
0.0628951
0.0653155
0.0671558
0.0685749
0.0696806
0.0705483
0.0712317
0.0717706
0.0721941
0.0725248
0.0727796
0.0729721
0.0731127
0.0732099
0.0732704
0.0732997
0.0733024
0.0732821
0.0732419
0.0731845
0.0731119
0.073026
0.0729284
0.0728203
0.072703
0.0725773
0.0724442
0.0723043
0.0721583
0.0720066
0.0718498
0.0716883
0.0715224
0.0713523
0.0711784
0.0710008
0.0708197
0.0706353
0.0704476
0.0702567
0.125358
0.130182
0.133862
0.136706
0.138928
0.140675
0.142055
0.143146
0.144006
0.144681
0.145204
0.145602
0.145896
0.146103
0.146237
0.146308
0.146326
0.146298
0.14623
0.146128
0.145995
0.145835
0.145652
0.145449
0.145226
0.144987
0.144733
0.144465
0.144185
0.143894
0.143593
0.143282
0.142962
0.142634
0.142298
0.141955
0.141605
0.141248
0.140885
0.140515
0.186988
0.194176
0.199687
0.203966
0.207321
0.209969
0.21207
0.213738
0.215061
0.216105
0.216922
0.217551
0.218025
0.218367
0.2186
0.218738
0.218796
0.218785
0.218714
0.218591
0.218422
0.218214
0.21797
0.217694
0.217391
0.217063
0.216712
0.216341
0.215951
0.215545
0.215122
0.214686
0.214237
0.213775
0.213301
0.212817
0.212322
0.211816
0.211301
0.210776
0.247374
0.256868
0.264199
0.269925
0.274439
0.278022
0.280878
0.283161
0.284985
0.286438
0.287587
0.288486
0.289177
0.289692
0.290061
0.290303
0.290439
0.290481
0.290444
0.290337
0.29017
0.289948
0.28968
0.289369
0.289021
0.28864
0.288229
0.28779
0.287327
0.286841
0.286334
0.285808
0.285265
0.284705
0.28413
0.28354
0.282935
0.282318
0.281687
0.281043
0.306112
0.317837
0.326973
0.334162
0.339869
0.344428
0.348089
0.351037
0.353413
0.355325
0.356857
0.358077
0.359035
0.359774
0.360328
0.360725
0.360986
0.361132
0.361177
0.361135
0.361017
0.360831
0.360586
0.360288
0.359944
0.359557
0.359133
0.358675
0.358185
0.357668
0.357124
0.356557
0.355968
0.355357
0.354727
0.354079
0.353413
0.35273
0.352031
0.351315
0.36281
0.376672
0.387592
0.396265
0.403206
0.408795
0.413319
0.416994
0.419985
0.42242
0.4244
0.426002
0.427291
0.428315
0.429117
0.429729
0.430178
0.430487
0.430675
0.430758
0.430749
0.430658
0.430497
0.430271
0.429989
0.429657
0.429279
0.428861
0.428405
0.427915
0.427393
0.426843
0.426266
0.425665
0.425039
0.424392
0.423723
0.423034
0.422324
0.421595
0.417088
0.432975
0.445654
0.455834
0.464058
0.47074
0.476198
0.480673
0.484354
0.487389
0.48989
0.491952
0.493645
0.495029
0.496151
0.497051
0.49776
0.498305
0.498708
0.498987
0.499158
0.499234
0.499226
0.499144
0.498995
0.498787
0.498526
0.498217
0.497865
0.497472
0.497043
0.49658
0.496086
0.495563
0.495012
0.494435
0.493833
0.493207
0.492557
0.491884
0.468576
0.486364
0.500772
0.512484
0.522047
0.529895
0.536367
0.541728
0.546187
0.549908
0.553019
0.555626
0.557809
0.559638
0.561166
0.562438
0.56349
0.564353
0.565053
0.565611
0.566044
0.566368
0.566595
0.566737
0.566803
0.566801
0.566738
0.56662
0.566451
0.566237
0.56598
0.565685
0.565354
0.56499
0.564594
0.564168
0.563713
0.56323
0.56272
0.562184
0.516949
0.536499
0.552597
0.565863
0.576825
0.585917
0.593493
0.599835
0.605169
0.609673
0.613492
0.616741
0.619512
0.621881
0.623909
0.625647
0.627136
0.628411
0.629501
0.630429
0.631217
0.63188
0.632435
0.632893
0.633264
0.633559
0.633785
0.633948
0.634054
0.634109
0.634116
0.634079
0.634002
0.633887
0.633736
0.633551
0.633334
0.633085
0.632806
0.632496
0.562074
0.583181
0.600879
0.615689
0.62809
0.638499
0.647268
0.654691
0.661003
0.666398
0.671032
0.675029
0.678494
0.681509
0.684143
0.686451
0.688481
0.69027
0.691853
0.693254
0.694497
0.695602
0.696585
0.69746
0.698238
0.69893
0.699544
0.700089
0.700571
0.700994
0.701365
0.701687
0.701964
0.702198
0.702393
0.702549
0.702669
0.702754
0.702804
0.702821
0.621527
0.644016
0.663548
0.68032
0.69464
0.706837
0.717226
0.726089
0.73367
0.740177
0.745783
0.750629
0.754834
0.758498
0.7617
0.764507
0.766977
0.769154
0.77108
0.772785
0.774299
0.775645
0.776843
0.77791
0.77886
0.779707
0.780461
0.781131
0.781725
0.782251
0.782714
0.783119
0.783471
0.783774
0.784031
0.784244
0.784415
0.784546
0.784639
0.784695
0.784713
0.707686
0.727698
0.745538
0.761205
0.77484
0.786648
0.79685
0.805663
0.813282
0.819882
0.825613
0.830602
0.834959
0.838773
0.842122
0.845071
0.847674
0.849977
0.852018
0.853831
0.855443
0.85688
0.85816
0.859303
0.860322
0.861231
0.862041
0.862762
0.863402
0.863968
0.864468
0.864905
0.865285
0.865612
0.865889
0.866119
0.866304
0.866446
0.866547
0.866607
0.866627
0.794954
0.812657
0.828808
0.843286
0.856116
0.867404
0.877293
0.885939
0.893494
0.900099
0.90588
0.910949
0.915402
0.919322
0.922781
0.925839
0.928548
0.930952
0.93309
0.934994
0.936691
0.938206
0.939559
0.940768
0.941848
0.942813
0.943673
0.94444
0.945122
0.945725
0.946257
0.946724
0.94713
0.947479
0.947775
0.948021
0.948219
0.948371
0.948478
0.948542
0.948564
0.882925
0.898529
0.913062
0.926336
0.938299
0.948982
0.958467
0.966857
0.974265
0.9808
0.986566
0.991658
0.996158
1.00014
1.00368
1.00681
1.0096
1.01209
1.0143
1.01628
1.01805
1.01963
1.02104
1.02231
1.02344
1.02446
1.02536
1.02617
1.02689
1.02752
1.02809
1.02858
1.02901
1.02938
1.02969
1.02995
1.03016
1.03032
1.03044
1.0305
1.03053
0.971301
0.985031
0.998056
1.01016
1.02123
1.03127
1.04029
1.04835
1.05555
1.06195
1.06765
1.07271
1.07722
1.08123
1.0848
1.08799
1.09083
1.09338
1.09565
1.09769
1.09951
1.10115
1.10261
1.10393
1.10511
1.10616
1.10711
1.10795
1.1087
1.10937
1.10996
1.11047
1.11092
1.11131
1.11164
1.11191
1.11213
1.1123
1.11242
1.11249
1.11251
1.05987
1.07195
1.08359
1.09458
1.10478
1.11415
1.12266
1.13036
1.1373
1.14352
1.1491
1.1541
1.15857
1.16257
1.16616
1.16937
1.17224
1.17482
1.17714
1.17922
1.18109
1.18277
1.18427
1.18563
1.18684
1.18794
1.18891
1.18979
1.19056
1.19126
1.19187
1.1924
1.19287
1.19327
1.19362
1.1939
1.19413
1.19431
1.19443
1.19451
1.19453
1.14849
1.15912
1.16952
1.17947
1.18883
1.19752
1.20552
1.21283
1.21946
1.22547
1.2309
1.23579
1.2402
1.24416
1.24773
1.25094
1.25383
1.25643
1.25877
1.26088
1.26278
1.26449
1.26602
1.26741
1.26866
1.26977
1.27078
1.27168
1.27248
1.27319
1.27382
1.27438
1.27486
1.27528
1.27563
1.27592
1.27616
1.27634
1.27647
1.27655
1.27658
1.23706
1.24642
1.25571
1.2647
1.27327
1.28131
1.28878
1.29568
1.302
1.30777
1.31301
1.31777
1.32209
1.32599
1.32952
1.3327
1.33558
1.33819
1.34054
1.34266
1.34457
1.3463
1.34787
1.34927
1.35054
1.35168
1.35271
1.35362
1.35445
1.35518
1.35582
1.35639
1.35689
1.35732
1.35768
1.35798
1.35823
1.35841
1.35855
1.35863
1.35865
1.32551
1.33378
1.34207
1.35019
1.35801
1.36543
1.37239
1.37887
1.38486
1.39037
1.39541
1.40002
1.40421
1.40803
1.4115
1.41465
1.4175
1.42009
1.42244
1.42456
1.42648
1.42822
1.4298
1.43122
1.4325
1.43366
1.4347
1.43563
1.43646
1.43721
1.43787
1.43845
1.43895
1.43939
1.43976
1.44007
1.44032
1.44051
1.44065
1.44073
1.44076
1.4138
1.42112
1.42853
1.43586
1.44299
1.44982
1.45628
1.46235
1.468
1.47324
1.47807
1.4825
1.48657
1.49028
1.49367
1.49676
1.49958
1.50214
1.50447
1.50658
1.5085
1.51024
1.51182
1.51325
1.51454
1.5157
1.51675
1.51769
1.51854
1.51929
1.51996
1.52055
1.52106
1.52151
1.52189
1.5222
1.52245
1.52265
1.52279
1.52287
1.5229
1.50192
1.5084
1.51503
1.52165
1.52814
1.53442
1.54041
1.54608
1.55139
1.55635
1.56095
1.56521
1.56912
1.57272
1.57602
1.57904
1.5818
1.58432
1.58662
1.58872
1.59062
1.59235
1.59393
1.59535
1.59665
1.59781
1.59887
1.59982
1.60067
1.60142
1.6021
1.60269
1.60321
1.60366
1.60404
1.60436
1.60462
1.60482
1.60496
1.60504
1.60507
1.58984
1.5956
1.60153
1.60751
1.61343
1.61919
1.62473
1.63001
1.63499
1.63968
1.64405
1.64811
1.65187
1.65534
1.65854
1.66148
1.66417
1.66664
1.6689
1.67096
1.67284
1.67456
1.67612
1.67754
1.67883
1.67999
1.68105
1.68199
1.68285
1.68361
1.68428
1.68488
1.6854
1.68585
1.68624
1.68656
1.68682
1.68702
1.68716
1.68724
1.68727
1.67756
1.68269
1.68801
1.69342
1.6988
1.70408
1.7092
1.71411
1.71877
1.72318
1.72732
1.73118
1.73478
1.73812
1.7412
1.74405
1.74667
1.74908
1.75129
1.75331
1.75517
1.75686
1.7584
1.7598
1.76108
1.76224
1.76329
1.76423
1.76508
1.76584
1.76652
1.76711
1.76764
1.76809
1.76847
1.76879
1.76905
1.76925
1.7694
1.76948
1.76951
1.76509
1.76967
1.77445
1.77934
1.78424
1.78907
1.79379
1.79835
1.80271
1.80685
1.81075
1.81442
1.81785
1.82104
1.82401
1.82676
1.8293
1.83164
1.83379
1.83577
1.83758
1.83924
1.84076
1.84214
1.8434
1.84455
1.84559
1.84652
1.84737
1.84812
1.84879
1.84939
1.84991
1.85036
1.85074
1.85107
1.85132
1.85152
1.85167
1.85175
1.85178
1.85243
1.85652
1.86082
1.86524
1.86971
1.87414
1.87849
1.88271
1.88677
1.89065
1.89433
1.8978
1.90106
1.9041
1.90695
1.90959
1.91204
1.9143
1.91639
1.91832
1.92009
1.92171
1.9232
1.92456
1.9258
1.92692
1.92795
1.92887
1.92971
1.93045
1.93112
1.93171
1.93222
1.93267
1.93305
1.93337
1.93363
1.93383
1.93397
1.93405
1.93408
1.93959
1.94325
1.94713
1.95113
1.95519
1.95925
1.96325
1.96716
1.97094
1.97457
1.97802
1.9813
1.98439
1.98729
1.99
1.99253
1.99489
1.99707
1.99909
2.00096
2.00268
2.00426
2.00571
2.00704
2.00825
2.00936
2.01036
2.01127
2.01209
2.01283
2.01349
2.01407
2.01458
2.01502
2.0154
2.01571
2.01597
2.01617
2.01631
2.01639
2.01642
2.02657
2.02986
2.03335
2.03698
2.04068
2.04439
2.04808
2.05169
2.0552
2.05858
2.06182
2.06491
2.06783
2.07058
2.07316
2.07558
2.07784
2.07994
2.08188
2.08369
2.08535
2.08689
2.0883
2.08959
2.09077
2.09185
2.09284
2.09373
2.09453
2.09526
2.0959
2.09647
2.09697
2.09741
2.09778
2.09809
2.09834
2.09854
2.09868
2.09876
2.09879
2.11339
2.11635
2.1195
2.12279
2.12616
2.12956
2.13294
2.13628
2.13953
2.14269
2.14572
2.14861
2.15136
2.15397
2.15642
2.15873
2.16088
2.16289
2.16476
2.1665
2.1681
2.16958
2.17095
2.17221
2.17336
2.17441
2.17536
2.17623
2.17702
2.17773
2.17836
2.17892
2.17941
2.17984
2.1802
2.18051
2.18075
2.18094
2.18108
2.18116
2.18119
2.20006
2.20272
2.20557
2.20855
2.21162
2.21473
2.21784
2.22091
2.22393
2.22686
2.22969
2.2324
2.23499
2.23745
2.23977
2.24196
2.24401
2.24593
2.24772
2.24938
2.25092
2.25235
2.25367
2.25488
2.256
2.25702
2.25794
2.25879
2.25955
2.26024
2.26086
2.2614
2.26188
2.2623
2.26266
2.26295
2.26319
2.26338
2.26351
2.26359
2.26362
2.28659
2.28899
2.29156
2.29426
2.29706
2.2999
2.30275
2.30559
2.30837
2.3111
2.31373
2.31627
2.31869
2.32101
2.3232
2.32527
2.32721
2.32904
2.33075
2.33234
2.33381
2.33518
2.33645
2.33762
2.33869
2.33968
2.34057
2.34139
2.34213
2.3428
2.34339
2.34392
2.34439
2.3448
2.34514
2.34543
2.34567
2.34585
2.34598
2.34606
2.34608
2.37299
2.37514
2.37747
2.37992
2.38247
2.38506
2.38768
2.39029
2.39286
2.39538
2.39783
2.4002
2.40247
2.40464
2.4067
2.40865
2.41049
2.41222
2.41384
2.41536
2.41677
2.41808
2.41929
2.42041
2.42144
2.42239
2.42325
2.42404
2.42475
2.4254
2.42597
2.42649
2.42694
2.42733
2.42767
2.42795
2.42817
2.42835
2.42848
2.42855
2.42857
2.45926
2.4612
2.46331
2.46553
2.46784
2.47021
2.47261
2.475
2.47738
2.47971
2.48198
2.48418
2.4863
2.48833
2.49026
2.4921
2.49383
2.49547
2.497
2.49844
2.49978
2.50103
2.50218
2.50325
2.50424
2.50514
2.50597
2.50673
2.50742
2.50803
2.50859
2.50908
2.50952
2.5099
2.51022
2.51049
2.51071
2.51088
2.511
2.51107
2.5111
2.54542
2.54717
2.54907
2.55109
2.55319
2.55535
2.55754
2.55974
2.56192
2.56407
2.56617
2.56821
2.57018
2.57207
2.57388
2.5756
2.57723
2.57877
2.58022
2.58158
2.58285
2.58403
2.58513
2.58615
2.58708
2.58795
2.58874
2.58946
2.59012
2.59071
2.59124
2.59171
2.59213
2.59249
2.59281
2.59307
2.59328
2.59344
2.59356
2.59363
2.59365
2.63147
2.63305
2.63477
2.63659
2.6385
2.64047
2.64246
2.64448
2.64648
2.64846
2.6504
2.65228
2.65411
2.65587
2.65756
2.65916
2.66069
2.66213
2.66349
2.66477
2.66597
2.66708
2.66812
2.66909
2.66997
2.67079
2.67155
2.67223
2.67286
2.67342
2.67393
2.67438
2.67478
2.67512
2.67542
2.67567
2.67587
2.67603
2.67614
2.6762
2.67623
2.71743
2.71885
2.7204
2.72205
2.72378
2.72556
2.72738
2.72922
2.73105
2.73287
2.73465
2.73639
2.73808
2.73971
2.74128
2.74277
2.74419
2.74554
2.74681
2.74801
2.74913
2.75018
2.75116
2.75207
2.75291
2.75368
2.75439
2.75504
2.75563
2.75617
2.75665
2.75707
2.75745
2.75778
2.75806
2.7583
2.75849
2.75864
2.75875
2.75881
2.75883
2.8033
2.80458
2.80597
2.80746
2.80902
2.81064
2.81229
2.81397
2.81564
2.8173
2.81893
2.82053
2.82209
2.82359
2.82504
2.82642
2.82774
2.82899
2.83018
2.8313
2.83234
2.83332
2.83424
2.83509
2.83588
2.8366
2.83727
2.83788
2.83844
2.83894
2.8394
2.8398
2.84016
2.84047
2.84073
2.84096
2.84114
2.84128
2.84138
2.84144
2.84146
2.88909
2.89023
2.89149
2.89283
2.89424
2.8957
2.8972
2.89871
2.90023
2.90174
2.90324
2.9047
2.90612
2.9075
2.90884
2.91011
2.91133
2.91249
2.91358
2.91462
2.91559
2.9165
2.91736
2.91815
2.91888
2.91956
2.92018
2.92076
2.92128
2.92175
2.92217
2.92255
2.92289
2.92318
2.92343
2.92364
2.92381
2.92394
2.92404
2.92409
2.92411
2.9748
2.97583
2.97695
2.97815
2.97942
2.98073
2.98208
2.98345
2.98483
2.9862
2.98756
2.98889
2.99019
2.99145
2.99266
2.99383
2.99495
2.99602
2.99703
2.99798
2.99888
2.99972
3.00051
3.00124
3.00192
3.00255
3.00313
3.00366
3.00414
3.00458
3.00498
3.00533
3.00564
3.00592
3.00615
3.00634
3.0065
3.00663
3.00671
3.00677
3.00678
3.06046
3.06137
3.06237
3.06344
3.06457
3.06575
3.06696
3.06819
3.06943
3.07067
3.07189
3.07309
3.07427
3.07542
3.07652
3.07759
3.0786
3.07958
3.0805
3.08137
3.08219
3.08297
3.08369
3.08436
3.08499
3.08557
3.0861
3.08659
3.08704
3.08744
3.08781
3.08813
3.08842
3.08867
3.08889
3.08907
3.08922
3.08933
3.08941
3.08946
3.08948
3.14605
3.14686
3.14774
3.14869
3.1497
3.15075
3.15183
3.15292
3.15403
3.15514
3.15624
3.15732
3.15838
3.15941
3.1604
3.16137
3.16229
3.16317
3.164
3.16479
3.16554
3.16624
3.1669
3.16752
3.16809
3.16862
3.1691
3.16955
3.16996
3.17033
3.17066
3.17096
3.17122
3.17145
3.17165
3.17182
3.17195
3.17206
3.17213
3.17218
3.17219
3.23159
3.2323
3.23308
3.23392
3.2348
3.23573
3.23668
3.23765
3.23863
3.23962
3.24059
3.24155
3.2425
3.24342
3.24431
3.24517
3.24599
3.24678
3.24753
3.24824
3.24891
3.24955
3.25014
3.25069
3.25121
3.25169
3.25213
3.25253
3.2529
3.25323
3.25354
3.25381
3.25405
3.25425
3.25443
3.25458
3.25471
3.2548
3.25487
3.25491
3.25492
3.31708
3.3177
3.31838
3.31911
3.31988
3.32069
3.32152
3.32237
3.32324
3.3241
3.32496
3.3258
3.32663
3.32744
3.32823
3.32899
3.32972
3.33042
3.33108
3.33172
3.33231
3.33287
3.3334
3.33389
3.33435
3.33478
3.33517
3.33553
3.33586
3.33616
3.33643
3.33667
3.33688
3.33707
3.33723
3.33737
3.33747
3.33756
3.33762
3.33766
3.33767
3.40253
3.40306
3.40365
3.40428
3.40494
3.40564
3.40636
3.40709
3.40784
3.40858
3.40932
3.41006
3.41078
3.41148
3.41217
3.41283
3.41347
3.41408
3.41466
3.41521
3.41573
3.41622
3.41668
3.41711
3.41752
3.41789
3.41823
3.41855
3.41884
3.4191
3.41934
3.41955
3.41974
3.4199
3.42004
3.42016
3.42026
3.42033
3.42039
3.42042
3.42043
3.48795
3.4884
3.48889
3.48942
3.48998
3.49057
3.49118
3.4918
3.49243
3.49307
3.4937
3.49432
3.49494
3.49554
3.49612
3.49669
3.49723
3.49775
3.49825
3.49872
3.49916
3.49959
3.49998
3.50035
3.5007
3.50102
3.50131
3.50158
3.50183
3.50206
3.50226
3.50245
3.50261
3.50275
3.50287
3.50297
3.50305
3.50312
3.50316
3.50319
3.5032
3.57334
3.5737
3.57411
3.57455
3.57501
3.57549
3.576
3.57651
3.57703
3.57756
3.57808
3.57859
3.5791
3.5796
3.58008
3.58055
3.581
3.58144
3.58185
3.58224
3.58261
3.58297
3.58329
3.5836
3.58389
3.58416
3.58441
3.58463
3.58484
3.58503
3.5852
3.58535
3.58549
3.58561
3.58571
3.58579
3.58586
3.58592
3.58595
3.58598
3.58598
3.6587
3.65899
3.65931
3.65966
3.66002
3.66041
3.66081
3.66121
3.66163
3.66204
3.66246
3.66287
3.66327
3.66367
3.66406
3.66443
3.66479
3.66514
3.66547
3.66578
3.66608
3.66636
3.66662
3.66687
3.6671
3.66731
3.66751
3.66769
3.66786
3.66801
3.66815
3.66827
3.66838
3.66847
3.66855
3.66862
3.66868
3.66872
3.66875
3.66877
3.66878
3.74404
3.74426
3.7445
3.74475
3.74503
3.74531
3.74561
3.74591
3.74622
3.74653
3.74684
3.74715
3.74745
3.74775
3.74804
3.74832
3.74859
3.74884
3.74909
3.74933
3.74955
3.74976
3.74996
3.75014
3.75032
3.75048
3.75062
3.75076
3.75089
3.751
3.7511
3.75119
3.75128
3.75135
3.75141
3.75146
3.7515
3.75153
3.75156
3.75157
3.75158
3.82937
3.82951
3.82967
3.82984
3.83002
3.83021
3.83041
3.83061
3.83082
3.83102
3.83123
3.83143
3.83163
3.83183
3.83202
3.83221
3.83239
3.83256
3.83272
3.83288
3.83303
3.83317
3.8333
3.83342
3.83354
3.83365
3.83375
3.83384
3.83392
3.834
3.83407
3.83413
3.83418
3.83423
3.83427
3.8343
3.83433
3.83435
3.83437
3.83438
3.83438
3.91469
3.91476
3.91484
3.91492
3.91501
3.91511
3.9152
3.91531
3.91541
3.91551
3.91561
3.91572
3.91582
3.91591
3.91601
3.9161
3.91619
3.91628
3.91636
3.91644
3.91651
3.91658
3.91665
3.91671
3.91677
3.91682
3.91687
3.91692
3.91696
3.917
3.91703
3.91706
3.91709
3.91711
3.91713
3.91715
3.91716
3.91718
3.91718
3.91719
3.91719
4
4
4
4
4
4
4
4
4
4
4
4
4
4
4
4
4
4
4
4
4
4
4
4
4
4
4
4
4
4
4
4
4
4
4
4
4
4
4
4
4
0.621527
0.644016
0.663548
0.68032
0.69464
0.706837
0.717226
0.726089
0.73367
0.740177
0.745783
0.750629
0.754834
0.758498
0.7617
0.764507
0.766977
0.769154
0.77108
0.772785
0.774299
0.775645
0.776843
0.77791
0.77886
0.779707
0.780461
0.781131
0.781725
0.782251
0.782714
0.783119
0.783471
0.783774
0.784031
0.784244
0.784415
0.784546
0.784639
0.784695
0.784713
0.707686
0.727698
0.745538
0.761205
0.77484
0.786648
0.79685
0.805663
0.813282
0.819882
0.825613
0.830602
0.834959
0.838773
0.842122
0.845071
0.847674
0.849977
0.852018
0.853831
0.855443
0.85688
0.85816
0.859303
0.860322
0.861231
0.862041
0.862762
0.863402
0.863968
0.864468
0.864905
0.865285
0.865612
0.865889
0.866119
0.866304
0.866446
0.866547
0.866607
0.866627
0.794954
0.812657
0.828808
0.843286
0.856116
0.867404
0.877293
0.885939
0.893494
0.900099
0.90588
0.910949
0.915402
0.919322
0.922781
0.925839
0.928548
0.930952
0.93309
0.934994
0.936691
0.938206
0.939559
0.940768
0.941848
0.942813
0.943673
0.94444
0.945122
0.945725
0.946257
0.946724
0.94713
0.947479
0.947775
0.948021
0.948219
0.948371
0.948478
0.948542
0.948564
0.882925
0.898529
0.913062
0.926336
0.938299
0.948982
0.958467
0.966857
0.974265
0.9808
0.986566
0.991658
0.996158
1.00014
1.00368
1.00681
1.0096
1.01209
1.0143
1.01628
1.01805
1.01963
1.02104
1.02231
1.02344
1.02446
1.02536
1.02617
1.02689
1.02752
1.02809
1.02858
1.02901
1.02938
1.02969
1.02995
1.03016
1.03032
1.03044
1.0305
1.03053
0.971301
0.985031
0.998056
1.01016
1.02123
1.03127
1.04029
1.04835
1.05555
1.06195
1.06765
1.07271
1.07722
1.08123
1.0848
1.08799
1.09083
1.09338
1.09565
1.09769
1.09951
1.10115
1.10261
1.10393
1.10511
1.10616
1.10711
1.10795
1.1087
1.10937
1.10996
1.11047
1.11092
1.11131
1.11164
1.11191
1.11213
1.1123
1.11242
1.11249
1.11251
1.05987
1.07195
1.08359
1.09458
1.10478
1.11415
1.12266
1.13036
1.1373
1.14352
1.1491
1.1541
1.15857
1.16257
1.16616
1.16937
1.17224
1.17482
1.17714
1.17922
1.18109
1.18277
1.18427
1.18563
1.18684
1.18794
1.18891
1.18979
1.19056
1.19126
1.19187
1.1924
1.19287
1.19327
1.19362
1.1939
1.19413
1.19431
1.19443
1.19451
1.19453
1.14849
1.15912
1.16952
1.17947
1.18883
1.19752
1.20552
1.21283
1.21946
1.22547
1.2309
1.23579
1.2402
1.24416
1.24773
1.25094
1.25383
1.25643
1.25877
1.26088
1.26278
1.26449
1.26602
1.26741
1.26866
1.26977
1.27078
1.27168
1.27248
1.27319
1.27382
1.27438
1.27486
1.27528
1.27563
1.27592
1.27616
1.27634
1.27647
1.27655
1.27658
1.23706
1.24642
1.25571
1.2647
1.27327
1.28131
1.28878
1.29568
1.302
1.30777
1.31301
1.31777
1.32209
1.32599
1.32952
1.3327
1.33558
1.33819
1.34054
1.34266
1.34457
1.3463
1.34787
1.34927
1.35054
1.35168
1.35271
1.35362
1.35445
1.35518
1.35582
1.35639
1.35689
1.35732
1.35768
1.35798
1.35823
1.35841
1.35855
1.35863
1.35865
1.32551
1.33378
1.34207
1.35019
1.35801
1.36543
1.37239
1.37887
1.38486
1.39037
1.39541
1.40002
1.40421
1.40803
1.4115
1.41465
1.4175
1.42009
1.42244
1.42456
1.42648
1.42822
1.4298
1.43122
1.4325
1.43366
1.4347
1.43563
1.43646
1.43721
1.43787
1.43845
1.43895
1.43939
1.43976
1.44007
1.44032
1.44051
1.44065
1.44073
1.44076
1.4138
1.42112
1.42853
1.43586
1.44299
1.44982
1.45628
1.46235
1.468
1.47324
1.47807
1.4825
1.48657
1.49028
1.49367
1.49676
1.49958
1.50214
1.50447
1.50658
1.5085
1.51024
1.51182
1.51325
1.51454
1.5157
1.51675
1.51769
1.51854
1.51929
1.51996
1.52055
1.52106
1.52151
1.52189
1.5222
1.52245
1.52265
1.52279
1.52287
1.5229
1.50192
1.5084
1.51503
1.52165
1.52814
1.53442
1.54041
1.54608
1.55139
1.55635
1.56095
1.56521
1.56912
1.57272
1.57602
1.57904
1.5818
1.58432
1.58662
1.58872
1.59062
1.59235
1.59393
1.59535
1.59665
1.59781
1.59887
1.59982
1.60067
1.60142
1.6021
1.60269
1.60321
1.60366
1.60404
1.60436
1.60462
1.60482
1.60496
1.60504
1.60507
1.58984
1.5956
1.60153
1.60751
1.61343
1.61919
1.62473
1.63001
1.63499
1.63968
1.64405
1.64811
1.65187
1.65534
1.65854
1.66148
1.66417
1.66664
1.6689
1.67096
1.67284
1.67456
1.67612
1.67754
1.67883
1.67999
1.68105
1.68199
1.68285
1.68361
1.68428
1.68488
1.6854
1.68585
1.68624
1.68656
1.68682
1.68702
1.68716
1.68724
1.68727
1.67756
1.68269
1.68801
1.69342
1.6988
1.70408
1.7092
1.71411
1.71877
1.72318
1.72732
1.73118
1.73478
1.73812
1.7412
1.74405
1.74667
1.74908
1.75129
1.75331
1.75517
1.75686
1.7584
1.7598
1.76108
1.76224
1.76329
1.76423
1.76508
1.76584
1.76652
1.76711
1.76764
1.76809
1.76847
1.76879
1.76905
1.76925
1.7694
1.76948
1.76951
1.76509
1.76967
1.77445
1.77934
1.78424
1.78907
1.79379
1.79835
1.80271
1.80685
1.81075
1.81442
1.81785
1.82104
1.82401
1.82676
1.8293
1.83164
1.83379
1.83577
1.83758
1.83924
1.84076
1.84214
1.8434
1.84455
1.84559
1.84652
1.84737
1.84812
1.84879
1.84939
1.84991
1.85036
1.85074
1.85107
1.85132
1.85152
1.85167
1.85175
1.85178
1.85243
1.85652
1.86082
1.86524
1.86971
1.87414
1.87849
1.88271
1.88677
1.89065
1.89433
1.8978
1.90106
1.9041
1.90695
1.90959
1.91204
1.9143
1.91639
1.91832
1.92009
1.92171
1.9232
1.92456
1.9258
1.92692
1.92795
1.92887
1.92971
1.93045
1.93112
1.93171
1.93222
1.93267
1.93305
1.93337
1.93363
1.93383
1.93397
1.93405
1.93408
1.93959
1.94325
1.94713
1.95113
1.95519
1.95925
1.96325
1.96716
1.97094
1.97457
1.97802
1.9813
1.98439
1.98729
1.99
1.99253
1.99489
1.99707
1.99909
2.00096
2.00268
2.00426
2.00571
2.00704
2.00825
2.00936
2.01036
2.01127
2.01209
2.01283
2.01349
2.01407
2.01458
2.01502
2.0154
2.01571
2.01597
2.01617
2.01631
2.01639
2.01642
2.02657
2.02986
2.03335
2.03698
2.04068
2.04439
2.04808
2.05169
2.0552
2.05858
2.06182
2.06491
2.06783
2.07058
2.07316
2.07558
2.07784
2.07994
2.08188
2.08369
2.08535
2.08689
2.0883
2.08959
2.09077
2.09185
2.09284
2.09373
2.09453
2.09526
2.0959
2.09647
2.09697
2.09741
2.09778
2.09809
2.09834
2.09854
2.09868
2.09876
2.09879
2.11339
2.11635
2.1195
2.12279
2.12616
2.12956
2.13294
2.13628
2.13953
2.14269
2.14572
2.14861
2.15136
2.15397
2.15642
2.15873
2.16088
2.16289
2.16476
2.1665
2.1681
2.16958
2.17095
2.17221
2.17336
2.17441
2.17536
2.17623
2.17702
2.17773
2.17836
2.17892
2.17941
2.17984
2.1802
2.18051
2.18075
2.18094
2.18108
2.18116
2.18119
2.20006
2.20272
2.20557
2.20855
2.21162
2.21473
2.21784
2.22091
2.22393
2.22686
2.22969
2.2324
2.23499
2.23745
2.23977
2.24196
2.24401
2.24593
2.24772
2.24938
2.25092
2.25235
2.25367
2.25488
2.256
2.25702
2.25794
2.25879
2.25955
2.26024
2.26086
2.2614
2.26188
2.2623
2.26266
2.26295
2.26319
2.26338
2.26351
2.26359
2.26362
2.28659
2.28899
2.29156
2.29426
2.29706
2.2999
2.30275
2.30559
2.30837
2.3111
2.31373
2.31627
2.31869
2.32101
2.3232
2.32527
2.32721
2.32904
2.33075
2.33234
2.33381
2.33518
2.33645
2.33762
2.33869
2.33968
2.34057
2.34139
2.34213
2.3428
2.34339
2.34392
2.34439
2.3448
2.34514
2.34543
2.34567
2.34585
2.34598
2.34606
2.34608
2.37299
2.37514
2.37747
2.37992
2.38247
2.38506
2.38768
2.39029
2.39286
2.39538
2.39783
2.4002
2.40247
2.40464
2.4067
2.40865
2.41049
2.41222
2.41384
2.41536
2.41677
2.41808
2.41929
2.42041
2.42144
2.42239
2.42325
2.42404
2.42475
2.4254
2.42597
2.42649
2.42694
2.42733
2.42767
2.42795
2.42817
2.42835
2.42848
2.42855
2.42857
2.45926
2.4612
2.46331
2.46553
2.46784
2.47021
2.47261
2.475
2.47738
2.47971
2.48198
2.48418
2.4863
2.48833
2.49026
2.4921
2.49383
2.49547
2.497
2.49844
2.49978
2.50103
2.50218
2.50325
2.50424
2.50514
2.50597
2.50673
2.50742
2.50803
2.50859
2.50908
2.50952
2.5099
2.51022
2.51049
2.51071
2.51088
2.511
2.51107
2.5111
2.54542
2.54717
2.54907
2.55109
2.55319
2.55535
2.55754
2.55974
2.56192
2.56407
2.56617
2.56821
2.57018
2.57207
2.57388
2.5756
2.57723
2.57877
2.58022
2.58158
2.58285
2.58403
2.58513
2.58615
2.58708
2.58795
2.58874
2.58946
2.59012
2.59071
2.59124
2.59171
2.59213
2.59249
2.59281
2.59307
2.59328
2.59344
2.59356
2.59363
2.59365
2.63147
2.63305
2.63477
2.63659
2.6385
2.64047
2.64246
2.64448
2.64648
2.64846
2.6504
2.65228
2.65411
2.65587
2.65756
2.65916
2.66069
2.66213
2.66349
2.66477
2.66597
2.66708
2.66812
2.66909
2.66997
2.67079
2.67155
2.67223
2.67286
2.67342
2.67393
2.67438
2.67478
2.67512
2.67542
2.67567
2.67587
2.67603
2.67614
2.6762
2.67623
2.71743
2.71885
2.7204
2.72205
2.72378
2.72556
2.72738
2.72922
2.73105
2.73287
2.73465
2.73639
2.73808
2.73971
2.74128
2.74277
2.74419
2.74554
2.74681
2.74801
2.74913
2.75018
2.75116
2.75207
2.75291
2.75368
2.75439
2.75504
2.75563
2.75617
2.75665
2.75707
2.75745
2.75778
2.75806
2.7583
2.75849
2.75864
2.75875
2.75881
2.75883
2.8033
2.80458
2.80597
2.80746
2.80902
2.81064
2.81229
2.81397
2.81564
2.8173
2.81893
2.82053
2.82209
2.82359
2.82504
2.82642
2.82774
2.82899
2.83018
2.8313
2.83234
2.83332
2.83424
2.83509
2.83588
2.8366
2.83727
2.83788
2.83844
2.83894
2.8394
2.8398
2.84016
2.84047
2.84073
2.84096
2.84114
2.84128
2.84138
2.84144
2.84146
2.88909
2.89023
2.89149
2.89283
2.89424
2.8957
2.8972
2.89871
2.90023
2.90174
2.90324
2.9047
2.90612
2.9075
2.90884
2.91011
2.91133
2.91249
2.91358
2.91462
2.91559
2.9165
2.91736
2.91815
2.91888
2.91956
2.92018
2.92076
2.92128
2.92175
2.92217
2.92255
2.92289
2.92318
2.92343
2.92364
2.92381
2.92394
2.92404
2.92409
2.92411
2.9748
2.97583
2.97695
2.97815
2.97942
2.98073
2.98208
2.98345
2.98483
2.9862
2.98756
2.98889
2.99019
2.99145
2.99266
2.99383
2.99495
2.99602
2.99703
2.99798
2.99888
2.99972
3.00051
3.00124
3.00192
3.00255
3.00313
3.00366
3.00414
3.00458
3.00498
3.00533
3.00564
3.00592
3.00615
3.00634
3.0065
3.00663
3.00671
3.00677
3.00678
3.06046
3.06137
3.06237
3.06344
3.06457
3.06575
3.06696
3.06819
3.06943
3.07067
3.07189
3.07309
3.07427
3.07542
3.07652
3.07759
3.0786
3.07958
3.0805
3.08137
3.08219
3.08297
3.08369
3.08436
3.08499
3.08557
3.0861
3.08659
3.08704
3.08744
3.08781
3.08813
3.08842
3.08867
3.08889
3.08907
3.08922
3.08933
3.08941
3.08946
3.08948
3.14605
3.14686
3.14774
3.14869
3.1497
3.15075
3.15183
3.15292
3.15403
3.15514
3.15624
3.15732
3.15838
3.15941
3.1604
3.16137
3.16229
3.16317
3.164
3.16479
3.16554
3.16624
3.1669
3.16752
3.16809
3.16862
3.1691
3.16955
3.16996
3.17033
3.17066
3.17096
3.17122
3.17145
3.17165
3.17182
3.17195
3.17206
3.17213
3.17218
3.17219
3.23159
3.2323
3.23308
3.23392
3.2348
3.23573
3.23668
3.23765
3.23863
3.23962
3.24059
3.24155
3.2425
3.24342
3.24431
3.24517
3.24599
3.24678
3.24753
3.24824
3.24891
3.24955
3.25014
3.25069
3.25121
3.25169
3.25213
3.25253
3.2529
3.25323
3.25354
3.25381
3.25405
3.25425
3.25443
3.25458
3.25471
3.2548
3.25487
3.25491
3.25492
3.31708
3.3177
3.31838
3.31911
3.31988
3.32069
3.32152
3.32237
3.32324
3.3241
3.32496
3.3258
3.32663
3.32744
3.32823
3.32899
3.32972
3.33042
3.33108
3.33172
3.33231
3.33287
3.3334
3.33389
3.33435
3.33478
3.33517
3.33553
3.33586
3.33616
3.33643
3.33667
3.33688
3.33707
3.33723
3.33737
3.33747
3.33756
3.33762
3.33766
3.33767
3.40253
3.40306
3.40365
3.40428
3.40494
3.40564
3.40636
3.40709
3.40784
3.40858
3.40932
3.41006
3.41078
3.41148
3.41217
3.41283
3.41347
3.41408
3.41466
3.41521
3.41573
3.41622
3.41668
3.41711
3.41752
3.41789
3.41823
3.41855
3.41884
3.4191
3.41934
3.41955
3.41974
3.4199
3.42004
3.42016
3.42026
3.42033
3.42039
3.42042
3.42043
3.48795
3.4884
3.48889
3.48942
3.48998
3.49057
3.49118
3.4918
3.49243
3.49307
3.4937
3.49432
3.49494
3.49554
3.49612
3.49669
3.49723
3.49775
3.49825
3.49872
3.49916
3.49959
3.49998
3.50035
3.5007
3.50102
3.50131
3.50158
3.50183
3.50206
3.50226
3.50245
3.50261
3.50275
3.50287
3.50297
3.50305
3.50312
3.50316
3.50319
3.5032
3.57334
3.5737
3.57411
3.57455
3.57501
3.57549
3.576
3.57651
3.57703
3.57756
3.57808
3.57859
3.5791
3.5796
3.58008
3.58055
3.581
3.58144
3.58185
3.58224
3.58261
3.58297
3.58329
3.5836
3.58389
3.58416
3.58441
3.58463
3.58484
3.58503
3.5852
3.58535
3.58549
3.58561
3.58571
3.58579
3.58586
3.58592
3.58595
3.58598
3.58598
3.6587
3.65899
3.65931
3.65966
3.66002
3.66041
3.66081
3.66121
3.66163
3.66204
3.66246
3.66287
3.66327
3.66367
3.66406
3.66443
3.66479
3.66514
3.66547
3.66578
3.66608
3.66636
3.66662
3.66687
3.6671
3.66731
3.66751
3.66769
3.66786
3.66801
3.66815
3.66827
3.66838
3.66847
3.66855
3.66862
3.66868
3.66872
3.66875
3.66877
3.66878
3.74404
3.74426
3.7445
3.74475
3.74503
3.74531
3.74561
3.74591
3.74622
3.74653
3.74684
3.74715
3.74745
3.74775
3.74804
3.74832
3.74859
3.74884
3.74909
3.74933
3.74955
3.74976
3.74996
3.75014
3.75032
3.75048
3.75062
3.75076
3.75089
3.751
3.7511
3.75119
3.75128
3.75135
3.75141
3.75146
3.7515
3.75153
3.75156
3.75157
3.75158
3.82937
3.82951
3.82967
3.82984
3.83002
3.83021
3.83041
3.83061
3.83082
3.83102
3.83123
3.83143
3.83163
3.83183
3.83202
3.83221
3.83239
3.83256
3.83272
3.83288
3.83303
3.83317
3.8333
3.83342
3.83354
3.83365
3.83375
3.83384
3.83392
3.834
3.83407
3.83413
3.83418
3.83423
3.83427
3.8343
3.83433
3.83435
3.83437
3.83438
3.83438
3.91469
3.91476
3.91484
3.91492
3.91501
3.91511
3.9152
3.91531
3.91541
3.91551
3.91561
3.91572
3.91582
3.91591
3.91601
3.9161
3.91619
3.91628
3.91636
3.91644
3.91651
3.91658
3.91665
3.91671
3.91677
3.91682
3.91687
3.91692
3.91696
3.917
3.91703
3.91706
3.91709
3.91711
3.91713
3.91715
3.91716
3.91718
3.91718
3.91719
3.91719
4
4
4
4
4
4
4
4
4
4
4
4
4
4
4
4
4
4
4
4
4
4
4
4
4
4
4
4
4
4
4
4
4
4
4
4
4
4
4
4
4
0.853473
0.851007
0.84364
0.831423
0.81444
0.792811
0.766687
0.736253
0.701729
0.663359
0.944839
0.942315
0.934775
0.922272
0.904896
0.882771
0.856056
0.824943
0.789655
0.750432
1.03433
1.03179
1.02418
1.01157
0.994038
0.971714
0.944755
0.913353
0.877732
0.838131
1.12228
1.11974
1.11214
1.09954
1.08203
1.05972
1.03278
1.00139
0.965766
0.92615
1.20894
1.20642
1.19888
1.18639
1.16902
1.14689
1.12016
1.08899
1.05362
1.01427
1.29451
1.29202
1.28459
1.27226
1.25513
1.23329
1.20691
1.17615
1.14122
1.10235
1.37914
1.3767
1.3694
1.3573
1.34046
1.31901
1.29309
1.26285
1.22851
1.19029
1.46298
1.46059
1.45345
1.4416
1.42512
1.40412
1.37873
1.34913
1.31549
1.27803
1.54614
1.5438
1.53683
1.52526
1.50918
1.48868
1.46389
1.43498
1.40213
1.36555
1.62869
1.62642
1.61963
1.60837
1.59271
1.57275
1.54861
1.52046
1.48846
1.45282
1.71072
1.70851
1.70192
1.69098
1.67577
1.65638
1.63293
1.60557
1.57448
1.53985
1.79229
1.79015
1.78376
1.77315
1.75841
1.73961
1.71688
1.69035
1.66021
1.62662
1.87346
1.87139
1.8652
1.85494
1.84068
1.82249
1.80049
1.77483
1.74566
1.71316
1.95426
1.95226
1.94629
1.93639
1.92261
1.90505
1.88381
1.85903
1.83086
1.79948
2.03475
2.03282
2.02707
2.01752
2.00424
1.98732
1.96685
1.94297
1.91582
1.88557
2.11495
2.1131
2.10756
2.09838
2.08561
2.06933
2.04965
2.02667
2.00056
1.97147
2.1949
2.19312
2.18781
2.17899
2.16674
2.15111
2.13221
2.11016
2.0851
2.05718
2.27462
2.27291
2.26782
2.25938
2.24764
2.23268
2.21458
2.19346
2.16945
2.14271
2.35413
2.3525
2.34764
2.33957
2.32835
2.31405
2.29675
2.27657
2.25363
2.22808
2.43346
2.4319
2.42727
2.41958
2.40888
2.39525
2.37876
2.35952
2.33765
2.31329
2.51262
2.51114
2.50673
2.49942
2.48925
2.47629
2.46061
2.44232
2.42153
2.39837
2.59163
2.59023
2.58605
2.57912
2.56947
2.55719
2.54233
2.52499
2.50528
2.48332
2.6705
2.66918
2.66523
2.65868
2.64957
2.63795
2.62391
2.60752
2.5889
2.56815
2.74925
2.74801
2.74429
2.73812
2.72954
2.7186
2.70538
2.68995
2.67241
2.65288
2.82789
2.82672
2.82324
2.81745
2.8094
2.79915
2.78674
2.77227
2.75583
2.73751
2.90644
2.90534
2.90209
2.89668
2.88917
2.87959
2.86801
2.8545
2.83915
2.82204
2.98489
2.98387
2.98084
2.97583
2.96885
2.95995
2.94919
2.93665
2.92238
2.9065
3.06326
3.06232
3.05952
3.05489
3.04845
3.04023
3.0303
3.01871
3.00555
2.99088
3.14155
3.14069
3.13813
3.13388
3.12797
3.12044
3.11134
3.10071
3.08864
3.07519
3.21979
3.219
3.21667
3.21281
3.20744
3.20059
3.19231
3.18265
3.17167
3.15945
3.29796
3.29726
3.29516
3.29168
3.28685
3.28068
3.27323
3.26453
3.25465
3.24365
3.37609
3.37546
3.3736
3.3705
3.3662
3.36072
3.3541
3.34637
3.33758
3.3278
3.45417
3.45362
3.45199
3.44928
3.44552
3.44072
3.43492
3.42816
3.42047
3.41191
3.53221
3.53174
3.53034
3.52802
3.5248
3.52069
3.51571
3.50992
3.50333
3.49599
3.61023
3.60983
3.60867
3.60673
3.60404
3.60062
3.59647
3.59164
3.58615
3.58004
3.68821
3.6879
3.68696
3.68542
3.68327
3.68052
3.67721
3.67334
3.66895
3.66406
3.76618
3.76594
3.76524
3.76408
3.76247
3.76041
3.75792
3.75502
3.75173
3.74806
3.84413
3.84397
3.8435
3.84273
3.84165
3.84028
3.83862
3.83669
3.83449
3.83205
3.92207
3.92199
3.92175
3.92137
3.92083
3.92014
3.91931
3.91835
3.91725
3.91603
4
4
4
4
4
4
4
4
4
4
0.853473
0.851007
0.84364
0.831423
0.81444
0.792811
0.766687
0.736253
0.701729
0.663359
0.944839
0.942315
0.934775
0.922272
0.904896
0.882771
0.856056
0.824943
0.789655
0.750432
1.03433
1.03179
1.02418
1.01157
0.994038
0.971714
0.944755
0.913353
0.877732
0.838131
1.12228
1.11974
1.11214
1.09954
1.08203
1.05972
1.03278
1.00139
0.965766
0.92615
1.20894
1.20642
1.19888
1.18639
1.16902
1.14689
1.12016
1.08899
1.05362
1.01427
1.29451
1.29202
1.28459
1.27226
1.25513
1.23329
1.20691
1.17615
1.14122
1.10235
1.37914
1.3767
1.3694
1.3573
1.34046
1.31901
1.29309
1.26285
1.22851
1.19029
1.46298
1.46059
1.45345
1.4416
1.42512
1.40412
1.37873
1.34913
1.31549
1.27803
1.54614
1.5438
1.53683
1.52526
1.50918
1.48868
1.46389
1.43498
1.40213
1.36555
1.62869
1.62642
1.61963
1.60837
1.59271
1.57275
1.54861
1.52046
1.48846
1.45282
1.71072
1.70851
1.70192
1.69098
1.67577
1.65638
1.63293
1.60557
1.57448
1.53985
1.79229
1.79015
1.78376
1.77315
1.75841
1.73961
1.71688
1.69035
1.66021
1.62662
1.87346
1.87139
1.8652
1.85494
1.84068
1.82249
1.80049
1.77483
1.74566
1.71316
1.95426
1.95226
1.94629
1.93639
1.92261
1.90505
1.88381
1.85903
1.83086
1.79948
2.03475
2.03282
2.02707
2.01752
2.00424
1.98732
1.96685
1.94297
1.91582
1.88557
2.11495
2.1131
2.10756
2.09838
2.08561
2.06933
2.04965
2.02667
2.00056
1.97147
2.1949
2.19312
2.18781
2.17899
2.16674
2.15111
2.13221
2.11016
2.0851
2.05718
2.27462
2.27291
2.26782
2.25938
2.24764
2.23268
2.21458
2.19346
2.16945
2.14271
2.35413
2.3525
2.34764
2.33957
2.32835
2.31405
2.29675
2.27657
2.25363
2.22808
2.43346
2.4319
2.42727
2.41958
2.40888
2.39525
2.37876
2.35952
2.33765
2.31329
2.51262
2.51114
2.50673
2.49942
2.48925
2.47629
2.46061
2.44232
2.42153
2.39837
2.59163
2.59023
2.58605
2.57912
2.56947
2.55719
2.54233
2.52499
2.50528
2.48332
2.6705
2.66918
2.66523
2.65868
2.64957
2.63795
2.62391
2.60752
2.5889
2.56815
2.74925
2.74801
2.74429
2.73812
2.72954
2.7186
2.70538
2.68995
2.67241
2.65288
2.82789
2.82672
2.82324
2.81745
2.8094
2.79915
2.78674
2.77227
2.75583
2.73751
2.90644
2.90534
2.90209
2.89668
2.88917
2.87959
2.86801
2.8545
2.83915
2.82204
2.98489
2.98387
2.98084
2.97583
2.96885
2.95995
2.94919
2.93665
2.92238
2.9065
3.06326
3.06232
3.05952
3.05489
3.04845
3.04023
3.0303
3.01871
3.00555
2.99088
3.14155
3.14069
3.13813
3.13388
3.12797
3.12044
3.11134
3.10071
3.08864
3.07519
3.21979
3.219
3.21667
3.21281
3.20744
3.20059
3.19231
3.18265
3.17167
3.15945
3.29796
3.29726
3.29516
3.29168
3.28685
3.28068
3.27323
3.26453
3.25465
3.24365
3.37609
3.37546
3.3736
3.3705
3.3662
3.36072
3.3541
3.34637
3.33758
3.3278
3.45417
3.45362
3.45199
3.44928
3.44552
3.44072
3.43492
3.42816
3.42047
3.41191
3.53221
3.53174
3.53034
3.52802
3.5248
3.52069
3.51571
3.50992
3.50333
3.49599
3.61023
3.60983
3.60867
3.60673
3.60404
3.60062
3.59647
3.59164
3.58615
3.58004
3.68821
3.6879
3.68696
3.68542
3.68327
3.68052
3.67721
3.67334
3.66895
3.66406
3.76618
3.76594
3.76524
3.76408
3.76247
3.76041
3.75792
3.75502
3.75173
3.74806
3.84413
3.84397
3.8435
3.84273
3.84165
3.84028
3.83862
3.83669
3.83449
3.83205
3.92207
3.92199
3.92175
3.92137
3.92083
3.92014
3.91931
3.91835
3.91725
3.91603
4
4
4
4
4
4
4
4
4
4
0.537073
0.491844
0.445561
0.398042
0.349058
0.298318
0.24545
0.189964
0.13121
0.0683012
-2.6e-08
0.577594
0.528936
0.479155
0.428049
0.375371
0.320806
0.263952
0.204283
0.1411
0.0734497
2.4e-08
0.614526
0.562762
0.509797
0.455423
0.399374
0.341319
0.280829
0.217345
0.150122
0.0781459
4e-09
0.647685
0.593127
0.537303
0.479993
0.420919
0.359731
0.295977
0.229068
0.158219
0.0823607
2.4e-08
0.676865
0.619844
0.561502
0.501608
0.439872
0.375927
0.309302
0.23938
0.165341
0.0860681
-1.6e-08
0.701878
0.642744
0.582243
0.520133
0.456115
0.389807
0.320721
0.248217
0.171445
0.089245
-2.6e-08
0.722564
0.661682
0.599394
0.535452
0.469546
0.401284
0.330162
0.255523
0.176491
0.0918716
2.4e-08
0.738789
0.676536
0.612847
0.547467
0.48008
0.410285
0.337567
0.261254
0.180448
0.0939317
-4.6e-08
0.750451
0.687213
0.622516
0.556103
0.487651
0.416755
0.342889
0.265372
0.183293
0.0954122
-6e-09
0.757476
0.693644
0.62834
0.561304
0.492212
0.420651
0.346095
0.267853
0.185006
0.096304
-1.1e-08
0.537073
0.491844
0.445561
0.398042
0.349058
0.298318
0.24545
0.189964
0.13121
0.0683012
-2.6e-08
0.577594
0.528936
0.479155
0.428049
0.375371
0.320806
0.263952
0.204283
0.1411
0.0734497
2.4e-08
0.614526
0.562762
0.509797
0.455423
0.399374
0.341319
0.280829
0.217345
0.150122
0.0781459
4e-09
0.647685
0.593127
0.537303
0.479993
0.420919
0.359731
0.295977
0.229068
0.158219
0.0823607
2.4e-08
0.676865
0.619844
0.561502
0.501608
0.439872
0.375927
0.309302
0.23938
0.165341
0.0860681
-1.6e-08
0.701878
0.642744
0.582243
0.520133
0.456115
0.389807
0.320721
0.248217
0.171445
0.089245
-2.6e-08
0.722564
0.661682
0.599394
0.535452
0.469546
0.401284
0.330162
0.255523
0.176491
0.0918716
2.4e-08
0.738789
0.676536
0.612847
0.547467
0.48008
0.410285
0.337567
0.261254
0.180448
0.0939317
-4.6e-08
0.750451
0.687213
0.622516
0.556103
0.487651
0.416755
0.342889
0.265372
0.183293
0.0954122
-6e-09
0.757476
0.693644
0.62834
0.561304
0.492212
0.420651
0.346095
0.267853
0.185006
0.096304
-1.1e-08
-4e-08
6e-08
-1.5e-07
-1e-08
1.1e-07
1.4e-07
2e-08
2.11e-07
1e-07
-6e-09
0
0.0596349
0.0546051
0.0494612
0.0441827
0.0387429
0.0331094
0.0272404
0.0210819
0.0145611
0.00757958
-6e-09
0.11889
0.108868
0.0986144
0.0880909
0.0772454
0.0660135
0.0543121
0.0420332
0.029032
0.0151123
4e-09
0.17741
0.162455
0.147156
0.131453
0.115269
0.0985088
0.0810477
0.0627244
0.0433234
0.0225516
-1.6e-08
0.234832
0.215036
0.194786
0.174
0.152579
0.130394
0.107282
0.0830277
0.0573469
0.0298515
-6e-09
0.290797
0.266283
0.241208
0.21547
0.188944
0.161473
0.132853
0.102818
0.0710161
0.036967
-6e-09
0.344955
0.315878
0.286134
0.255605
0.22414
0.191553
0.157602
0.121973
0.0842468
0.0438543
-3.6e-08
0.396968
0.363511
0.329287
0.294157
0.25795
0.22045
0.181379
0.140375
0.0969576
0.0504709
4.4e-08
0.446505
0.408887
0.370401
0.330892
0.290168
0.247986
0.204036
0.157911
0.109071
0.0567764
2.4e-08
0.493265
0.451738
0.409233
0.365589
0.320598
0.273995
0.225437
0.174475
0.120511
0.062732
1.4e-08
-4e-08
6e-08
-1.5e-07
-1e-08
1.1e-07
1.4e-07
2e-08
2.11e-07
1e-07
-6e-09
0
0.0596349
0.0546051
0.0494612
0.0441827
0.0387429
0.0331094
0.0272404
0.0210819
0.0145611
0.00757958
-6e-09
0.11889
0.108868
0.0986144
0.0880909
0.0772454
0.0660135
0.0543121
0.0420332
0.029032
0.0151123
4e-09
0.17741
0.162455
0.147156
0.131453
0.115269
0.0985088
0.0810477
0.0627244
0.0433234
0.0225516
-1.6e-08
0.234832
0.215036
0.194786
0.174
0.152579
0.130394
0.107282
0.0830277
0.0573469
0.0298515
-6e-09
0.290797
0.266283
0.241208
0.21547
0.188944
0.161473
0.132853
0.102818
0.0710161
0.036967
-6e-09
0.344955
0.315878
0.286134
0.255605
0.22414
0.191553
0.157602
0.121973
0.0842468
0.0438543
-3.6e-08
0.396968
0.363511
0.329287
0.294157
0.25795
0.22045
0.181379
0.140375
0.0969576
0.0504709
4.4e-08
0.446505
0.408887
0.370401
0.330892
0.290168
0.247986
0.204036
0.157911
0.109071
0.0567764
2.4e-08
0.493265
0.451738
0.409233
0.365589
0.320598
0.273995
0.225437
0.174475
0.120511
0.062732
1.4e-08
-2.3202e-07
-6.59e-09
-4.659e-08
-7.59e-09
-7.259e-08
-3.059e-08
-2.359e-08
-1.659e-08
-3.059e-08
-7.059e-08
-6.359e-08
-1.259e-08
-6.759e-08
-4.59e-09
-2.259e-08
-4.159e-08
-1.259e-08
-3.159e-08
-6.019e-08
-5.459e-08
-1.69e-09
-6.509e-08
-4.399e-08
-4.789e-08
8.5e-09
-1.76e-08
-5.6e-08
-3.2e-08
-4e-08
-1.4e-08
-2.7e-08
-7.7e-08
-4.5e-08
-5.9e-08
-6.8e-08
-6e-08
1e-08
-1.80411e-16
-1e-08
-6e-08
0.0707105
0.0707192
0.0709141
0.0710979
0.0712728
0.0714406
0.0716024
0.0717591
0.0719112
0.0720588
0.072202
0.0723406
0.0724741
0.0726022
0.0727242
0.0728394
0.0729469
0.0730458
0.0731348
0.0732127
0.0732779
0.0733284
0.0733622
0.0733765
0.0733682
0.0733337
0.0732683
0.0731667
0.0730219
0.0728255
0.072567
0.0722329
0.0718062
0.0712643
0.070578
0.0697077
0.0685995
0.067178
0.0653354
0.0629127
0.141421
0.141433
0.14181
0.142164
0.142501
0.142823
0.143134
0.143435
0.143727
0.14401
0.144284
0.144549
0.144804
0.145047
0.145279
0.145497
0.1457
0.145886
0.146052
0.146195
0.146313
0.146402
0.146457
0.146473
0.146444
0.146363
0.146219
0.146003
0.1457
0.145295
0.144764
0.144083
0.143216
0.142119
0.140734
0.138981
0.136755
0.133905
0.130221
0.125393
0.212132
0.212137
0.212668
0.213166
0.213638
0.21409
0.214525
0.214945
0.215351
0.215745
0.216126
0.216493
0.216844
0.21718
0.217497
0.217794
0.218068
0.218316
0.218535
0.21872
0.218866
0.218969
0.21902
0.219014
0.218939
0.218785
0.218539
0.218183
0.217697
0.217056
0.216229
0.215174
0.213842
0.212165
0.210056
0.207399
0.204037
0.199751
0.194233
0.187039
0.282843
0.282824
0.28347
0.284073
0.284642
0.285184
0.285704
0.286206
0.286691
0.287159
0.28761
0.288042
0.288455
0.288846
0.289213
0.289552
0.289861
0.290135
0.29037
0.29056
0.290698
0.290778
0.29079
0.290724
0.290566
0.290303
0.289916
0.289383
0.288676
0.287762
0.286599
0.285133
0.283296
0.281001
0.278134
0.274541
0.270017
0.264282
0.256942
0.247439
0.353553
0.353491
0.354198
0.354852
0.355466
0.356048
0.356604
0.357139
0.357653
0.358147
0.35862
0.35907
0.359496
0.359894
0.360263
0.360597
0.360893
0.361146
0.361349
0.361495
0.361578
0.361586
0.361509
0.361334
0.361046
0.360624
0.360047
0.359286
0.358308
0.35707
0.35552
0.353591
0.3512
0.348238
0.344563
0.339991
0.334273
0.327072
0.317926
0.30619
0.424264
0.424131
0.424833
0.425473
0.426066
0.426626
0.427157
0.427664
0.428147
0.428607
0.429042
0.429451
0.429831
0.430178
0.430489
0.430759
0.430982
0.431154
0.431266
0.431309
0.431276
0.431153
0.430928
0.430584
0.430103
0.429462
0.428632
0.427582
0.42627
0.424645
0.422645
0.420191
0.417182
0.41349
0.408951
0.403347
0.396392
0.387705
0.376773
0.362899
0.494975
0.494741
0.495357
0.495903
0.496401
0.496863
0.497296
0.497704
0.498085
0.498441
0.498768
0.499065
0.499328
0.499554
0.499737
0.499872
0.499954
0.499973
0.499924
0.499794
0.499573
0.499248
0.498803
0.498219
0.497473
0.49654
0.495386
0.493973
0.492252
0.490166
0.487641
0.484585
0.480883
0.476388
0.470913
0.464214
0.455974
0.445779
0.433086
0.417184
0.565685
0.565318
0.56575
0.56611
0.566425
0.566706
0.566959
0.567185
0.567384
0.567554
0.567692
0.567797
0.567863
0.567886
0.56786
0.56778
0.567638
0.567426
0.567133
0.566749
0.56626
0.56565
0.564903
0.563995
0.562902
0.561592
0.560029
0.558168
0.555954
0.55332
0.550182
0.546438
0.541956
0.536573
0.530082
0.522215
0.512634
0.500906
0.486482
0.468678
0.636396
0.635861
0.635991
0.636062
0.636097
0.636103
0.636083
0.636037
0.635961
0.635855
0.635714
0.635535
0.635313
0.635043
0.634719
0.634332
0.633876
0.63334
0.632713
0.631982
0.631133
0.630147
0.629005
0.627681
0.626147
0.624368
0.622301
0.619896
0.617092
0.613813
0.609966
0.605435
0.600077
0.593711
0.586114
0.577001
0.566021
0.552737
0.536621
0.517054
0.707107
0.706382
0.706054
0.705723
0.705375
0.705005
0.704612
0.704192
0.703742
0.703259
0.702738
0.702176
0.701567
0.700903
0.700179
0.699387
0.698515
0.697555
0.696493
0.695316
0.694005
0.692541
0.690902
0.689059
0.686981
0.684628
0.681952
0.678899
0.675399
0.671368
0.666705
0.661281
0.654942
0.647495
0.638702
0.628272
0.615851
0.601021
0.583305
0.56218
-2.3202e-07
-6.59e-09
-4.659e-08
-7.59e-09
-7.259e-08
-3.059e-08
-2.359e-08
-1.659e-08
-3.059e-08
-7.059e-08
-6.359e-08
-1.259e-08
-6.759e-08
-4.59e-09
-2.259e-08
-4.159e-08
-1.259e-08
-3.159e-08
-6.019e-08
-5.459e-08
-1.69e-09
-6.509e-08
-4.399e-08
-4.789e-08
8.5e-09
-1.76e-08
-5.6e-08
-3.2e-08
-4e-08
-1.4e-08
-2.7e-08
-7.7e-08
-4.5e-08
-5.9e-08
-6.8e-08
-6e-08
1e-08
-1.80411e-16
-1e-08
-6e-08
0.0707105
0.0707192
0.0709141
0.0710979
0.0712728
0.0714406
0.0716024
0.0717591
0.0719112
0.0720588
0.072202
0.0723406
0.0724741
0.0726022
0.0727242
0.0728394
0.0729469
0.0730458
0.0731348
0.0732127
0.0732779
0.0733284
0.0733622
0.0733765
0.0733682
0.0733337
0.0732683
0.0731667
0.0730219
0.0728255
0.072567
0.0722329
0.0718062
0.0712643
0.070578
0.0697077
0.0685995
0.067178
0.0653354
0.0629127
0.141421
0.141433
0.14181
0.142164
0.142501
0.142823
0.143134
0.143435
0.143727
0.14401
0.144284
0.144549
0.144804
0.145047
0.145279
0.145497
0.1457
0.145886
0.146052
0.146195
0.146313
0.146402
0.146457
0.146473
0.146444
0.146363
0.146219
0.146003
0.1457
0.145295
0.144764
0.144083
0.143216
0.142119
0.140734
0.138981
0.136755
0.133905
0.130221
0.125393
0.212132
0.212137
0.212668
0.213166
0.213638
0.21409
0.214525
0.214945
0.215351
0.215745
0.216126
0.216493
0.216844
0.21718
0.217497
0.217794
0.218068
0.218316
0.218535
0.21872
0.218866
0.218969
0.21902
0.219014
0.218939
0.218785
0.218539
0.218183
0.217697
0.217056
0.216229
0.215174
0.213842
0.212165
0.210056
0.207399
0.204037
0.199751
0.194233
0.187039
0.282843
0.282824
0.28347
0.284073
0.284642
0.285184
0.285704
0.286206
0.286691
0.287159
0.28761
0.288042
0.288455
0.288846
0.289213
0.289552
0.289861
0.290135
0.29037
0.29056
0.290698
0.290778
0.29079
0.290724
0.290566
0.290303
0.289916
0.289383
0.288676
0.287762
0.286599
0.285133
0.283296
0.281001
0.278134
0.274541
0.270017
0.264282
0.256942
0.247439
0.353553
0.353491
0.354198
0.354852
0.355466
0.356048
0.356604
0.357139
0.357653
0.358147
0.35862
0.35907
0.359496
0.359894
0.360263
0.360597
0.360893
0.361146
0.361349
0.361495
0.361578
0.361586
0.361509
0.361334
0.361046
0.360624
0.360047
0.359286
0.358308
0.35707
0.35552
0.353591
0.3512
0.348238
0.344563
0.339991
0.334273
0.327072
0.317926
0.30619
0.424264
0.424131
0.424833
0.425473
0.426066
0.426626
0.427157
0.427664
0.428147
0.428607
0.429042
0.429451
0.429831
0.430178
0.430489
0.430759
0.430982
0.431154
0.431266
0.431309
0.431276
0.431153
0.430928
0.430584
0.430103
0.429462
0.428632
0.427582
0.42627
0.424645
0.422645
0.420191
0.417182
0.41349
0.408951
0.403347
0.396392
0.387705
0.376773
0.362899
0.494975
0.494741
0.495357
0.495903
0.496401
0.496863
0.497296
0.497704
0.498085
0.498441
0.498768
0.499065
0.499328
0.499554
0.499737
0.499872
0.499954
0.499973
0.499924
0.499794
0.499573
0.499248
0.498803
0.498219
0.497473
0.49654
0.495386
0.493973
0.492252
0.490166
0.487641
0.484585
0.480883
0.476388
0.470913
0.464214
0.455974
0.445779
0.433086
0.417184
0.565685
0.565318
0.56575
0.56611
0.566425
0.566706
0.566959
0.567185
0.567384
0.567554
0.567692
0.567797
0.567863
0.567886
0.56786
0.56778
0.567638
0.567426
0.567133
0.566749
0.56626
0.56565
0.564903
0.563995
0.562902
0.561592
0.560029
0.558168
0.555954
0.55332
0.550182
0.546438
0.541956
0.536573
0.530082
0.522215
0.512634
0.500906
0.486482
0.468678
0.636396
0.635861
0.635991
0.636062
0.636097
0.636103
0.636083
0.636037
0.635961
0.635855
0.635714
0.635535
0.635313
0.635043
0.634719
0.634332
0.633876
0.63334
0.632713
0.631982
0.631133
0.630147
0.629005
0.627681
0.626147
0.624368
0.622301
0.619896
0.617092
0.613813
0.609966
0.605435
0.600077
0.593711
0.586114
0.577001
0.566021
0.552737
0.536621
0.517054
0.707107
0.706382
0.706054
0.705723
0.705375
0.705005
0.704612
0.704192
0.703742
0.703259
0.702738
0.702176
0.701567
0.700903
0.700179
0.699387
0.698515
0.697555
0.696493
0.695316
0.694005
0.692541
0.690902
0.689059
0.686981
0.684628
0.681952
0.678899
0.675399
0.671368
0.666705
0.661281
0.654942
0.647495
0.638702
0.628272
0.615851
0.601021
0.583305
0.56218
0.789429
0.788835
0.788391
0.787984
0.787576
0.787154
0.786712
0.786244
0.785746
0.785214
0.784641
0.784024
0.783356
0.782631
0.781839
0.780974
0.780025
0.778979
0.777825
0.776547
0.775127
0.773544
0.771776
0.769792
0.767561
0.765042
0.762189
0.758945
0.755242
0.751
0.74612
0.740484
0.733948
0.726339
0.71745
0.707038
0.694819
0.680478
0.663685
0.644133
0.621626
0.871751
0.871199
0.870707
0.870244
0.869785
0.869316
0.868828
0.868315
0.867771
0.867192
0.866571
0.865902
0.86518
0.864396
0.863543
0.862611
0.86159
0.860468
0.85923
0.857862
0.856344
0.854657
0.852776
0.850671
0.84831
0.845653
0.842655
0.83926
0.835402
0.831007
0.825981
0.820216
0.813584
0.805935
0.797095
0.786867
0.775035
0.761377
0.745688
0.727826
0.707795
0.954074
0.953528
0.953007
0.952502
0.952
0.951488
0.950958
0.950403
0.949817
0.949194
0.948528
0.947812
0.94704
0.946203
0.945293
0.944301
0.943215
0.942023
0.940712
0.939264
0.937662
0.935884
0.933907
0.931701
0.929233
0.926466
0.923354
0.919846
0.91588
0.911384
0.906276
0.900458
0.893819
0.886232
0.877557
0.86764
0.856326
0.843471
0.828969
0.812796
0.795073
1.0364
1.03584
1.0353
1.03476
1.03422
1.03367
1.0331
1.03251
1.03189
1.03122
1.03051
1.02976
1.02894
1.02805
1.02709
1.02605
1.0249
1.02365
1.02227
1.02076
1.01908
1.01723
1.01517
1.01288
1.01033
1.00748
1.00429
1.0007
0.996669
0.992122
0.986989
0.981183
0.974612
0.967171
0.958749
0.949234
0.938523
0.926534
0.913235
0.898678
0.883052
1.11872
1.11815
1.11758
1.11702
1.11645
1.11586
1.11526
1.11464
1.11398
1.11328
1.11253
1.11173
1.11087
1.10995
1.10894
1.10785
1.10665
1.10535
1.10392
1.10234
1.10061
1.09869
1.09657
1.09422
1.09161
1.0887
1.08545
1.08182
1.07776
1.07321
1.0681
1.06236
1.05592
1.04869
1.04058
1.03153
1.02147
1.01037
0.99824
0.98519
0.971436
1.20104
1.20045
1.19987
1.19928
1.19868
1.19807
1.19744
1.19678
1.19609
1.19536
1.19458
1.19375
1.19285
1.19189
1.19084
1.18971
1.18847
1.18712
1.18565
1.18402
1.18224
1.18028
1.17811
1.17571
1.17306
1.17011
1.16684
1.1632
1.15914
1.15462
1.14957
1.14395
1.13768
1.13071
1.12298
1.11443
1.10503
1.0948
1.08379
1.07212
1.06001
1.28336
1.28276
1.28215
1.28154
1.28092
1.28029
1.27963
1.27894
1.27823
1.27747
1.27666
1.2758
1.27487
1.27387
1.2728
1.27163
1.27036
1.26897
1.26746
1.2658
1.26398
1.26198
1.25978
1.25736
1.25468
1.25172
1.24844
1.24481
1.24079
1.23633
1.23139
1.22592
1.21987
1.21319
1.20585
1.19782
1.18909
1.1797
1.16972
1.15929
1.14864
1.36569
1.36507
1.36444
1.36381
1.36317
1.36252
1.36184
1.36113
1.36039
1.3596
1.35877
1.35788
1.35693
1.35591
1.3548
1.35361
1.35231
1.3509
1.34935
1.34767
1.34583
1.34381
1.34159
1.33915
1.33647
1.33351
1.33026
1.32666
1.3227
1.31834
1.31352
1.30823
1.30242
1.29606
1.28913
1.28161
1.27354
1.26494
1.25592
1.24661
1.23721
1.44801
1.44737
1.44674
1.44609
1.44543
1.44476
1.44406
1.44333
1.44257
1.44177
1.44092
1.44001
1.43903
1.43799
1.43686
1.43565
1.43433
1.43289
1.43134
1.42964
1.42778
1.42575
1.42352
1.42109
1.41842
1.41548
1.41226
1.40873
1.40485
1.4006
1.39594
1.39085
1.38529
1.37926
1.37274
1.36574
1.35829
1.35044
1.34229
1.33396
1.32567
1.53033
1.52968
1.52903
1.52838
1.5277
1.52702
1.5263
1.52556
1.52478
1.52396
1.52309
1.52217
1.52118
1.52012
1.51898
1.51775
1.51641
1.51497
1.5134
1.51169
1.50983
1.5078
1.50559
1.50316
1.50052
1.49762
1.49446
1.491
1.48722
1.4831
1.47861
1.47373
1.46845
1.46275
1.45665
1.45014
1.44328
1.43612
1.42875
1.42131
1.41397
1.61265
1.612
1.61134
1.61067
1.60999
1.60929
1.60856
1.60781
1.60702
1.60618
1.6053
1.60437
1.60337
1.6023
1.60115
1.59991
1.59857
1.59712
1.59554
1.59384
1.59198
1.58996
1.58777
1.58537
1.58276
1.57992
1.57683
1.57346
1.56979
1.56582
1.56151
1.55686
1.55185
1.54649
1.54078
1.53475
1.52844
1.52191
1.51526
1.5086
1.50208
1.69497
1.69431
1.69364
1.69297
1.69228
1.69157
1.69084
1.69007
1.68928
1.68844
1.68755
1.6866
1.6856
1.68452
1.68337
1.68212
1.68078
1.67934
1.67777
1.67607
1.67423
1.67223
1.67006
1.66771
1.66515
1.66237
1.65936
1.65609
1.65255
1.64873
1.64461
1.64019
1.63546
1.63043
1.6251
1.61952
1.61373
1.60778
1.60177
1.5958
1.59001
1.7773
1.77663
1.77596
1.77528
1.77458
1.77387
1.77313
1.77236
1.77156
1.77072
1.76982
1.76888
1.76787
1.76679
1.76564
1.7644
1.76306
1.76162
1.76007
1.75839
1.75657
1.7546
1.75247
1.75016
1.74766
1.74496
1.74203
1.73888
1.73547
1.73181
1.72789
1.7237
1.71925
1.71453
1.70958
1.70443
1.69911
1.69369
1.68825
1.68289
1.67774
1.85962
1.85895
1.85828
1.85759
1.8569
1.85618
1.85544
1.85467
1.85387
1.85302
1.85213
1.85119
1.85018
1.84911
1.84796
1.84673
1.84541
1.84398
1.84245
1.84079
1.839
1.83707
1.83498
1.83273
1.8303
1.82767
1.82485
1.82181
1.81855
1.81506
1.81133
1.80737
1.80318
1.79878
1.79418
1.78942
1.78454
1.77961
1.77469
1.76987
1.76527
1.94194
1.94127
1.9406
1.93992
1.93922
1.93851
1.93777
1.937
1.9362
1.93536
1.93447
1.93353
1.93253
1.93147
1.93033
1.92911
1.92781
1.9264
1.92489
1.92326
1.92151
1.91962
1.91759
1.9154
1.91304
1.91051
1.90779
1.90487
1.90176
1.89844
1.89491
1.89117
1.88725
1.88314
1.87888
1.87449
1.87002
1.86552
1.86106
1.85673
1.85261
2.02426
2.0236
2.02293
2.02225
2.02156
2.02085
2.02011
2.01935
2.01856
2.01772
2.01684
2.01591
2.01492
2.01387
2.01275
2.01155
2.01027
2.00889
2.00741
2.00582
2.00411
2.00227
2.00029
1.99817
1.99589
1.99345
1.99084
1.98806
1.98509
1.98194
1.9786
1.97509
1.97142
1.96759
1.96364
1.9596
1.9555
1.95141
1.94737
1.94346
1.93977
2.10659
2.10593
2.10526
2.10459
2.10391
2.1032
2.10248
2.10172
2.10094
2.10011
2.09924
2.09832
2.09735
2.09632
2.09522
2.09404
2.09278
2.09143
2.08999
2.08844
2.08677
2.08499
2.08308
2.08103
2.07884
2.0765
2.074
2.07135
2.06853
2.06554
2.0624
2.05911
2.05568
2.05212
2.04847
2.04474
2.04099
2.03726
2.03359
2.03007
2.02675
2.18891
2.18826
2.1876
2.18694
2.18626
2.18557
2.18485
2.18411
2.18334
2.18253
2.18167
2.18077
2.17982
2.1788
2.17772
2.17657
2.17535
2.17403
2.17263
2.17112
2.16951
2.16779
2.16595
2.16398
2.16188
2.15964
2.15726
2.15473
2.15206
2.14925
2.14629
2.14321
2.14001
2.13671
2.13333
2.1299
2.12647
2.12306
2.11974
2.11656
2.11357
2.27123
2.27059
2.26995
2.2693
2.26863
2.26795
2.26725
2.26652
2.26576
2.26496
2.26413
2.26325
2.26232
2.26133
2.26028
2.25916
2.25796
2.25669
2.25533
2.25387
2.25232
2.25066
2.24889
2.247
2.24499
2.24286
2.24059
2.2382
2.23568
2.23303
2.23026
2.22738
2.2244
2.22134
2.21822
2.21507
2.21192
2.20882
2.20581
2.20293
2.20024
2.35355
2.35293
2.3523
2.35166
2.35101
2.35034
2.34966
2.34894
2.3482
2.34743
2.34661
2.34575
2.34485
2.34389
2.34287
2.34178
2.34063
2.33939
2.33808
2.33668
2.33519
2.33359
2.3319
2.3301
2.32818
2.32615
2.32401
2.32175
2.31937
2.31688
2.31429
2.3116
2.30884
2.306
2.30313
2.30023
2.29736
2.29453
2.29179
2.28919
2.28676
2.43588
2.43527
2.43465
2.43403
2.4334
2.43275
2.43208
2.43139
2.43067
2.42991
2.42912
2.42829
2.42741
2.42648
2.4255
2.42445
2.42333
2.42215
2.42089
2.41954
2.41811
2.41659
2.41497
2.41326
2.41144
2.40952
2.40749
2.40536
2.40313
2.4008
2.39838
2.39588
2.39331
2.39069
2.38804
2.38539
2.38276
2.38018
2.3777
2.37534
2.37315
2.5182
2.51761
2.51701
2.51641
2.5158
2.51517
2.51452
2.51385
2.51315
2.51242
2.51166
2.51085
2.51001
2.50911
2.50816
2.50715
2.50608
2.50495
2.50374
2.50245
2.50109
2.49964
2.4981
2.49648
2.49476
2.49294
2.49104
2.48903
2.48694
2.48477
2.48251
2.48019
2.47782
2.4754
2.47297
2.47053
2.46813
2.46578
2.46353
2.4614
2.45942
2.60052
2.59995
2.59937
2.59879
2.5982
2.59759
2.59697
2.59632
2.59565
2.59495
2.59422
2.59344
2.59263
2.59177
2.59086
2.5899
2.58887
2.58779
2.58664
2.58542
2.58412
2.58274
2.58129
2.57975
2.57813
2.57642
2.57463
2.57276
2.57081
2.56878
2.56669
2.56454
2.56234
2.56012
2.55789
2.55566
2.55347
2.55133
2.54929
2.54736
2.54557
2.68284
2.68229
2.68174
2.68118
2.68062
2.68003
2.67943
2.67881
2.67817
2.6775
2.6768
2.67606
2.67528
2.67446
2.67359
2.67267
2.6717
2.67067
2.66958
2.66842
2.66719
2.6659
2.66452
2.66308
2.66156
2.65996
2.65828
2.65653
2.65472
2.65283
2.6509
2.64891
2.64689
2.64485
2.6428
2.64077
2.63877
2.63683
2.63497
2.63323
2.63162
2.76516
2.76464
2.76411
2.76358
2.76304
2.76248
2.76191
2.76132
2.76071
2.76007
2.7594
2.75869
2.75795
2.75718
2.75635
2.75548
2.75456
2.75359
2.75256
2.75146
2.75031
2.74909
2.7478
2.74645
2.74502
2.74353
2.74197
2.74035
2.73866
2.73692
2.73513
2.7333
2.73145
2.72958
2.72771
2.72585
2.72404
2.72228
2.7206
2.71902
2.71757
2.84749
2.84699
2.84649
2.84598
2.84547
2.84494
2.8444
2.84384
2.84326
2.84265
2.84202
2.84135
2.84065
2.83992
2.83914
2.83832
2.83745
2.83654
2.83557
2.83455
2.83346
2.83232
2.83112
2.82986
2.82853
2.82715
2.8257
2.8242
2.82264
2.82104
2.81939
2.81771
2.81602
2.81431
2.8126
2.81092
2.80927
2.80768
2.80616
2.80474
2.80344
2.92981
2.92934
2.92887
2.92839
2.9279
2.92741
2.9269
2.92637
2.92582
2.92525
2.92465
2.92403
2.92337
2.92268
2.92196
2.92119
2.92038
2.91952
2.91862
2.91766
2.91665
2.91559
2.91448
2.91331
2.91208
2.9108
2.90946
2.90808
2.90665
2.90518
2.90367
2.90214
2.90059
2.89903
2.89749
2.89596
2.89447
2.89303
2.89167
2.89039
2.88922
3.01213
3.01169
3.01125
3.0108
3.01035
3.00988
3.0094
3.00891
3.0084
3.00787
3.00731
3.00673
3.00611
3.00547
3.00479
3.00408
3.00333
3.00253
3.00169
3.00081
2.99987
2.99889
2.99786
2.99678
2.99566
2.99448
2.99325
2.99199
2.99068
2.98934
2.98796
2.98657
2.98516
2.98376
2.98236
2.98098
2.97964
2.97835
2.97712
2.97598
2.97493
3.09445
3.09405
3.09364
3.09322
3.0928
3.09237
3.09192
3.09146
3.09099
3.09049
3.08998
3.08944
3.08887
3.08828
3.08765
3.08699
3.0863
3.08557
3.08479
3.08398
3.08312
3.08222
3.08128
3.08029
3.07926
3.07819
3.07707
3.07592
3.07473
3.07351
3.07227
3.07101
3.06974
3.06847
3.06722
3.06598
3.06478
3.06362
3.06253
3.06151
3.06057
3.17678
3.1764
3.17602
3.17564
3.17525
3.17486
3.17445
3.17403
3.17359
3.17314
3.17266
3.17217
3.17165
3.17111
3.17053
3.16993
3.16929
3.16863
3.16792
3.16718
3.1664
3.16558
3.16472
3.16383
3.16289
3.16192
3.16091
3.15987
3.1588
3.1577
3.15659
3.15546
3.15432
3.15319
3.15206
3.15096
3.14989
3.14886
3.14789
3.14698
3.14616
3.2591
3.25876
3.25841
3.25807
3.25771
3.25735
3.25698
3.2566
3.2562
3.25579
3.25536
3.25491
3.25444
3.25395
3.25343
3.25288
3.25231
3.25171
3.25107
3.2504
3.2497
3.24896
3.24819
3.24738
3.24655
3.24567
3.24477
3.24384
3.24288
3.24191
3.24091
3.23991
3.2389
3.23789
3.23689
3.23592
3.23497
3.23407
3.23321
3.23241
3.23169
3.34142
3.34111
3.34081
3.34049
3.34018
3.33985
3.33952
3.33918
3.33882
3.33845
3.33807
3.33767
3.33725
3.33681
3.33634
3.33585
3.33534
3.3348
3.33424
3.33364
3.33302
3.33236
3.33168
3.33096
3.33022
3.32945
3.32865
3.32782
3.32698
3.32612
3.32524
3.32436
3.32347
3.32259
3.32172
3.32086
3.32004
3.31924
3.3185
3.3178
3.31717
3.42374
3.42347
3.4232
3.42293
3.42265
3.42236
3.42207
3.42177
3.42145
3.42113
3.42079
3.42044
3.42007
3.41968
3.41927
3.41884
3.41839
3.41792
3.41742
3.4169
3.41635
3.41578
3.41518
3.41456
3.41391
3.41323
3.41254
3.41182
3.41109
3.41034
3.40958
3.40881
3.40805
3.40728
3.40653
3.40579
3.40508
3.4044
3.40375
3.40316
3.40261
3.50606
3.50583
3.5056
3.50536
3.50512
3.50487
3.50462
3.50436
3.50409
3.50381
3.50352
3.50321
3.50289
3.50256
3.50221
3.50184
3.50145
3.50105
3.50062
3.50017
3.4997
3.49921
3.4987
3.49816
3.49761
3.49703
3.49644
3.49583
3.4952
3.49457
3.49392
3.49327
3.49262
3.49197
3.49133
3.4907
3.4901
3.48952
3.48898
3.48848
3.48802
3.58839
3.58819
3.588
3.5878
3.58759
3.58739
3.58718
3.58696
3.58673
3.5865
3.58625
3.586
3.58573
3.58545
3.58516
3.58485
3.58453
3.58419
3.58383
3.58346
3.58307
3.58266
3.58223
3.58179
3.58132
3.58084
3.58035
3.57984
3.57933
3.5788
3.57826
3.57772
3.57718
3.57665
3.57612
3.57561
3.57511
3.57463
3.57419
3.57377
3.57339
3.67071
3.67055
3.67039
3.67023
3.67007
3.66991
3.66974
3.66956
3.66938
3.66919
3.66899
3.66879
3.66858
3.66835
3.66812
3.66787
3.66761
3.66734
3.66705
3.66675
3.66644
3.66611
3.66577
3.66542
3.66505
3.66467
3.66427
3.66387
3.66345
3.66303
3.66261
3.66218
3.66175
3.66132
3.66091
3.6605
3.6601
3.65973
3.65937
3.65904
3.65874
3.75303
3.75291
3.7528
3.75267
3.75255
3.75243
3.7523
3.75217
3.75203
3.75189
3.75174
3.75159
3.75143
3.75126
3.75108
3.7509
3.7507
3.7505
3.75028
3.75006
3.74982
3.74958
3.74932
3.74906
3.74878
3.74849
3.7482
3.7479
3.74759
3.74727
3.74695
3.74663
3.74631
3.746
3.74568
3.74538
3.74509
3.74481
3.74454
3.7443
3.74408
3.83535
3.83528
3.8352
3.83512
3.83503
3.83495
3.83486
3.83478
3.83469
3.83459
3.83449
3.83439
3.83428
3.83417
3.83405
3.83393
3.8338
3.83366
3.83352
3.83337
3.83321
3.83305
3.83288
3.8327
3.83252
3.83233
3.83213
3.83193
3.83172
3.83151
3.8313
3.83109
3.83088
3.83067
3.83046
3.83026
3.83006
3.82988
3.8297
3.82954
3.82939
3.91768
3.91764
3.9176
3.91756
3.91752
3.91747
3.91743
3.91739
3.91734
3.91729
3.91725
3.91719
3.91714
3.91708
3.91702
3.91696
3.9169
3.91683
3.91676
3.91668
3.9166
3.91652
3.91644
3.91635
3.91626
3.91616
3.91606
3.91596
3.91586
3.91576
3.91565
3.91554
3.91544
3.91533
3.91523
3.91513
3.91503
3.91494
3.91485
3.91477
3.9147
4
4
4
4
4
4
4
4
4
4
4
4
4
4
4
4
4
4
4
4
4
4
4
4
4
4
4
4
4
4
4
4
4
4
4
4
4
4
4
4
4
0.789429
0.788835
0.788391
0.787984
0.787576
0.787154
0.786712
0.786244
0.785746
0.785214
0.784641
0.784024
0.783356
0.782631
0.781839
0.780974
0.780025
0.778979
0.777825
0.776547
0.775127
0.773544
0.771776
0.769792
0.767561
0.765042
0.762189
0.758945
0.755242
0.751
0.74612
0.740484
0.733948
0.726339
0.71745
0.707038
0.694819
0.680478
0.663685
0.644133
0.621626
0.871751
0.871199
0.870707
0.870244
0.869785
0.869316
0.868828
0.868315
0.867771
0.867192
0.866571
0.865902
0.86518
0.864396
0.863543
0.862611
0.86159
0.860468
0.85923
0.857862
0.856344
0.854657
0.852776
0.850671
0.84831
0.845653
0.842655
0.83926
0.835402
0.831007
0.825981
0.820216
0.813584
0.805935
0.797095
0.786867
0.775035
0.761377
0.745688
0.727826
0.707795
0.954074
0.953528
0.953007
0.952502
0.952
0.951488
0.950958
0.950403
0.949817
0.949194
0.948528
0.947812
0.94704
0.946203
0.945293
0.944301
0.943215
0.942023
0.940712
0.939264
0.937662
0.935884
0.933907
0.931701
0.929233
0.926466
0.923354
0.919846
0.91588
0.911384
0.906276
0.900458
0.893819
0.886232
0.877557
0.86764
0.856326
0.843471
0.828969
0.812796
0.795073
1.0364
1.03584
1.0353
1.03476
1.03422
1.03367
1.0331
1.03251
1.03189
1.03122
1.03051
1.02976
1.02894
1.02805
1.02709
1.02605
1.0249
1.02365
1.02227
1.02076
1.01908
1.01723
1.01517
1.01288
1.01033
1.00748
1.00429
1.0007
0.996669
0.992122
0.986989
0.981183
0.974612
0.967171
0.958749
0.949234
0.938523
0.926534
0.913235
0.898678
0.883052
1.11872
1.11815
1.11758
1.11702
1.11645
1.11586
1.11526
1.11464
1.11398
1.11328
1.11253
1.11173
1.11087
1.10995
1.10894
1.10785
1.10665
1.10535
1.10392
1.10234
1.10061
1.09869
1.09657
1.09422
1.09161
1.0887
1.08545
1.08182
1.07776
1.07321
1.0681
1.06236
1.05592
1.04869
1.04058
1.03153
1.02147
1.01037
0.99824
0.98519
0.971436
1.20104
1.20045
1.19987
1.19928
1.19868
1.19807
1.19744
1.19678
1.19609
1.19536
1.19458
1.19375
1.19285
1.19189
1.19084
1.18971
1.18847
1.18712
1.18565
1.18402
1.18224
1.18028
1.17811
1.17571
1.17306
1.17011
1.16684
1.1632
1.15914
1.15462
1.14957
1.14395
1.13768
1.13071
1.12298
1.11443
1.10503
1.0948
1.08379
1.07212
1.06001
1.28336
1.28276
1.28215
1.28154
1.28092
1.28029
1.27963
1.27894
1.27823
1.27747
1.27666
1.2758
1.27487
1.27387
1.2728
1.27163
1.27036
1.26897
1.26746
1.2658
1.26398
1.26198
1.25978
1.25736
1.25468
1.25172
1.24844
1.24481
1.24079
1.23633
1.23139
1.22592
1.21987
1.21319
1.20585
1.19782
1.18909
1.1797
1.16972
1.15929
1.14864
1.36569
1.36507
1.36444
1.36381
1.36317
1.36252
1.36184
1.36113
1.36039
1.3596
1.35877
1.35788
1.35693
1.35591
1.3548
1.35361
1.35231
1.3509
1.34935
1.34767
1.34583
1.34381
1.34159
1.33915
1.33647
1.33351
1.33026
1.32666
1.3227
1.31834
1.31352
1.30823
1.30242
1.29606
1.28913
1.28161
1.27354
1.26494
1.25592
1.24661
1.23721
1.44801
1.44737
1.44674
1.44609
1.44543
1.44476
1.44406
1.44333
1.44257
1.44177
1.44092
1.44001
1.43903
1.43799
1.43686
1.43565
1.43433
1.43289
1.43134
1.42964
1.42778
1.42575
1.42352
1.42109
1.41842
1.41548
1.41226
1.40873
1.40485
1.4006
1.39594
1.39085
1.38529
1.37926
1.37274
1.36574
1.35829
1.35044
1.34229
1.33396
1.32567
1.53033
1.52968
1.52903
1.52838
1.5277
1.52702
1.5263
1.52556
1.52478
1.52396
1.52309
1.52217
1.52118
1.52012
1.51898
1.51775
1.51641
1.51497
1.5134
1.51169
1.50983
1.5078
1.50559
1.50316
1.50052
1.49762
1.49446
1.491
1.48722
1.4831
1.47861
1.47373
1.46845
1.46275
1.45665
1.45014
1.44328
1.43612
1.42875
1.42131
1.41397
1.61265
1.612
1.61134
1.61067
1.60999
1.60929
1.60856
1.60781
1.60702
1.60618
1.6053
1.60437
1.60337
1.6023
1.60115
1.59991
1.59857
1.59712
1.59554
1.59384
1.59198
1.58996
1.58777
1.58537
1.58276
1.57992
1.57683
1.57346
1.56979
1.56582
1.56151
1.55686
1.55185
1.54649
1.54078
1.53475
1.52844
1.52191
1.51526
1.5086
1.50208
1.69497
1.69431
1.69364
1.69297
1.69228
1.69157
1.69084
1.69007
1.68928
1.68844
1.68755
1.6866
1.6856
1.68452
1.68337
1.68212
1.68078
1.67934
1.67777
1.67607
1.67423
1.67223
1.67006
1.66771
1.66515
1.66237
1.65936
1.65609
1.65255
1.64873
1.64461
1.64019
1.63546
1.63043
1.6251
1.61952
1.61373
1.60778
1.60177
1.5958
1.59001
1.7773
1.77663
1.77596
1.77528
1.77458
1.77387
1.77313
1.77236
1.77156
1.77072
1.76982
1.76888
1.76787
1.76679
1.76564
1.7644
1.76306
1.76162
1.76007
1.75839
1.75657
1.7546
1.75247
1.75016
1.74766
1.74496
1.74203
1.73888
1.73547
1.73181
1.72789
1.7237
1.71925
1.71453
1.70958
1.70443
1.69911
1.69369
1.68825
1.68289
1.67774
1.85962
1.85895
1.85828
1.85759
1.8569
1.85618
1.85544
1.85467
1.85387
1.85302
1.85213
1.85119
1.85018
1.84911
1.84796
1.84673
1.84541
1.84398
1.84245
1.84079
1.839
1.83707
1.83498
1.83273
1.8303
1.82767
1.82485
1.82181
1.81855
1.81506
1.81133
1.80737
1.80318
1.79878
1.79418
1.78942
1.78454
1.77961
1.77469
1.76987
1.76527
1.94194
1.94127
1.9406
1.93992
1.93922
1.93851
1.93777
1.937
1.9362
1.93536
1.93447
1.93353
1.93253
1.93147
1.93033
1.92911
1.92781
1.9264
1.92489
1.92326
1.92151
1.91962
1.91759
1.9154
1.91304
1.91051
1.90779
1.90487
1.90176
1.89844
1.89491
1.89117
1.88725
1.88314
1.87888
1.87449
1.87002
1.86552
1.86106
1.85673
1.85261
2.02426
2.0236
2.02293
2.02225
2.02156
2.02085
2.02011
2.01935
2.01856
2.01772
2.01684
2.01591
2.01492
2.01387
2.01275
2.01155
2.01027
2.00889
2.00741
2.00582
2.00411
2.00227
2.00029
1.99817
1.99589
1.99345
1.99084
1.98806
1.98509
1.98194
1.9786
1.97509
1.97142
1.96759
1.96364
1.9596
1.9555
1.95141
1.94737
1.94346
1.93977
2.10659
2.10593
2.10526
2.10459
2.10391
2.1032
2.10248
2.10172
2.10094
2.10011
2.09924
2.09832
2.09735
2.09632
2.09522
2.09404
2.09278
2.09143
2.08999
2.08844
2.08677
2.08499
2.08308
2.08103
2.07884
2.0765
2.074
2.07135
2.06853
2.06554
2.0624
2.05911
2.05568
2.05212
2.04847
2.04474
2.04099
2.03726
2.03359
2.03007
2.02675
2.18891
2.18826
2.1876
2.18694
2.18626
2.18557
2.18485
2.18411
2.18334
2.18253
2.18167
2.18077
2.17982
2.1788
2.17772
2.17657
2.17535
2.17403
2.17263
2.17112
2.16951
2.16779
2.16595
2.16398
2.16188
2.15964
2.15726
2.15473
2.15206
2.14925
2.14629
2.14321
2.14001
2.13671
2.13333
2.1299
2.12647
2.12306
2.11974
2.11656
2.11357
2.27123
2.27059
2.26995
2.2693
2.26863
2.26795
2.26725
2.26652
2.26576
2.26496
2.26413
2.26325
2.26232
2.26133
2.26028
2.25916
2.25796
2.25669
2.25533
2.25387
2.25232
2.25066
2.24889
2.247
2.24499
2.24286
2.24059
2.2382
2.23568
2.23303
2.23026
2.22738
2.2244
2.22134
2.21822
2.21507
2.21192
2.20882
2.20581
2.20293
2.20024
2.35355
2.35293
2.3523
2.35166
2.35101
2.35034
2.34966
2.34894
2.3482
2.34743
2.34661
2.34575
2.34485
2.34389
2.34287
2.34178
2.34063
2.33939
2.33808
2.33668
2.33519
2.33359
2.3319
2.3301
2.32818
2.32615
2.32401
2.32175
2.31937
2.31688
2.31429
2.3116
2.30884
2.306
2.30313
2.30023
2.29736
2.29453
2.29179
2.28919
2.28676
2.43588
2.43527
2.43465
2.43403
2.4334
2.43275
2.43208
2.43139
2.43067
2.42991
2.42912
2.42829
2.42741
2.42648
2.4255
2.42445
2.42333
2.42215
2.42089
2.41954
2.41811
2.41659
2.41497
2.41326
2.41144
2.40952
2.40749
2.40536
2.40313
2.4008
2.39838
2.39588
2.39331
2.39069
2.38804
2.38539
2.38276
2.38018
2.3777
2.37534
2.37315
2.5182
2.51761
2.51701
2.51641
2.5158
2.51517
2.51452
2.51385
2.51315
2.51242
2.51166
2.51085
2.51001
2.50911
2.50816
2.50715
2.50608
2.50495
2.50374
2.50245
2.50109
2.49964
2.4981
2.49648
2.49476
2.49294
2.49104
2.48903
2.48694
2.48477
2.48251
2.48019
2.47782
2.4754
2.47297
2.47053
2.46813
2.46578
2.46353
2.4614
2.45942
2.60052
2.59995
2.59937
2.59879
2.5982
2.59759
2.59697
2.59632
2.59565
2.59495
2.59422
2.59344
2.59263
2.59177
2.59086
2.5899
2.58887
2.58779
2.58664
2.58542
2.58412
2.58274
2.58129
2.57975
2.57813
2.57642
2.57463
2.57276
2.57081
2.56878
2.56669
2.56454
2.56234
2.56012
2.55789
2.55566
2.55347
2.55133
2.54929
2.54736
2.54557
2.68284
2.68229
2.68174
2.68118
2.68062
2.68003
2.67943
2.67881
2.67817
2.6775
2.6768
2.67606
2.67528
2.67446
2.67359
2.67267
2.6717
2.67067
2.66958
2.66842
2.66719
2.6659
2.66452
2.66308
2.66156
2.65996
2.65828
2.65653
2.65472
2.65283
2.6509
2.64891
2.64689
2.64485
2.6428
2.64077
2.63877
2.63683
2.63497
2.63323
2.63162
2.76516
2.76464
2.76411
2.76358
2.76304
2.76248
2.76191
2.76132
2.76071
2.76007
2.7594
2.75869
2.75795
2.75718
2.75635
2.75548
2.75456
2.75359
2.75256
2.75146
2.75031
2.74909
2.7478
2.74645
2.74502
2.74353
2.74197
2.74035
2.73866
2.73692
2.73513
2.7333
2.73145
2.72958
2.72771
2.72585
2.72404
2.72228
2.7206
2.71902
2.71757
2.84749
2.84699
2.84649
2.84598
2.84547
2.84494
2.8444
2.84384
2.84326
2.84265
2.84202
2.84135
2.84065
2.83992
2.83914
2.83832
2.83745
2.83654
2.83557
2.83455
2.83346
2.83232
2.83112
2.82986
2.82853
2.82715
2.8257
2.8242
2.82264
2.82104
2.81939
2.81771
2.81602
2.81431
2.8126
2.81092
2.80927
2.80768
2.80616
2.80474
2.80344
2.92981
2.92934
2.92887
2.92839
2.9279
2.92741
2.9269
2.92637
2.92582
2.92525
2.92465
2.92403
2.92337
2.92268
2.92196
2.92119
2.92038
2.91952
2.91862
2.91766
2.91665
2.91559
2.91448
2.91331
2.91208
2.9108
2.90946
2.90808
2.90665
2.90518
2.90367
2.90214
2.90059
2.89903
2.89749
2.89596
2.89447
2.89303
2.89167
2.89039
2.88922
3.01213
3.01169
3.01125
3.0108
3.01035
3.00988
3.0094
3.00891
3.0084
3.00787
3.00731
3.00673
3.00611
3.00547
3.00479
3.00408
3.00333
3.00253
3.00169
3.00081
2.99987
2.99889
2.99786
2.99678
2.99566
2.99448
2.99325
2.99199
2.99068
2.98934
2.98796
2.98657
2.98516
2.98376
2.98236
2.98098
2.97964
2.97835
2.97712
2.97598
2.97493
3.09445
3.09405
3.09364
3.09322
3.0928
3.09237
3.09192
3.09146
3.09099
3.09049
3.08998
3.08944
3.08887
3.08828
3.08765
3.08699
3.0863
3.08557
3.08479
3.08398
3.08312
3.08222
3.08128
3.08029
3.07926
3.07819
3.07707
3.07592
3.07473
3.07351
3.07227
3.07101
3.06974
3.06847
3.06722
3.06598
3.06478
3.06362
3.06253
3.06151
3.06057
3.17678
3.1764
3.17602
3.17564
3.17525
3.17486
3.17445
3.17403
3.17359
3.17314
3.17266
3.17217
3.17165
3.17111
3.17053
3.16993
3.16929
3.16863
3.16792
3.16718
3.1664
3.16558
3.16472
3.16383
3.16289
3.16192
3.16091
3.15987
3.1588
3.1577
3.15659
3.15546
3.15432
3.15319
3.15206
3.15096
3.14989
3.14886
3.14789
3.14698
3.14616
3.2591
3.25876
3.25841
3.25807
3.25771
3.25735
3.25698
3.2566
3.2562
3.25579
3.25536
3.25491
3.25444
3.25395
3.25343
3.25288
3.25231
3.25171
3.25107
3.2504
3.2497
3.24896
3.24819
3.24738
3.24655
3.24567
3.24477
3.24384
3.24288
3.24191
3.24091
3.23991
3.2389
3.23789
3.23689
3.23592
3.23497
3.23407
3.23321
3.23241
3.23169
3.34142
3.34111
3.34081
3.34049
3.34018
3.33985
3.33952
3.33918
3.33882
3.33845
3.33807
3.33767
3.33725
3.33681
3.33634
3.33585
3.33534
3.3348
3.33424
3.33364
3.33302
3.33236
3.33168
3.33096
3.33022
3.32945
3.32865
3.32782
3.32698
3.32612
3.32524
3.32436
3.32347
3.32259
3.32172
3.32086
3.32004
3.31924
3.3185
3.3178
3.31717
3.42374
3.42347
3.4232
3.42293
3.42265
3.42236
3.42207
3.42177
3.42145
3.42113
3.42079
3.42044
3.42007
3.41968
3.41927
3.41884
3.41839
3.41792
3.41742
3.4169
3.41635
3.41578
3.41518
3.41456
3.41391
3.41323
3.41254
3.41182
3.41109
3.41034
3.40958
3.40881
3.40805
3.40728
3.40653
3.40579
3.40508
3.4044
3.40375
3.40316
3.40261
3.50606
3.50583
3.5056
3.50536
3.50512
3.50487
3.50462
3.50436
3.50409
3.50381
3.50352
3.50321
3.50289
3.50256
3.50221
3.50184
3.50145
3.50105
3.50062
3.50017
3.4997
3.49921
3.4987
3.49816
3.49761
3.49703
3.49644
3.49583
3.4952
3.49457
3.49392
3.49327
3.49262
3.49197
3.49133
3.4907
3.4901
3.48952
3.48898
3.48848
3.48802
3.58839
3.58819
3.588
3.5878
3.58759
3.58739
3.58718
3.58696
3.58673
3.5865
3.58625
3.586
3.58573
3.58545
3.58516
3.58485
3.58453
3.58419
3.58383
3.58346
3.58307
3.58266
3.58223
3.58179
3.58132
3.58084
3.58035
3.57984
3.57933
3.5788
3.57826
3.57772
3.57718
3.57665
3.57612
3.57561
3.57511
3.57463
3.57419
3.57377
3.57339
3.67071
3.67055
3.67039
3.67023
3.67007
3.66991
3.66974
3.66956
3.66938
3.66919
3.66899
3.66879
3.66858
3.66835
3.66812
3.66787
3.66761
3.66734
3.66705
3.66675
3.66644
3.66611
3.66577
3.66542
3.66505
3.66467
3.66427
3.66387
3.66345
3.66303
3.66261
3.66218
3.66175
3.66132
3.66091
3.6605
3.6601
3.65973
3.65937
3.65904
3.65874
3.75303
3.75291
3.7528
3.75267
3.75255
3.75243
3.7523
3.75217
3.75203
3.75189
3.75174
3.75159
3.75143
3.75126
3.75108
3.7509
3.7507
3.7505
3.75028
3.75006
3.74982
3.74958
3.74932
3.74906
3.74878
3.74849
3.7482
3.7479
3.74759
3.74727
3.74695
3.74663
3.74631
3.746
3.74568
3.74538
3.74509
3.74481
3.74454
3.7443
3.74408
3.83535
3.83528
3.8352
3.83512
3.83503
3.83495
3.83486
3.83478
3.83469
3.83459
3.83449
3.83439
3.83428
3.83417
3.83405
3.83393
3.8338
3.83366
3.83352
3.83337
3.83321
3.83305
3.83288
3.8327
3.83252
3.83233
3.83213
3.83193
3.83172
3.83151
3.8313
3.83109
3.83088
3.83067
3.83046
3.83026
3.83006
3.82988
3.8297
3.82954
3.82939
3.91768
3.91764
3.9176
3.91756
3.91752
3.91747
3.91743
3.91739
3.91734
3.91729
3.91725
3.91719
3.91714
3.91708
3.91702
3.91696
3.9169
3.91683
3.91676
3.91668
3.9166
3.91652
3.91644
3.91635
3.91626
3.91616
3.91606
3.91596
3.91586
3.91576
3.91565
3.91554
3.91544
3.91533
3.91523
3.91513
3.91503
3.91494
3.91485
3.91477
3.9147
4
4
4
4
4
4
4
4
4
4
4
4
4
4
4
4
4
4
4
4
4
4
4
4
4
4
4
4
4
4
4
4
4
4
4
4
4
4
4
4
4
0.663454
0.701819
0.736335
0.76676
0.792874
0.814491
0.831462
0.843667
0.851021
0.750536
0.789752
0.825031
0.856135
0.882839
0.904951
0.922314
0.934803
0.942329
0.838243
0.877836
0.913448
0.944838
0.971785
0.994095
1.01161
1.02421
1.0318
0.926269
0.965876
1.00149
1.03287
1.0598
1.08209
1.09959
1.11217
1.11976
1.0144
1.05374
1.0891
1.12025
1.14697
1.16908
1.18644
1.19892
1.20643
1.10248
1.14134
1.17626
1.207
1.23337
1.25519
1.27231
1.28462
1.29204
1.19043
1.22864
1.26297
1.29318
1.3191
1.34053
1.35735
1.36944
1.37672
1.27818
1.31562
1.34924
1.37883
1.4042
1.42519
1.44165
1.45348
1.46061
1.3657
1.40227
1.4351
1.464
1.48877
1.50925
1.52532
1.53686
1.54382
1.45297
1.4886
1.52058
1.54872
1.57284
1.59278
1.60842
1.61966
1.62643
1.54
1.57462
1.6057
1.63303
1.65646
1.67584
1.69103
1.70195
1.70853
1.62678
1.66035
1.69048
1.71698
1.7397
1.75848
1.77321
1.78379
1.79017
1.71332
1.7458
1.77496
1.8006
1.82258
1.84075
1.855
1.86524
1.8714
1.79964
1.831
1.85916
1.88392
1.90514
1.92268
1.93644
1.94633
1.95228
1.88574
1.91596
1.9431
1.96696
1.98741
2.00432
2.01758
2.0271
2.03284
1.97163
2.00071
2.0268
2.04975
2.06942
2.08568
2.09843
2.1076
2.11312
2.05734
2.08524
2.11029
2.13232
2.1512
2.16681
2.17905
2.18784
2.19314
2.14287
2.16959
2.19358
2.21468
2.23276
2.24771
2.25943
2.26786
2.27293
2.22823
2.25377
2.27669
2.29686
2.31413
2.32842
2.33962
2.34767
2.35252
2.31345
2.33779
2.35964
2.37886
2.39533
2.40895
2.41963
2.4273
2.43192
2.39852
2.42167
2.44244
2.46071
2.47637
2.48932
2.49947
2.50676
2.51116
2.48347
2.50541
2.5251
2.54242
2.55726
2.56954
2.57916
2.58608
2.59024
2.5683
2.58903
2.60763
2.624
2.63803
2.64963
2.65872
2.66526
2.66919
2.65302
2.67253
2.69005
2.70547
2.71868
2.7296
2.73816
2.74432
2.74802
2.73764
2.75594
2.77237
2.78683
2.79922
2.80946
2.81749
2.82326
2.82674
2.82217
2.83926
2.8546
2.86809
2.87966
2.88922
2.89672
2.90211
2.90536
2.90662
2.92249
2.93674
2.94927
2.96001
2.9689
2.97586
2.98087
2.98388
2.99099
3.00564
3.0188
3.03037
3.04029
3.04849
3.05492
3.05955
3.06233
3.0753
3.08873
3.10079
3.1114
3.1205
3.12802
3.13391
3.13815
3.1407
3.15954
3.17176
3.18272
3.19237
3.20064
3.20748
3.21284
3.21669
3.21901
3.24373
3.25473
3.2646
3.27328
3.28073
3.28688
3.29171
3.29518
3.29727
3.32788
3.33765
3.34643
3.35415
3.36076
3.36624
3.37053
3.37361
3.37547
3.41198
3.42053
3.42821
3.43497
3.44076
3.44555
3.4493
3.452
3.45363
3.49605
3.50338
3.50996
3.51575
3.52072
3.52482
3.52804
3.53036
3.53175
3.58009
3.58619
3.59168
3.59651
3.60064
3.60407
3.60675
3.60868
3.60984
3.6641
3.66898
3.67337
3.67723
3.68054
3.68328
3.68543
3.68697
3.6879
3.74809
3.75176
3.75505
3.75794
3.76043
3.76248
3.76409
3.76525
3.76594
3.83207
3.83451
3.83671
3.83864
3.84029
3.84166
3.84273
3.84351
3.84397
3.91604
3.91726
3.91835
3.91932
3.92015
3.92083
3.92137
3.92176
3.92199
4
4
4
4
4
4
4
4
4
0.663454
0.701819
0.736335
0.76676
0.792874
0.814491
0.831462
0.843667
0.851021
0.750536
0.789752
0.825031
0.856135
0.882839
0.904951
0.922314
0.934803
0.942329
0.838243
0.877836
0.913448
0.944838
0.971785
0.994095
1.01161
1.02421
1.0318
0.926269
0.965876
1.00149
1.03287
1.0598
1.08209
1.09959
1.11217
1.11976
1.0144
1.05374
1.0891
1.12025
1.14697
1.16908
1.18644
1.19892
1.20643
1.10248
1.14134
1.17626
1.207
1.23337
1.25519
1.27231
1.28462
1.29204
1.19043
1.22864
1.26297
1.29318
1.3191
1.34053
1.35735
1.36944
1.37672
1.27818
1.31562
1.34924
1.37883
1.4042
1.42519
1.44165
1.45348
1.46061
1.3657
1.40227
1.4351
1.464
1.48877
1.50925
1.52532
1.53686
1.54382
1.45297
1.4886
1.52058
1.54872
1.57284
1.59278
1.60842
1.61966
1.62643
1.54
1.57462
1.6057
1.63303
1.65646
1.67584
1.69103
1.70195
1.70853
1.62678
1.66035
1.69048
1.71698
1.7397
1.75848
1.77321
1.78379
1.79017
1.71332
1.7458
1.77496
1.8006
1.82258
1.84075
1.855
1.86524
1.8714
1.79964
1.831
1.85916
1.88392
1.90514
1.92268
1.93644
1.94633
1.95228
1.88574
1.91596
1.9431
1.96696
1.98741
2.00432
2.01758
2.0271
2.03284
1.97163
2.00071
2.0268
2.04975
2.06942
2.08568
2.09843
2.1076
2.11312
2.05734
2.08524
2.11029
2.13232
2.1512
2.16681
2.17905
2.18784
2.19314
2.14287
2.16959
2.19358
2.21468
2.23276
2.24771
2.25943
2.26786
2.27293
2.22823
2.25377
2.27669
2.29686
2.31413
2.32842
2.33962
2.34767
2.35252
2.31345
2.33779
2.35964
2.37886
2.39533
2.40895
2.41963
2.4273
2.43192
2.39852
2.42167
2.44244
2.46071
2.47637
2.48932
2.49947
2.50676
2.51116
2.48347
2.50541
2.5251
2.54242
2.55726
2.56954
2.57916
2.58608
2.59024
2.5683
2.58903
2.60763
2.624
2.63803
2.64963
2.65872
2.66526
2.66919
2.65302
2.67253
2.69005
2.70547
2.71868
2.7296
2.73816
2.74432
2.74802
2.73764
2.75594
2.77237
2.78683
2.79922
2.80946
2.81749
2.82326
2.82674
2.82217
2.83926
2.8546
2.86809
2.87966
2.88922
2.89672
2.90211
2.90536
2.90662
2.92249
2.93674
2.94927
2.96001
2.9689
2.97586
2.98087
2.98388
2.99099
3.00564
3.0188
3.03037
3.04029
3.04849
3.05492
3.05955
3.06233
3.0753
3.08873
3.10079
3.1114
3.1205
3.12802
3.13391
3.13815
3.1407
3.15954
3.17176
3.18272
3.19237
3.20064
3.20748
3.21284
3.21669
3.21901
3.24373
3.25473
3.2646
3.27328
3.28073
3.28688
3.29171
3.29518
3.29727
3.32788
3.33765
3.34643
3.35415
3.36076
3.36624
3.37053
3.37361
3.37547
3.41198
3.42053
3.42821
3.43497
3.44076
3.44555
3.4493
3.452
3.45363
3.49605
3.50338
3.50996
3.51575
3.52072
3.52482
3.52804
3.53036
3.53175
3.58009
3.58619
3.59168
3.59651
3.60064
3.60407
3.60675
3.60868
3.60984
3.6641
3.66898
3.67337
3.67723
3.68054
3.68328
3.68543
3.68697
3.6879
3.74809
3.75176
3.75505
3.75794
3.76043
3.76248
3.76409
3.76525
3.76594
3.83207
3.83451
3.83671
3.83864
3.84029
3.84166
3.84273
3.84351
3.84397
3.91604
3.91726
3.91835
3.91932
3.92015
3.92083
3.92137
3.92176
3.92199
4
4
4
4
4
4
4
4
4
)
;

boundaryField
{
    down
    {
        type            symmetryPlane;
    }
    right
    {
        type            calculated;
    }
    up
    {
        type            symmetryPlane;
    }
    left
    {
        type            calculated;
    }
    cylinder
    {
        type            symmetry;
    }
    defaultFaces
    {
        type            empty;
    }
}


// ************************************************************************* //
