#Tiempo [fms]     Densidad [gr_cc]
50100 0.0671533430594784
50200 0.0671533430594784
50300 0.0671533430594784
50400 0.0671533430594784
50500 0.0671533430594784
50600 0.0671533430594784
50700 0.0671533430594784
50800 0.0671533430594784
50900 0.0671533430594784
51000 0.0671533430594784
51100 0.0671533430594784
51200 0.0671533430594784
51300 0.0671533430594784
51400 0.0671533430594784
51500 0.0671533430594784
51600 0.0671533430594784
51700 0.0671533430594784
51800 0.0671533430594784
51900 0.0671533430594784
52000 0.0671533430594784
52100 0.0671533430594784
52200 0.0671533430594784
52300 0.0671533430594784
52400 0.0671533430594784
52500 0.0671533430594784
52600 0.0671533430594784
52700 0.0671533430594784
52800 0.0671533430594784
52900 0.0671533430594784
53000 0.0671533430594784
53100 0.0671533430594784
53200 0.0671533430594784
53300 0.0671533430594784
53400 0.0671533430594784
53500 0.0671533430594784
53600 0.0671533430594784
53700 0.0671533430594784
53800 0.0671533430594784
53900 0.0671533430594784
54000 0.0671533430594784
54100 0.0671533430594784
54200 0.0671533430594784
54300 0.0671533430594784
54400 0.0671533430594784
54500 0.0671533430594784
54600 0.0671533430594784
54700 0.0671533430594784
54800 0.0671533430594784
54900 0.0671533430594784
55000 0.0671533430594784
55100 0.0671533430594784
55200 0.0671533430594784
55300 0.0671533430594784
55400 0.0671533430594784
55500 0.0671533430594784
55600 0.0671533430594784
55700 0.0671533430594784
55800 0.0671533430594784
55900 0.0671533430594784
56000 0.0671533430594784
56100 0.0671533430594784
56200 0.0671533430594784
56300 0.0671533430594784
56400 0.0671533430594784
56500 0.0671533430594784
56600 0.0671533430594784
56700 0.0671533430594784
56800 0.0671533430594784
56900 0.0671533430594784
57000 0.0671533430594784
57100 0.0671533430594784
57200 0.0671533430594784
57300 0.0671533430594784
57400 0.0671533430594784
57500 0.0671533430594784
57600 0.0671533430594784
57700 0.0671533430594784
57800 0.0671533430594784
57900 0.0671533430594784
58000 0.0671533430594784
58100 0.0671533430594784
58200 0.0671533430594784
58300 0.0671533430594784
58400 0.0671533430594784
58500 0.0671533430594784
58600 0.0671533430594784
58700 0.0671533430594784
58800 0.0671533430594784
58900 0.0671533430594784
59000 0.0671533430594784
59100 0.0671533430594784
59200 0.0671533430594784
59300 0.0671533430594784
59400 0.0671533430594784
59500 0.0671533430594784
59600 0.0671533430594784
59700 0.0671533430594784
59800 0.0671533430594784
59900 0.0671533430594784
60000 0.0671533430594784
60100 0.0671533430594784
60200 0.0671533430594784
60300 0.0671533430594784
60400 0.0671533430594784
60500 0.0671533430594784
60600 0.0671533430594784
60700 0.0671533430594784
60800 0.0671533430594784
60900 0.0671533430594784
61000 0.0671533430594784
61100 0.0671533430594784
61200 0.0671533430594784
61300 0.0671533430594784
61400 0.0671533430594784
61500 0.0671533430594784
61600 0.0671533430594784
61700 0.0671533430594784
61800 0.0671533430594784
61900 0.0671533430594784
62000 0.0671533430594784
62100 0.0671533430594784
62200 0.0671533430594784
62300 0.0671533430594784
62400 0.0671533430594784
62500 0.0671533430594784
62600 0.0671533430594784
62700 0.0671533430594784
62800 0.0671533430594784
62900 0.0671533430594784
63000 0.0671533430594784
63100 0.0671533430594784
63200 0.0671533430594784
63300 0.0671533430594784
63400 0.0671533430594784
63500 0.0671533430594784
63600 0.0671533430594784
63700 0.0671533430594784
63800 0.0671533430594784
63900 0.0671533430594784
64000 0.0671533430594784
64100 0.0671533430594784
64200 0.0671533430594784
64300 0.0671533430594784
64400 0.0671533430594784
64500 0.0671533430594784
64600 0.0671533430594784
64700 0.0671533430594784
64800 0.0671533430594784
64900 0.0671533430594784
65000 0.0671533430594784
65100 0.0671533430594784
65200 0.0671533430594784
65300 0.0671533430594784
65400 0.0671533430594784
65500 0.0671533430594784
65600 0.0671533430594784
65700 0.0671533430594784
65800 0.0671533430594784
65900 0.0671533430594784
66000 0.0671533430594784
66100 0.0671533430594784
66200 0.0671533430594784
66300 0.0671533430594784
66400 0.0671533430594784
66500 0.0671533430594784
66600 0.0671533430594784
66700 0.0671533430594784
66800 0.0671533430594784
66900 0.0671533430594784
67000 0.0671533430594784
67100 0.0671533430594784
67200 0.0671533430594784
67300 0.0671533430594784
67400 0.0671533430594784
67500 0.0671533430594784
67600 0.0671533430594784
67700 0.0671533430594784
67800 0.0671533430594784
67900 0.0671533430594784
68000 0.0671533430594784
68100 0.0671533430594784
68200 0.0671533430594784
68300 0.0671533430594784
68400 0.0671533430594784
68500 0.0671533430594784
68600 0.0671533430594784
68700 0.0671533430594784
68800 0.0671533430594784
68900 0.0671533430594784
69000 0.0671533430594784
69100 0.0671533430594784
69200 0.0671533430594784
69300 0.0671533430594784
69400 0.0671533430594784
69500 0.0671533430594784
69600 0.0671533430594784
69700 0.0671533430594784
69800 0.0671533430594784
69900 0.0671533430594784
70000 0.0671533430594784
70100 0.0671533430594784
70200 0.0671533430594784
70300 0.0671533430594784
70400 0.0671533430594784
70500 0.0671533430594784
70600 0.0671533430594784
70700 0.0671533430594784
70800 0.0671533430594784
70900 0.0671533430594784
71000 0.0671533430594784
71100 0.0671533430594784
71200 0.0671533430594784
71300 0.0671533430594784
71400 0.0671533430594784
71500 0.0671533430594784
71600 0.0671533430594784
71700 0.0671533430594784
71800 0.0671533430594784
71900 0.0671533430594784
72000 0.0671533430594784
72100 0.0671533430594784
72200 0.0671533430594784
72300 0.0671533430594784
72400 0.0671533430594784
72500 0.0671533430594784
72600 0.0671533430594784
72700 0.0671533430594784
72800 0.0671533430594784
72900 0.0671533430594784
73000 0.0671533430594784
73100 0.0671533430594784
73200 0.0671533430594784
73300 0.0671533430594784
73400 0.0671533430594784
73500 0.0671533430594784
73600 0.0671533430594784
73700 0.0671533430594784
73800 0.0671533430594784
73900 0.0671533430594784
74000 0.0671533430594784
74100 0.0671533430594784
74200 0.0671533430594784
74300 0.0671533430594784
74400 0.0671533430594784
74500 0.0671533430594784
74600 0.0671533430594784
74700 0.0671533430594784
74800 0.0671533430594784
74900 0.0671533430594784
75000 0.0671533430594784
75100 0.0671533430594784
75200 0.0671533430594784
75300 0.0671533430594784
75400 0.0671533430594784
75500 0.0671533430594784
75600 0.0671533430594784
75700 0.0671533430594784
75800 0.0671533430594784
75900 0.0671533430594784
76000 0.0671533430594784
76100 0.0671533430594784
76200 0.0671533430594784
76300 0.0671533430594784
76400 0.0671533430594784
76500 0.0671533430594784
76600 0.0671533430594784
76700 0.0671533430594784
76800 0.0671533430594784
76900 0.0671533430594784
77000 0.0671533430594784
77100 0.0671533430594784
77200 0.0671533430594784
77300 0.0671533430594784
77400 0.0671533430594784
77500 0.0671533430594784
77600 0.0671533430594784
77700 0.0671533430594784
77800 0.0671533430594784
77900 0.0671533430594784
78000 0.0671533430594784
78100 0.0671533430594784
78200 0.0671533430594784
78300 0.0671533430594784
78400 0.0671533430594784
78500 0.0671533430594784
78600 0.0671533430594784
78700 0.0671533430594784
78800 0.0671533430594784
78900 0.0671533430594784
79000 0.0671533430594784
79100 0.0671533430594784
79200 0.0671533430594784
79300 0.0671533430594784
79400 0.0671533430594784
79500 0.0671533430594784
79600 0.0671533430594784
79700 0.0671533430594784
79800 0.0671533430594784
79900 0.0671533430594784
80000 0.0671533430594784
80100 0.0671533430594784
80200 0.0671533430594784
80300 0.0671533430594784
80400 0.0671533430594784
80500 0.0671533430594784
80600 0.0671533430594784
80700 0.0671533430594784
80800 0.0671533430594784
80900 0.0671533430594784
81000 0.0671533430594784
81100 0.0671533430594784
81200 0.0671533430594784
81300 0.0671533430594784
81400 0.0671533430594784
81500 0.0671533430594784
81600 0.0671533430594784
81700 0.0671533430594784
81800 0.0671533430594784
81900 0.0671533430594784
82000 0.0671533430594784
82100 0.0671533430594784
82200 0.0671533430594784
82300 0.0671533430594784
82400 0.0671533430594784
82500 0.0671533430594784
82600 0.0671533430594784
82700 0.0671533430594784
82800 0.0671533430594784
82900 0.0671533430594784
83000 0.0671533430594784
83100 0.0671533430594784
83200 0.0671533430594784
83300 0.0671533430594784
83400 0.0671533430594784
83500 0.0671533430594784
83600 0.0671533430594784
83700 0.0671533430594784
83800 0.0671533430594784
83900 0.0671533430594784
84000 0.0671533430594784
84100 0.0671533430594784
84200 0.0671533430594784
84300 0.0671533430594784
84400 0.0671533430594784
84500 0.0671533430594784
84600 0.0671533430594784
84700 0.0671533430594784
84800 0.0671533430594784
84900 0.0671533430594784
85000 0.0671533430594784
85100 0.0671533430594784
85200 0.0671533430594784
85300 0.0671533430594784
85400 0.0671533430594784
85500 0.0671533430594784
85600 0.0671533430594784
85700 0.0671533430594784
85800 0.0671533430594784
85900 0.0671533430594784
86000 0.0671533430594784
86100 0.0671533430594784
86200 0.0671533430594784
86300 0.0671533430594784
86400 0.0671533430594784
86500 0.0671533430594784
86600 0.0671533430594784
86700 0.0671533430594784
86800 0.0671533430594784
86900 0.0671533430594784
87000 0.0671533430594784
87100 0.0671533430594784
87200 0.0671533430594784
87300 0.0671533430594784
87400 0.0671533430594784
87500 0.0671533430594784
87600 0.0671533430594784
87700 0.0671533430594784
87800 0.0671533430594784
87900 0.0671533430594784
88000 0.0671533430594784
88100 0.0671533430594784
88200 0.0671533430594784
88300 0.0671533430594784
88400 0.0671533430594784
88500 0.0671533430594784
88600 0.0671533430594784
88700 0.0671533430594784
88800 0.0671533430594784
88900 0.0671533430594784
89000 0.0671533430594784
89100 0.0671533430594784
89200 0.0671533430594784
89300 0.0671533430594784
89400 0.0671533430594784
89500 0.0671533430594784
89600 0.0671533430594784
89700 0.0671533430594784
89800 0.0671533430594784
89900 0.0671533430594784
90000 0.0671533430594784
90100 0.0671533430594784
90200 0.0671533430594784
90300 0.0671533430594784
90400 0.0671533430594784
90500 0.0671533430594784
90600 0.0671533430594784
90700 0.0671533430594784
90800 0.0671533430594784
90900 0.0671533430594784
91000 0.0671533430594784
91100 0.0671533430594784
91200 0.0671533430594784
91300 0.0671533430594784
91400 0.0671533430594784
91500 0.0671533430594784
91600 0.0671533430594784
91700 0.0671533430594784
91800 0.0671533430594784
91900 0.0671533430594784
92000 0.0671533430594784
92100 0.0671533430594784
92200 0.0671533430594784
92300 0.0671533430594784
92400 0.0671533430594784
92500 0.0671533430594784
92600 0.0671533430594784
92700 0.0671533430594784
92800 0.0671533430594784
92900 0.0671533430594784
93000 0.0671533430594784
93100 0.0671533430594784
93200 0.0671533430594784
93300 0.0671533430594784
93400 0.0671533430594784
93500 0.0671533430594784
93600 0.0671533430594784
93700 0.0671533430594784
93800 0.0671533430594784
93900 0.0671533430594784
94000 0.0671533430594784
94100 0.0671533430594784
94200 0.0671533430594784
94300 0.0671533430594784
94400 0.0671533430594784
94500 0.0671533430594784
94600 0.0671533430594784
94700 0.0671533430594784
94800 0.0671533430594784
94900 0.0671533430594784
95000 0.0671533430594784
95100 0.0671533430594784
95200 0.0671533430594784
95300 0.0671533430594784
95400 0.0671533430594784
95500 0.0671533430594784
95600 0.0671533430594784
95700 0.0671533430594784
95800 0.0671533430594784
95900 0.0671533430594784
96000 0.0671533430594784
96100 0.0671533430594784
96200 0.0671533430594784
96300 0.0671533430594784
96400 0.0671533430594784
96500 0.0671533430594784
96600 0.0671533430594784
96700 0.0671533430594784
96800 0.0671533430594784
96900 0.0671533430594784
97000 0.0671533430594784
97100 0.0671533430594784
97200 0.0671533430594784
97300 0.0671533430594784
97400 0.0671533430594784
97500 0.0671533430594784
97600 0.0671533430594784
97700 0.0671533430594784
97800 0.0671533430594784
97900 0.0671533430594784
98000 0.0671533430594784
98100 0.0671533430594784
98200 0.0671533430594784
98300 0.0671533430594784
98400 0.0671533430594784
98500 0.0671533430594784
98600 0.0671533430594784
98700 0.0671533430594784
98800 0.0671533430594784
98900 0.0671533430594784
99000 0.0671533430594784
99100 0.0671533430594784
99200 0.0671533430594784
99300 0.0671533430594784
99400 0.0671533430594784
99500 0.0671533430594784
99600 0.0671533430594784
99700 0.0671533430594784
99800 0.0671533430594784
99900 0.0671533430594784
100000 0.0671533430594784
100100 0.0671533430594784
100200 0.0671533430594784
100300 0.0671533430594784
100400 0.0671533430594784
100500 0.0671533430594784
100600 0.0671533430594784
100700 0.0671533430594784
100800 0.0671533430594784
100900 0.0671533430594784
101000 0.0671533430594784
101100 0.0671533430594784
101200 0.0671533430594784
101300 0.0671533430594784
101400 0.0671533430594784
101500 0.0671533430594784
101600 0.0671533430594784
101700 0.0671533430594784
101800 0.0671533430594784
101900 0.0671533430594784
102000 0.0671533430594784
102100 0.0671533430594784
102200 0.0671533430594784
102300 0.0671533430594784
102400 0.0671533430594784
102500 0.0671533430594784
102600 0.0671533430594784
102700 0.0671533430594784
102800 0.0671533430594784
102900 0.0671533430594784
103000 0.0671533430594784
103100 0.0671533430594784
103200 0.0671533430594784
103300 0.0671533430594784
103400 0.0671533430594784
103500 0.0671533430594784
103600 0.0671533430594784
103700 0.0671533430594784
103800 0.0671533430594784
103900 0.0671533430594784
104000 0.0671533430594784
104100 0.0671533430594784
104200 0.0671533430594784
104300 0.0671533430594784
104400 0.0671533430594784
104500 0.0671533430594784
104600 0.0671533430594784
104700 0.0671533430594784
104800 0.0671533430594784
104900 0.0671533430594784
105000 0.0671533430594784
105100 0.0671533430594784
105200 0.0671533430594784
105300 0.0671533430594784
105400 0.0671533430594784
105500 0.0671533430594784
105600 0.0671533430594784
105700 0.0671533430594784
105800 0.0671533430594784
105900 0.0671533430594784
106000 0.0671533430594784
106100 0.0671533430594784
106200 0.0671533430594784
106300 0.0671533430594784
106400 0.0671533430594784
106500 0.0671533430594784
106600 0.0671533430594784
106700 0.0671533430594784
106800 0.0671533430594784
106900 0.0671533430594784
107000 0.0671533430594784
107100 0.0671533430594784
107200 0.0671533430594784
107300 0.0671533430594784
107400 0.0671533430594784
107500 0.0671533430594784
107600 0.0671533430594784
107700 0.0671533430594784
107800 0.0671533430594784
107900 0.0671533430594784
108000 0.0671533430594784
108100 0.0671533430594784
108200 0.0671533430594784
108300 0.0671533430594784
108400 0.0671533430594784
108500 0.0671533430594784
108600 0.0671533430594784
108700 0.0671533430594784
108800 0.0671533430594784
108900 0.0671533430594784
109000 0.0671533430594784
109100 0.0671533430594784
109200 0.0671533430594784
109300 0.0671533430594784
109400 0.0671533430594784
109500 0.0671533430594784
109600 0.0671533430594784
109700 0.0671533430594784
109800 0.0671533430594784
109900 0.0671533430594784
110000 0.0671533430594784
110100 0.0671533430594784
110200 0.0671533430594784
110300 0.0671533430594784
110400 0.0671533430594784
110500 0.0671533430594784
110600 0.0671533430594784
110700 0.0671533430594784
110800 0.0671533430594784
110900 0.0671533430594784
111000 0.0671533430594784
111100 0.0671533430594784
111200 0.0671533430594784
111300 0.0671533430594784
111400 0.0671533430594784
111500 0.0671533430594784
111600 0.0671533430594784
111700 0.0671533430594784
111800 0.0671533430594784
111900 0.0671533430594784
112000 0.0671533430594784
112100 0.0671533430594784
112200 0.0671533430594784
112300 0.0671533430594784
112400 0.0671533430594784
112500 0.0671533430594784
112600 0.0671533430594784
112700 0.0671533430594784
112800 0.0671533430594784
112900 0.0671533430594784
113000 0.0671533430594784
113100 0.0671533430594784
113200 0.0671533430594784
113300 0.0671533430594784
113400 0.0671533430594784
113500 0.0671533430594784
113600 0.0671533430594784
113700 0.0671533430594784
113800 0.0671533430594784
113900 0.0671533430594784
114000 0.0671533430594784
114100 0.0671533430594784
114200 0.0671533430594784
114300 0.0671533430594784
114400 0.0671533430594784
114500 0.0671533430594784
114600 0.0671533430594784
114700 0.0671533430594784
114800 0.0671533430594784
114900 0.0671533430594784
115000 0.0671533430594784
115100 0.0671533430594784
115200 0.0671533430594784
115300 0.0671533430594784
115400 0.0671533430594784
115500 0.0671533430594784
115600 0.0671533430594784
115700 0.0671533430594784
115800 0.0671533430594784
115900 0.0671533430594784
116000 0.0671533430594784
116100 0.0671533430594784
116200 0.0671533430594784
116300 0.0671533430594784
116400 0.0671533430594784
116500 0.0671533430594784
116600 0.0671533430594784
116700 0.0671533430594784
116800 0.0671533430594784
116900 0.0671533430594784
117000 0.0671533430594784
117100 0.0671533430594784
117200 0.0671533430594784
117300 0.0671533430594784
117400 0.0671533430594784
117500 0.0671533430594784
117600 0.0671533430594784
117700 0.0671533430594784
117800 0.0671533430594784
117900 0.0671533430594784
118000 0.0671533430594784
118100 0.0671533430594784
118200 0.0671533430594784
118300 0.0671533430594784
118400 0.0671533430594784
118500 0.0671533430594784
118600 0.0671533430594784
118700 0.0671533430594784
118800 0.0671533430594784
118900 0.0671533430594784
119000 0.0671533430594784
119100 0.0671533430594784
119200 0.0671533430594784
119300 0.0671533430594784
119400 0.0671533430594784
119500 0.0671533430594784
119600 0.0671533430594784
119700 0.0671533430594784
119800 0.0671533430594784
119900 0.0671533430594784
120000 0.0671533430594784
120100 0.0671533430594784
120200 0.0671533430594784
120300 0.0671533430594784
120400 0.0671533430594784
120500 0.0671533430594784
120600 0.0671533430594784
120700 0.0671533430594784
120800 0.0671533430594784
120900 0.0671533430594784
121000 0.0671533430594784
121100 0.0671533430594784
121200 0.0671533430594784
121300 0.0671533430594784
121400 0.0671533430594784
121500 0.0671533430594784
121600 0.0671533430594784
121700 0.0671533430594784
121800 0.0671533430594784
121900 0.0671533430594784
122000 0.0671533430594784
122100 0.0671533430594784
122200 0.0671533430594784
122300 0.0671533430594784
122400 0.0671533430594784
122500 0.0671533430594784
122600 0.0671533430594784
122700 0.0671533430594784
122800 0.0671533430594784
122900 0.0671533430594784
123000 0.0671533430594784
123100 0.0671533430594784
123200 0.0671533430594784
123300 0.0671533430594784
123400 0.0671533430594784
123500 0.0671533430594784
123600 0.0671533430594784
123700 0.0671533430594784
123800 0.0671533430594784
123900 0.0671533430594784
124000 0.0671533430594784
124100 0.0671533430594784
124200 0.0671533430594784
124300 0.0671533430594784
124400 0.0671533430594784
124500 0.0671533430594784
124600 0.0671533430594784
124700 0.0671533430594784
124800 0.0671533430594784
124900 0.0671533430594784
125000 0.0671533430594784
125100 0.0671533430594784
125200 0.0671533430594784
125300 0.0671533430594784
125400 0.0671533430594784
125500 0.0671533430594784
125600 0.0671533430594784
125700 0.0671533430594784
125800 0.0671533430594784
125900 0.0671533430594784
126000 0.0671533430594784
126100 0.0671533430594784
126200 0.0671533430594784
126300 0.0671533430594784
126400 0.0671533430594784
126500 0.0671533430594784
126600 0.0671533430594784
126700 0.0671533430594784
126800 0.0671533430594784
126900 0.0671533430594784
127000 0.0671533430594784
127100 0.0671533430594784
127200 0.0671533430594784
127300 0.0671533430594784
127400 0.0671533430594784
127500 0.0671533430594784
127600 0.0671533430594784
127700 0.0671533430594784
127800 0.0671533430594784
127900 0.0671533430594784
128000 0.0671533430594784
128100 0.0671533430594784
128200 0.0671533430594784
128300 0.0671533430594784
128400 0.0671533430594784
128500 0.0671533430594784
128600 0.0671533430594784
128700 0.0671533430594784
128800 0.0671533430594784
128900 0.0671533430594784
129000 0.0671533430594784
129100 0.0671533430594784
129200 0.0671533430594784
129300 0.0671533430594784
129400 0.0671533430594784
129500 0.0671533430594784
129600 0.0671533430594784
129700 0.0671533430594784
129800 0.0671533430594784
129900 0.0671533430594784
130000 0.0671533430594784
130100 0.0671533430594784
130200 0.0671533430594784
130300 0.0671533430594784
130400 0.0671533430594784
130500 0.0671533430594784
130600 0.0671533430594784
130700 0.0671533430594784
130800 0.0671533430594784
130900 0.0671533430594784
131000 0.0671533430594784
131100 0.0671533430594784
131200 0.0671533430594784
131300 0.0671533430594784
131400 0.0671533430594784
131500 0.0671533430594784
131600 0.0671533430594784
131700 0.0671533430594784
131800 0.0671533430594784
131900 0.0671533430594784
132000 0.0671533430594784
132100 0.0671533430594784
132200 0.0671533430594784
132300 0.0671533430594784
132400 0.0671533430594784
132500 0.0671533430594784
132600 0.0671533430594784
132700 0.0671533430594784
132800 0.0671533430594784
132900 0.0671533430594784
133000 0.0671533430594784
133100 0.0671533430594784
133200 0.0671533430594784
133300 0.0671533430594784
133400 0.0671533430594784
133500 0.0671533430594784
133600 0.0671533430594784
133700 0.0671533430594784
133800 0.0671533430594784
133900 0.0671533430594784
134000 0.0671533430594784
134100 0.0671533430594784
134200 0.0671533430594784
134300 0.0671533430594784
134400 0.0671533430594784
134500 0.0671533430594784
134600 0.0671533430594784
134700 0.0671533430594784
134800 0.0671533430594784
134900 0.0671533430594784
135000 0.0671533430594784
135100 0.0671533430594784
135200 0.0671533430594784
135300 0.0671533430594784
135400 0.0671533430594784
135500 0.0671533430594784
135600 0.0671533430594784
135700 0.0671533430594784
135800 0.0671533430594784
135900 0.0671533430594784
136000 0.0671533430594784
136100 0.0671533430594784
136200 0.0671533430594784
136300 0.0671533430594784
136400 0.0671533430594784
136500 0.0671533430594784
136600 0.0671533430594784
136700 0.0671533430594784
136800 0.0671533430594784
136900 0.0671533430594784
137000 0.0671533430594784
137100 0.0671533430594784
137200 0.0671533430594784
137300 0.0671533430594784
137400 0.0671533430594784
137500 0.0671533430594784
137600 0.0671533430594784
137700 0.0671533430594784
137800 0.0671533430594784
137900 0.0671533430594784
138000 0.0671533430594784
138100 0.0671533430594784
138200 0.0671533430594784
138300 0.0671533430594784
138400 0.0671533430594784
138500 0.0671533430594784
138600 0.0671533430594784
138700 0.0671533430594784
138800 0.0671533430594784
138900 0.0671533430594784
139000 0.0671533430594784
139100 0.0671533430594784
139200 0.0671533430594784
139300 0.0671533430594784
139400 0.0671533430594784
139500 0.0671533430594784
139600 0.0671533430594784
139700 0.0671533430594784
139800 0.0671533430594784
139900 0.0671533430594784
140000 0.0671533430594784
140100 0.0671533430594784
140200 0.0671533430594784
140300 0.0671533430594784
140400 0.0671533430594784
140500 0.0671533430594784
140600 0.0671533430594784
140700 0.0671533430594784
140800 0.0671533430594784
140900 0.0671533430594784
141000 0.0671533430594784
141100 0.0671533430594784
141200 0.0671533430594784
141300 0.0671533430594784
141400 0.0671533430594784
141500 0.0671533430594784
141600 0.0671533430594784
141700 0.0671533430594784
141800 0.0671533430594784
141900 0.0671533430594784
142000 0.0671533430594784
142100 0.0671533430594784
142200 0.0671533430594784
142300 0.0671533430594784
142400 0.0671533430594784
142500 0.0671533430594784
142600 0.0671533430594784
142700 0.0671533430594784
142800 0.0671533430594784
142900 0.0671533430594784
143000 0.0671533430594784
143100 0.0671533430594784
143200 0.0671533430594784
143300 0.0671533430594784
143400 0.0671533430594784
143500 0.0671533430594784
143600 0.0671533430594784
143700 0.0671533430594784
143800 0.0671533430594784
143900 0.0671533430594784
144000 0.0671533430594784
144100 0.0671533430594784
144200 0.0671533430594784
144300 0.0671533430594784
144400 0.0671533430594784
144500 0.0671533430594784
144600 0.0671533430594784
144700 0.0671533430594784
144800 0.0671533430594784
144900 0.0671533430594784
145000 0.0671533430594784
145100 0.0671533430594784
145200 0.0671533430594784
145300 0.0671533430594784
145400 0.0671533430594784
145500 0.0671533430594784
145600 0.0671533430594784
145700 0.0671533430594784
145800 0.0671533430594784
145900 0.0671533430594784
146000 0.0671533430594784
146100 0.0671533430594784
146200 0.0671533430594784
146300 0.0671533430594784
146400 0.0671533430594784
146500 0.0671533430594784
146600 0.0671533430594784
146700 0.0671533430594784
146800 0.0671533430594784
146900 0.0671533430594784
147000 0.0671533430594784
147100 0.0671533430594784
147200 0.0671533430594784
147300 0.0671533430594784
147400 0.0671533430594784
147500 0.0671533430594784
147600 0.0671533430594784
147700 0.0671533430594784
147800 0.0671533430594784
147900 0.0671533430594784
148000 0.0671533430594784
148100 0.0671533430594784
148200 0.0671533430594784
148300 0.0671533430594784
148400 0.0671533430594784
148500 0.0671533430594784
148600 0.0671533430594784
148700 0.0671533430594784
148800 0.0671533430594784
148900 0.0671533430594784
149000 0.0671533430594784
149100 0.0671533430594784
149200 0.0671533430594784
149300 0.0671533430594784
149400 0.0671533430594784
149500 0.0671533430594784
149600 0.0671533430594784
149700 0.0671533430594784
149800 0.0671533430594784
149900 0.0671533430594784
150000 0.0671533430594784
