#Tiempo [fms]    VolumenMolar [lts/mol]
50100 0.594877181429042
50200 0.594877181429042
50300 0.594877181429042
50400 0.594877181429042
50500 0.594877181429042
50600 0.594877181429042
50700 0.594877181429042
50800 0.594877181429042
50900 0.594877181429042
51000 0.594877181429042
51100 0.594877181429042
51200 0.594877181429042
51300 0.594877181429042
51400 0.594877181429042
51500 0.594877181429042
51600 0.594877181429042
51700 0.594877181429042
51800 0.594877181429042
51900 0.594877181429042
52000 0.594877181429042
52100 0.594877181429042
52200 0.594877181429042
52300 0.594877181429042
52400 0.594877181429042
52500 0.594877181429042
52600 0.594877181429042
52700 0.594877181429042
52800 0.594877181429042
52900 0.594877181429042
53000 0.594877181429042
53100 0.594877181429042
53200 0.594877181429042
53300 0.594877181429042
53400 0.594877181429042
53500 0.594877181429042
53600 0.594877181429042
53700 0.594877181429042
53800 0.594877181429042
53900 0.594877181429042
54000 0.594877181429042
54100 0.594877181429042
54200 0.594877181429042
54300 0.594877181429042
54400 0.594877181429042
54500 0.594877181429042
54600 0.594877181429042
54700 0.594877181429042
54800 0.594877181429042
54900 0.594877181429042
55000 0.594877181429042
55100 0.594877181429042
55200 0.594877181429042
55300 0.594877181429042
55400 0.594877181429042
55500 0.594877181429042
55600 0.594877181429042
55700 0.594877181429042
55800 0.594877181429042
55900 0.594877181429042
56000 0.594877181429042
56100 0.594877181429042
56200 0.594877181429042
56300 0.594877181429042
56400 0.594877181429042
56500 0.594877181429042
56600 0.594877181429042
56700 0.594877181429042
56800 0.594877181429042
56900 0.594877181429042
57000 0.594877181429042
57100 0.594877181429042
57200 0.594877181429042
57300 0.594877181429042
57400 0.594877181429042
57500 0.594877181429042
57600 0.594877181429042
57700 0.594877181429042
57800 0.594877181429042
57900 0.594877181429042
58000 0.594877181429042
58100 0.594877181429042
58200 0.594877181429042
58300 0.594877181429042
58400 0.594877181429042
58500 0.594877181429042
58600 0.594877181429042
58700 0.594877181429042
58800 0.594877181429042
58900 0.594877181429042
59000 0.594877181429042
59100 0.594877181429042
59200 0.594877181429042
59300 0.594877181429042
59400 0.594877181429042
59500 0.594877181429042
59600 0.594877181429042
59700 0.594877181429042
59800 0.594877181429042
59900 0.594877181429042
60000 0.594877181429042
60100 0.594877181429042
60200 0.594877181429042
60300 0.594877181429042
60400 0.594877181429042
60500 0.594877181429042
60600 0.594877181429042
60700 0.594877181429042
60800 0.594877181429042
60900 0.594877181429042
61000 0.594877181429042
61100 0.594877181429042
61200 0.594877181429042
61300 0.594877181429042
61400 0.594877181429042
61500 0.594877181429042
61600 0.594877181429042
61700 0.594877181429042
61800 0.594877181429042
61900 0.594877181429042
62000 0.594877181429042
62100 0.594877181429042
62200 0.594877181429042
62300 0.594877181429042
62400 0.594877181429042
62500 0.594877181429042
62600 0.594877181429042
62700 0.594877181429042
62800 0.594877181429042
62900 0.594877181429042
63000 0.594877181429042
63100 0.594877181429042
63200 0.594877181429042
63300 0.594877181429042
63400 0.594877181429042
63500 0.594877181429042
63600 0.594877181429042
63700 0.594877181429042
63800 0.594877181429042
63900 0.594877181429042
64000 0.594877181429042
64100 0.594877181429042
64200 0.594877181429042
64300 0.594877181429042
64400 0.594877181429042
64500 0.594877181429042
64600 0.594877181429042
64700 0.594877181429042
64800 0.594877181429042
64900 0.594877181429042
65000 0.594877181429042
65100 0.594877181429042
65200 0.594877181429042
65300 0.594877181429042
65400 0.594877181429042
65500 0.594877181429042
65600 0.594877181429042
65700 0.594877181429042
65800 0.594877181429042
65900 0.594877181429042
66000 0.594877181429042
66100 0.594877181429042
66200 0.594877181429042
66300 0.594877181429042
66400 0.594877181429042
66500 0.594877181429042
66600 0.594877181429042
66700 0.594877181429042
66800 0.594877181429042
66900 0.594877181429042
67000 0.594877181429042
67100 0.594877181429042
67200 0.594877181429042
67300 0.594877181429042
67400 0.594877181429042
67500 0.594877181429042
67600 0.594877181429042
67700 0.594877181429042
67800 0.594877181429042
67900 0.594877181429042
68000 0.594877181429042
68100 0.594877181429042
68200 0.594877181429042
68300 0.594877181429042
68400 0.594877181429042
68500 0.594877181429042
68600 0.594877181429042
68700 0.594877181429042
68800 0.594877181429042
68900 0.594877181429042
69000 0.594877181429042
69100 0.594877181429042
69200 0.594877181429042
69300 0.594877181429042
69400 0.594877181429042
69500 0.594877181429042
69600 0.594877181429042
69700 0.594877181429042
69800 0.594877181429042
69900 0.594877181429042
70000 0.594877181429042
70100 0.594877181429042
70200 0.594877181429042
70300 0.594877181429042
70400 0.594877181429042
70500 0.594877181429042
70600 0.594877181429042
70700 0.594877181429042
70800 0.594877181429042
70900 0.594877181429042
71000 0.594877181429042
71100 0.594877181429042
71200 0.594877181429042
71300 0.594877181429042
71400 0.594877181429042
71500 0.594877181429042
71600 0.594877181429042
71700 0.594877181429042
71800 0.594877181429042
71900 0.594877181429042
72000 0.594877181429042
72100 0.594877181429042
72200 0.594877181429042
72300 0.594877181429042
72400 0.594877181429042
72500 0.594877181429042
72600 0.594877181429042
72700 0.594877181429042
72800 0.594877181429042
72900 0.594877181429042
73000 0.594877181429042
73100 0.594877181429042
73200 0.594877181429042
73300 0.594877181429042
73400 0.594877181429042
73500 0.594877181429042
73600 0.594877181429042
73700 0.594877181429042
73800 0.594877181429042
73900 0.594877181429042
74000 0.594877181429042
74100 0.594877181429042
74200 0.594877181429042
74300 0.594877181429042
74400 0.594877181429042
74500 0.594877181429042
74600 0.594877181429042
74700 0.594877181429042
74800 0.594877181429042
74900 0.594877181429042
75000 0.594877181429042
75100 0.594877181429042
75200 0.594877181429042
75300 0.594877181429042
75400 0.594877181429042
75500 0.594877181429042
75600 0.594877181429042
75700 0.594877181429042
75800 0.594877181429042
75900 0.594877181429042
76000 0.594877181429042
76100 0.594877181429042
76200 0.594877181429042
76300 0.594877181429042
76400 0.594877181429042
76500 0.594877181429042
76600 0.594877181429042
76700 0.594877181429042
76800 0.594877181429042
76900 0.594877181429042
77000 0.594877181429042
77100 0.594877181429042
77200 0.594877181429042
77300 0.594877181429042
77400 0.594877181429042
77500 0.594877181429042
77600 0.594877181429042
77700 0.594877181429042
77800 0.594877181429042
77900 0.594877181429042
78000 0.594877181429042
78100 0.594877181429042
78200 0.594877181429042
78300 0.594877181429042
78400 0.594877181429042
78500 0.594877181429042
78600 0.594877181429042
78700 0.594877181429042
78800 0.594877181429042
78900 0.594877181429042
79000 0.594877181429042
79100 0.594877181429042
79200 0.594877181429042
79300 0.594877181429042
79400 0.594877181429042
79500 0.594877181429042
79600 0.594877181429042
79700 0.594877181429042
79800 0.594877181429042
79900 0.594877181429042
80000 0.594877181429042
80100 0.594877181429042
80200 0.594877181429042
80300 0.594877181429042
80400 0.594877181429042
80500 0.594877181429042
80600 0.594877181429042
80700 0.594877181429042
80800 0.594877181429042
80900 0.594877181429042
81000 0.594877181429042
81100 0.594877181429042
81200 0.594877181429042
81300 0.594877181429042
81400 0.594877181429042
81500 0.594877181429042
81600 0.594877181429042
81700 0.594877181429042
81800 0.594877181429042
81900 0.594877181429042
82000 0.594877181429042
82100 0.594877181429042
82200 0.594877181429042
82300 0.594877181429042
82400 0.594877181429042
82500 0.594877181429042
82600 0.594877181429042
82700 0.594877181429042
82800 0.594877181429042
82900 0.594877181429042
83000 0.594877181429042
83100 0.594877181429042
83200 0.594877181429042
83300 0.594877181429042
83400 0.594877181429042
83500 0.594877181429042
83600 0.594877181429042
83700 0.594877181429042
83800 0.594877181429042
83900 0.594877181429042
84000 0.594877181429042
84100 0.594877181429042
84200 0.594877181429042
84300 0.594877181429042
84400 0.594877181429042
84500 0.594877181429042
84600 0.594877181429042
84700 0.594877181429042
84800 0.594877181429042
84900 0.594877181429042
85000 0.594877181429042
85100 0.594877181429042
85200 0.594877181429042
85300 0.594877181429042
85400 0.594877181429042
85500 0.594877181429042
85600 0.594877181429042
85700 0.594877181429042
85800 0.594877181429042
85900 0.594877181429042
86000 0.594877181429042
86100 0.594877181429042
86200 0.594877181429042
86300 0.594877181429042
86400 0.594877181429042
86500 0.594877181429042
86600 0.594877181429042
86700 0.594877181429042
86800 0.594877181429042
86900 0.594877181429042
87000 0.594877181429042
87100 0.594877181429042
87200 0.594877181429042
87300 0.594877181429042
87400 0.594877181429042
87500 0.594877181429042
87600 0.594877181429042
87700 0.594877181429042
87800 0.594877181429042
87900 0.594877181429042
88000 0.594877181429042
88100 0.594877181429042
88200 0.594877181429042
88300 0.594877181429042
88400 0.594877181429042
88500 0.594877181429042
88600 0.594877181429042
88700 0.594877181429042
88800 0.594877181429042
88900 0.594877181429042
89000 0.594877181429042
89100 0.594877181429042
89200 0.594877181429042
89300 0.594877181429042
89400 0.594877181429042
89500 0.594877181429042
89600 0.594877181429042
89700 0.594877181429042
89800 0.594877181429042
89900 0.594877181429042
90000 0.594877181429042
90100 0.594877181429042
90200 0.594877181429042
90300 0.594877181429042
90400 0.594877181429042
90500 0.594877181429042
90600 0.594877181429042
90700 0.594877181429042
90800 0.594877181429042
90900 0.594877181429042
91000 0.594877181429042
91100 0.594877181429042
91200 0.594877181429042
91300 0.594877181429042
91400 0.594877181429042
91500 0.594877181429042
91600 0.594877181429042
91700 0.594877181429042
91800 0.594877181429042
91900 0.594877181429042
92000 0.594877181429042
92100 0.594877181429042
92200 0.594877181429042
92300 0.594877181429042
92400 0.594877181429042
92500 0.594877181429042
92600 0.594877181429042
92700 0.594877181429042
92800 0.594877181429042
92900 0.594877181429042
93000 0.594877181429042
93100 0.594877181429042
93200 0.594877181429042
93300 0.594877181429042
93400 0.594877181429042
93500 0.594877181429042
93600 0.594877181429042
93700 0.594877181429042
93800 0.594877181429042
93900 0.594877181429042
94000 0.594877181429042
94100 0.594877181429042
94200 0.594877181429042
94300 0.594877181429042
94400 0.594877181429042
94500 0.594877181429042
94600 0.594877181429042
94700 0.594877181429042
94800 0.594877181429042
94900 0.594877181429042
95000 0.594877181429042
95100 0.594877181429042
95200 0.594877181429042
95300 0.594877181429042
95400 0.594877181429042
95500 0.594877181429042
95600 0.594877181429042
95700 0.594877181429042
95800 0.594877181429042
95900 0.594877181429042
96000 0.594877181429042
96100 0.594877181429042
96200 0.594877181429042
96300 0.594877181429042
96400 0.594877181429042
96500 0.594877181429042
96600 0.594877181429042
96700 0.594877181429042
96800 0.594877181429042
96900 0.594877181429042
97000 0.594877181429042
97100 0.594877181429042
97200 0.594877181429042
97300 0.594877181429042
97400 0.594877181429042
97500 0.594877181429042
97600 0.594877181429042
97700 0.594877181429042
97800 0.594877181429042
97900 0.594877181429042
98000 0.594877181429042
98100 0.594877181429042
98200 0.594877181429042
98300 0.594877181429042
98400 0.594877181429042
98500 0.594877181429042
98600 0.594877181429042
98700 0.594877181429042
98800 0.594877181429042
98900 0.594877181429042
99000 0.594877181429042
99100 0.594877181429042
99200 0.594877181429042
99300 0.594877181429042
99400 0.594877181429042
99500 0.594877181429042
99600 0.594877181429042
99700 0.594877181429042
99800 0.594877181429042
99900 0.594877181429042
100000 0.594877181429042
100100 0.594877181429042
100200 0.594877181429042
100300 0.594877181429042
100400 0.594877181429042
100500 0.594877181429042
100600 0.594877181429042
100700 0.594877181429042
100800 0.594877181429042
100900 0.594877181429042
101000 0.594877181429042
101100 0.594877181429042
101200 0.594877181429042
101300 0.594877181429042
101400 0.594877181429042
101500 0.594877181429042
101600 0.594877181429042
101700 0.594877181429042
101800 0.594877181429042
101900 0.594877181429042
102000 0.594877181429042
102100 0.594877181429042
102200 0.594877181429042
102300 0.594877181429042
102400 0.594877181429042
102500 0.594877181429042
102600 0.594877181429042
102700 0.594877181429042
102800 0.594877181429042
102900 0.594877181429042
103000 0.594877181429042
103100 0.594877181429042
103200 0.594877181429042
103300 0.594877181429042
103400 0.594877181429042
103500 0.594877181429042
103600 0.594877181429042
103700 0.594877181429042
103800 0.594877181429042
103900 0.594877181429042
104000 0.594877181429042
104100 0.594877181429042
104200 0.594877181429042
104300 0.594877181429042
104400 0.594877181429042
104500 0.594877181429042
104600 0.594877181429042
104700 0.594877181429042
104800 0.594877181429042
104900 0.594877181429042
105000 0.594877181429042
105100 0.594877181429042
105200 0.594877181429042
105300 0.594877181429042
105400 0.594877181429042
105500 0.594877181429042
105600 0.594877181429042
105700 0.594877181429042
105800 0.594877181429042
105900 0.594877181429042
106000 0.594877181429042
106100 0.594877181429042
106200 0.594877181429042
106300 0.594877181429042
106400 0.594877181429042
106500 0.594877181429042
106600 0.594877181429042
106700 0.594877181429042
106800 0.594877181429042
106900 0.594877181429042
107000 0.594877181429042
107100 0.594877181429042
107200 0.594877181429042
107300 0.594877181429042
107400 0.594877181429042
107500 0.594877181429042
107600 0.594877181429042
107700 0.594877181429042
107800 0.594877181429042
107900 0.594877181429042
108000 0.594877181429042
108100 0.594877181429042
108200 0.594877181429042
108300 0.594877181429042
108400 0.594877181429042
108500 0.594877181429042
108600 0.594877181429042
108700 0.594877181429042
108800 0.594877181429042
108900 0.594877181429042
109000 0.594877181429042
109100 0.594877181429042
109200 0.594877181429042
109300 0.594877181429042
109400 0.594877181429042
109500 0.594877181429042
109600 0.594877181429042
109700 0.594877181429042
109800 0.594877181429042
109900 0.594877181429042
110000 0.594877181429042
110100 0.594877181429042
110200 0.594877181429042
110300 0.594877181429042
110400 0.594877181429042
110500 0.594877181429042
110600 0.594877181429042
110700 0.594877181429042
110800 0.594877181429042
110900 0.594877181429042
111000 0.594877181429042
111100 0.594877181429042
111200 0.594877181429042
111300 0.594877181429042
111400 0.594877181429042
111500 0.594877181429042
111600 0.594877181429042
111700 0.594877181429042
111800 0.594877181429042
111900 0.594877181429042
112000 0.594877181429042
112100 0.594877181429042
112200 0.594877181429042
112300 0.594877181429042
112400 0.594877181429042
112500 0.594877181429042
112600 0.594877181429042
112700 0.594877181429042
112800 0.594877181429042
112900 0.594877181429042
113000 0.594877181429042
113100 0.594877181429042
113200 0.594877181429042
113300 0.594877181429042
113400 0.594877181429042
113500 0.594877181429042
113600 0.594877181429042
113700 0.594877181429042
113800 0.594877181429042
113900 0.594877181429042
114000 0.594877181429042
114100 0.594877181429042
114200 0.594877181429042
114300 0.594877181429042
114400 0.594877181429042
114500 0.594877181429042
114600 0.594877181429042
114700 0.594877181429042
114800 0.594877181429042
114900 0.594877181429042
115000 0.594877181429042
115100 0.594877181429042
115200 0.594877181429042
115300 0.594877181429042
115400 0.594877181429042
115500 0.594877181429042
115600 0.594877181429042
115700 0.594877181429042
115800 0.594877181429042
115900 0.594877181429042
116000 0.594877181429042
116100 0.594877181429042
116200 0.594877181429042
116300 0.594877181429042
116400 0.594877181429042
116500 0.594877181429042
116600 0.594877181429042
116700 0.594877181429042
116800 0.594877181429042
116900 0.594877181429042
117000 0.594877181429042
117100 0.594877181429042
117200 0.594877181429042
117300 0.594877181429042
117400 0.594877181429042
117500 0.594877181429042
117600 0.594877181429042
117700 0.594877181429042
117800 0.594877181429042
117900 0.594877181429042
118000 0.594877181429042
118100 0.594877181429042
118200 0.594877181429042
118300 0.594877181429042
118400 0.594877181429042
118500 0.594877181429042
118600 0.594877181429042
118700 0.594877181429042
118800 0.594877181429042
118900 0.594877181429042
119000 0.594877181429042
119100 0.594877181429042
119200 0.594877181429042
119300 0.594877181429042
119400 0.594877181429042
119500 0.594877181429042
119600 0.594877181429042
119700 0.594877181429042
119800 0.594877181429042
119900 0.594877181429042
120000 0.594877181429042
120100 0.594877181429042
120200 0.594877181429042
120300 0.594877181429042
120400 0.594877181429042
120500 0.594877181429042
120600 0.594877181429042
120700 0.594877181429042
120800 0.594877181429042
120900 0.594877181429042
121000 0.594877181429042
121100 0.594877181429042
121200 0.594877181429042
121300 0.594877181429042
121400 0.594877181429042
121500 0.594877181429042
121600 0.594877181429042
121700 0.594877181429042
121800 0.594877181429042
121900 0.594877181429042
122000 0.594877181429042
122100 0.594877181429042
122200 0.594877181429042
122300 0.594877181429042
122400 0.594877181429042
122500 0.594877181429042
122600 0.594877181429042
122700 0.594877181429042
122800 0.594877181429042
122900 0.594877181429042
123000 0.594877181429042
123100 0.594877181429042
123200 0.594877181429042
123300 0.594877181429042
123400 0.594877181429042
123500 0.594877181429042
123600 0.594877181429042
123700 0.594877181429042
123800 0.594877181429042
123900 0.594877181429042
124000 0.594877181429042
124100 0.594877181429042
124200 0.594877181429042
124300 0.594877181429042
124400 0.594877181429042
124500 0.594877181429042
124600 0.594877181429042
124700 0.594877181429042
124800 0.594877181429042
124900 0.594877181429042
125000 0.594877181429042
125100 0.594877181429042
125200 0.594877181429042
125300 0.594877181429042
125400 0.594877181429042
125500 0.594877181429042
125600 0.594877181429042
125700 0.594877181429042
125800 0.594877181429042
125900 0.594877181429042
126000 0.594877181429042
126100 0.594877181429042
126200 0.594877181429042
126300 0.594877181429042
126400 0.594877181429042
126500 0.594877181429042
126600 0.594877181429042
126700 0.594877181429042
126800 0.594877181429042
126900 0.594877181429042
127000 0.594877181429042
127100 0.594877181429042
127200 0.594877181429042
127300 0.594877181429042
127400 0.594877181429042
127500 0.594877181429042
127600 0.594877181429042
127700 0.594877181429042
127800 0.594877181429042
127900 0.594877181429042
128000 0.594877181429042
128100 0.594877181429042
128200 0.594877181429042
128300 0.594877181429042
128400 0.594877181429042
128500 0.594877181429042
128600 0.594877181429042
128700 0.594877181429042
128800 0.594877181429042
128900 0.594877181429042
129000 0.594877181429042
129100 0.594877181429042
129200 0.594877181429042
129300 0.594877181429042
129400 0.594877181429042
129500 0.594877181429042
129600 0.594877181429042
129700 0.594877181429042
129800 0.594877181429042
129900 0.594877181429042
130000 0.594877181429042
130100 0.594877181429042
130200 0.594877181429042
130300 0.594877181429042
130400 0.594877181429042
130500 0.594877181429042
130600 0.594877181429042
130700 0.594877181429042
130800 0.594877181429042
130900 0.594877181429042
131000 0.594877181429042
131100 0.594877181429042
131200 0.594877181429042
131300 0.594877181429042
131400 0.594877181429042
131500 0.594877181429042
131600 0.594877181429042
131700 0.594877181429042
131800 0.594877181429042
131900 0.594877181429042
132000 0.594877181429042
132100 0.594877181429042
132200 0.594877181429042
132300 0.594877181429042
132400 0.594877181429042
132500 0.594877181429042
132600 0.594877181429042
132700 0.594877181429042
132800 0.594877181429042
132900 0.594877181429042
133000 0.594877181429042
133100 0.594877181429042
133200 0.594877181429042
133300 0.594877181429042
133400 0.594877181429042
133500 0.594877181429042
133600 0.594877181429042
133700 0.594877181429042
133800 0.594877181429042
133900 0.594877181429042
134000 0.594877181429042
134100 0.594877181429042
134200 0.594877181429042
134300 0.594877181429042
134400 0.594877181429042
134500 0.594877181429042
134600 0.594877181429042
134700 0.594877181429042
134800 0.594877181429042
134900 0.594877181429042
135000 0.594877181429042
135100 0.594877181429042
135200 0.594877181429042
135300 0.594877181429042
135400 0.594877181429042
135500 0.594877181429042
135600 0.594877181429042
135700 0.594877181429042
135800 0.594877181429042
135900 0.594877181429042
136000 0.594877181429042
136100 0.594877181429042
136200 0.594877181429042
136300 0.594877181429042
136400 0.594877181429042
136500 0.594877181429042
136600 0.594877181429042
136700 0.594877181429042
136800 0.594877181429042
136900 0.594877181429042
137000 0.594877181429042
137100 0.594877181429042
137200 0.594877181429042
137300 0.594877181429042
137400 0.594877181429042
137500 0.594877181429042
137600 0.594877181429042
137700 0.594877181429042
137800 0.594877181429042
137900 0.594877181429042
138000 0.594877181429042
138100 0.594877181429042
138200 0.594877181429042
138300 0.594877181429042
138400 0.594877181429042
138500 0.594877181429042
138600 0.594877181429042
138700 0.594877181429042
138800 0.594877181429042
138900 0.594877181429042
139000 0.594877181429042
139100 0.594877181429042
139200 0.594877181429042
139300 0.594877181429042
139400 0.594877181429042
139500 0.594877181429042
139600 0.594877181429042
139700 0.594877181429042
139800 0.594877181429042
139900 0.594877181429042
140000 0.594877181429042
140100 0.594877181429042
140200 0.594877181429042
140300 0.594877181429042
140400 0.594877181429042
140500 0.594877181429042
140600 0.594877181429042
140700 0.594877181429042
140800 0.594877181429042
140900 0.594877181429042
141000 0.594877181429042
141100 0.594877181429042
141200 0.594877181429042
141300 0.594877181429042
141400 0.594877181429042
141500 0.594877181429042
141600 0.594877181429042
141700 0.594877181429042
141800 0.594877181429042
141900 0.594877181429042
142000 0.594877181429042
142100 0.594877181429042
142200 0.594877181429042
142300 0.594877181429042
142400 0.594877181429042
142500 0.594877181429042
142600 0.594877181429042
142700 0.594877181429042
142800 0.594877181429042
142900 0.594877181429042
143000 0.594877181429042
143100 0.594877181429042
143200 0.594877181429042
143300 0.594877181429042
143400 0.594877181429042
143500 0.594877181429042
143600 0.594877181429042
143700 0.594877181429042
143800 0.594877181429042
143900 0.594877181429042
144000 0.594877181429042
144100 0.594877181429042
144200 0.594877181429042
144300 0.594877181429042
144400 0.594877181429042
144500 0.594877181429042
144600 0.594877181429042
144700 0.594877181429042
144800 0.594877181429042
144900 0.594877181429042
145000 0.594877181429042
145100 0.594877181429042
145200 0.594877181429042
145300 0.594877181429042
145400 0.594877181429042
145500 0.594877181429042
145600 0.594877181429042
145700 0.594877181429042
145800 0.594877181429042
145900 0.594877181429042
146000 0.594877181429042
146100 0.594877181429042
146200 0.594877181429042
146300 0.594877181429042
146400 0.594877181429042
146500 0.594877181429042
146600 0.594877181429042
146700 0.594877181429042
146800 0.594877181429042
146900 0.594877181429042
147000 0.594877181429042
147100 0.594877181429042
147200 0.594877181429042
147300 0.594877181429042
147400 0.594877181429042
147500 0.594877181429042
147600 0.594877181429042
147700 0.594877181429042
147800 0.594877181429042
147900 0.594877181429042
148000 0.594877181429042
148100 0.594877181429042
148200 0.594877181429042
148300 0.594877181429042
148400 0.594877181429042
148500 0.594877181429042
148600 0.594877181429042
148700 0.594877181429042
148800 0.594877181429042
148900 0.594877181429042
149000 0.594877181429042
149100 0.594877181429042
149200 0.594877181429042
149300 0.594877181429042
149400 0.594877181429042
149500 0.594877181429042
149600 0.594877181429042
149700 0.594877181429042
149800 0.594877181429042
149900 0.594877181429042
150000 0.594877181429042
