#Tiempo [fms]     Presion [Atm]
50100 40.0305143923006
50200 40.8898538542498
50300 40.8313636895513
50400 40.7682846670512
50500 41.1057420731402
50600 41.5736168214052
50700 41.3647304657545
50800 41.6251582852958
50900 41.8271045818477
51000 41.9190608230455
51100 42.371124755264
51200 41.5390613067833
51300 41.8434105209706
51400 42.1308685378609
51500 42.1481212308592
51600 41.8957459111709
51700 41.1224044685044
51800 39.9864315045145
51900 40.4057418694433
52000 40.2204147648558
52100 40.3305730012553
52200 40.3756307021997
52300 40.4100339231501
52400 40.829506697728
52500 40.9421070904202
52600 41.0152894072633
52700 40.9818465354853
52800 41.0080380304468
52900 41.1385341412864
53000 41.2934106778878
53100 41.6557909527254
53200 42.0571758291905
53300 41.2516254231492
53400 40.8597693917281
53500 41.3058761735601
53600 41.1036975307446
53700 40.8742060778528
53800 40.8835390965158
53900 40.9039510858778
54000 39.9134881484662
54100 39.8691757543217
54200 40.2325880837149
54300 40.4510623563846
54400 40.0342186963235
54500 40.1802517582023
54600 40.6083593764517
54700 41.1050661772779
54800 41.477230613752
54900 41.273279776537
55000 42.1352512141192
55100 42.3438311545748
55200 41.3065694745577
55300 41.0599443445028
55400 41.3719874597246
55500 40.9023045958592
55600 41.2667377827753
55700 41.1830275271436
55800 41.0634393908399
55900 41.1227404348327
56000 40.7614945503073
56100 40.6627687216022
56200 40.7429925716011
56300 40.6653250043951
56400 40.1470544689518
56500 40.280438085691
56600 40.6780650944121
56700 40.9832452857952
56800 41.2689226306374
56900 41.1975458130467
57000 41.0954659970248
57100 41.3893097243761
57200 41.3967082326187
57300 42.0308566503385
57400 41.682731999116
57500 41.7385812484603
57600 41.4897720903721
57700 40.9240145894409
57800 40.3321333505098
57900 40.0713671423856
58000 39.596240169533
58100 39.8161236635142
58200 40.6520706855923
58300 40.1999597491066
58400 41.2079964999295
58500 40.5824384032557
58600 40.8530596733621
58700 40.4326500629541
58800 39.9662023874354
58900 40.7983923989113
59000 40.7292375200808
59100 41.0397680217562
59200 40.6796286964181
59300 41.219407790522
59400 41.1045593904698
59500 41.1977519276614
59600 41.4573357727389
59700 41.7700673444196
59800 41.2826539826199
59900 40.5503097438549
60000 40.6106003238073
60100 40.6420820590413
60200 40.6163887544439
60300 40.7332681010876
60400 40.6062948382936
60500 40.3242376690941
60600 39.9665899610586
60700 40.2965904031671
60800 40.0976157058491
60900 40.1778305859556
61000 40.7797561978215
61100 41.164950364675
61200 42.2164205691356
61300 42.2514433529618
61400 41.5676361381364
61500 41.5957427455359
61600 41.1272656204046
61700 41.2610354730472
61800 42.015756251381
61900 41.5295627222505
62000 41.3216062634287
62100 41.2504168923901
62200 40.8193669738203
62300 40.7443827472192
62400 41.2352400920171
62500 40.908295694898
62600 40.6750212333101
62700 41.0930319416832
62800 40.8253429440621
62900 41.1419997471425
63000 41.0197844849014
63100 41.4700881128434
63200 41.0485562037561
63300 41.4137974714699
63400 41.7802966415272
63500 42.1692703049437
63600 41.8008903224556
63700 42.0322325741435
63800 41.8980814644803
63900 41.2394883466307
64000 41.454184435119
64100 41.3438068351127
64200 40.9248007389707
64300 40.4283670480776
64400 40.9420179348229
64500 40.3344803241948
64600 40.7916206538877
64700 40.8702791953729
64800 40.3739854020797
64900 40.4635012498624
65000 40.8598894316368
65100 41.1710212017355
65200 41.0634099275504
65300 40.7445022373257
65400 41.1115772318882
65500 41.696746515316
65600 42.2359013694404
65700 41.894639733208
65800 41.6753904311037
65900 41.4902111554986
66000 41.4152422849861
66100 40.7205504746222
66200 41.2476713513584
66300 40.2198002968271
66400 40.0103608262141
66500 40.1728902819725
66600 40.3156556809008
66700 40.0375387956114
66800 40.8411706216551
66900 40.564178122994
67000 41.2145779869455
67100 41.4481515823277
67200 41.6203309135044
67300 41.7177514870986
67400 41.4378873627585
67500 41.8358907293898
67600 41.8093923073575
67700 41.228525950203
67800 41.2097779988459
67900 41.5543454834003
68000 41.6055196026146
68100 41.860332815557
68200 41.2247169166861
68300 40.3016020768933
68400 40.1301556897273
68500 40.2030424660503
68600 40.3345402841301
68700 40.6827246544324
68800 40.3451352572777
68900 40.7841216890223
69000 40.6798302887678
69100 41.3434966468021
69200 41.5781652587009
69300 41.3642870508599
69400 41.3367474477786
69500 41.3082823899012
69600 40.9745575916678
69700 41.5583561838881
69800 41.4807009000653
69900 41.7406933210777
70000 41.4040649517852
70100 41.1766866822654
70200 41.0265576461082
70300 41.1571491263107
70400 41.0388289865654
70500 40.8209027636842
70600 40.5836265406964
70700 40.6554627377284
70800 41.1987456291992
70900 41.2587870738016
71000 40.8253267909851
71100 40.7187036970504
71200 40.1033709393043
71300 40.8656689036123
71400 40.7812014657275
71500 40.4499404283265
71600 41.015973292659
71700 41.3738500306876
71800 41.0921316571688
71900 41.2662000668171
72000 41.4472628649893
72100 41.0323179857121
72200 41.6297814899459
72300 41.3991835824834
72400 41.2731628908608
72500 40.7936780199457
72600 40.8552367446505
72700 40.9793045181191
72800 40.8411899970422
72900 40.0013376649905
73000 39.9008324328909
73100 39.4142294266102
73200 39.8566117478605
73300 40.4623867251407
73400 40.6611011223499
73500 40.8196779207853
73600 41.1238181772716
73700 41.2439626947768
73800 42.7089055888486
73900 41.458087601754
74000 41.352351325311
74100 41.3891563609802
74200 41.2224582634725
74300 41.0511579630619
74400 40.8583398758073
74500 40.2624534865108
74600 40.3361903722498
74700 40.7139471526477
74800 40.9046260718113
74900 41.1967980596999
75000 41.2835666017329
75100 40.7447403850769
75200 41.0744548614419
75300 40.4017220666465
75400 40.527353368974
75500 40.8777016737384
75600 41.31990944384
75700 41.0170894390983
75800 41.432516478268
75900 41.4938561347157
76000 41.8515948435163
76100 42.2776213689769
76200 41.8586064993591
76300 42.5166870566927
76400 41.5857175991855
76500 41.9286313037232
76600 41.9101342999409
76700 41.6614035480394
76800 41.4451192080972
76900 40.8532682940073
77000 40.7902880147232
77100 40.316091255279
77200 40.5771335050584
77300 40.3680605407052
77400 41.1792875482632
77500 40.8330028040156
77600 40.3763236854196
77700 40.7324662896805
77800 41.1047925122966
77900 41.4688521373216
78000 41.7798994267585
78100 41.3158970934687
78200 40.9162564329472
78300 41.8606839178621
78400 41.5358117347465
78500 41.9720543783916
78600 40.7132866836436
78700 40.8184524484246
78800 41.7156830466626
78900 41.7144174165145
79000 41.2170209262788
79100 40.9718508250508
79200 40.6965577473483
79300 40.6613793313945
79400 40.301738834793
79500 40.9278537495653
79600 40.6422844796483
79700 40.4036150169984
79800 40.6677097149962
79900 40.7604256278399
80000 41.0580805629029
80100 41.3242584595353
80200 41.3398900632566
80300 41.5573200109423
80400 41.5607286613641
80500 41.0070350455687
80600 41.0303567999282
80700 41.2385277589807
80800 40.8863025832662
80900 40.6289986381639
81000 40.683384458282
81100 40.7006717564086
81200 41.0240164863929
81300 41.7223108531875
81400 41.452506756168
81500 40.7708957377775
81600 40.664109768555
81700 40.5948239387666
81800 40.8310634816895
81900 41.5443338143215
82000 41.477941606038
82100 41.4110932795976
82200 41.4045775034462
82300 41.5077728833071
82400 41.3082871645034
82500 40.6681079610926
82600 40.6288905379555
82700 41.0506382695356
82800 41.7496390716032
82900 41.993847264817
83000 41.504325775199
83100 41.291843992345
83200 41.4421890913164
83300 41.5042049214005
83400 41.0244129468199
83500 40.6527967800151
83600 40.72835562866
83700 40.5150996345511
83800 40.3351988556219
83900 40.6381285128056
84000 40.9254079322595
84100 40.4451510683405
84200 40.6691913791478
84300 40.9995150628469
84400 40.9479234311641
84500 40.7031892657619
84600 41.0542733182288
84700 41.208686848468
84800 41.383503527602
84900 41.1206793054038
85000 41.6250292545771
85100 41.329384276726
85200 41.2220937757854
85300 41.569525119631
85400 41.3033393825672
85500 41.2335595177921
85600 40.9416480419552
85700 40.8024563267934
85800 41.3917960304787
85900 41.2091064107006
86000 40.8681938858409
86100 41.4310819021989
86200 40.8646083903567
86300 40.3482003158888
86400 40.2189400033571
86500 40.8042057685224
86600 41.506576972106
86700 41.4486857506618
86800 41.1014486388406
86900 40.7937457121521
87000 41.3332112524852
87100 41.7328820856797
87200 41.6291179694537
87300 42.0686435725827
87400 41.8219180405101
87500 41.7795681663454
87600 41.9772535865518
87700 41.2956761719232
87800 41.7444063256401
87900 41.1252375690453
88000 40.5610010029034
88100 40.0418201637514
88200 40.4413944978199
88300 40.6091821008656
88400 40.9145443127818
88500 40.632084660957
88600 40.5058054056156
88700 41.3658270184589
88800 40.9703512770477
88900 40.8105446536827
89000 41.2830124603074
89100 41.1853354684157
89200 41.1227721994568
89300 41.7259890529648
89400 41.2100950422634
89500 41.0357166374502
89600 41.7426768727628
89700 41.3803345282897
89800 41.3111564174787
89900 41.1084800664664
90000 40.9097318385221
90100 40.7905242834868
90200 39.8474663288491
90300 40.0971759815458
90400 40.094182798408
90500 39.8263174937818
90600 40.3149968901852
90700 40.6378330584607
90800 41.2367432572575
90900 40.825554018556
91000 41.4069213224309
91100 41.1578724713233
91200 41.5018876800917
91300 41.8959609905427
91400 41.5366243383742
91500 41.4188474411461
91600 41.4208162681975
91700 41.0837399611523
91800 40.7621428850841
91900 41.0019532438436
92000 40.9789517222078
92100 41.4151793568197
92200 41.0786998993522
92300 40.9975771713092
92400 40.8757925420353
92500 40.8442103790817
92600 41.3594695230927
92700 41.2209657166688
92800 40.7027128295366
92900 40.9153660201844
93000 40.7142778147426
93100 40.5262571229894
93200 40.6382394675368
93300 41.3805510226303
93400 40.9950395049478
93500 41.4426695788701
93600 41.769886264002
93700 41.9283861563701
93800 41.7483792892676
93900 41.7092351006562
94000 41.6839487492019
94100 41.7218699078843
94200 40.9742364913946
94300 40.7527743585062
94400 40.7559248673369
94500 41.0339247239407
94600 40.6869111312118
94700 40.560811372727
94800 40.7851712223142
94900 40.1049842095782
95000 40.2435810332603
95100 41.2796091334836
95200 41.348604687561
95300 40.6685521653792
95400 40.9656967901211
95500 40.872349611656
95600 41.4425275449385
95700 41.2685296636282
95800 41.1814701947155
95900 41.3512874593992
96000 40.3477743824444
96100 41.0594371583712
96200 40.7267630165413
96300 40.6329701107298
96400 40.9218445481428
96500 41.1565552976127
96600 40.905503054025
96700 40.9106196691126
96800 40.9018634725798
96900 40.7877695620169
97000 41.1156726514426
97100 40.7055071192316
97200 40.7347039482092
97300 40.9764210477452
97400 41.3886694168845
97500 41.4932402491425
97600 40.9437270783963
97700 40.9747809984136
97800 40.7448029922514
97900 41.0791291858236
98000 40.5000487153874
98100 41.0976326990307
98200 41.2595196752031
98300 40.8500459960984
98400 40.7648189729302
98500 40.9947761199903
98600 40.2551766444373
98700 41.39849997835
98800 41.5505754230153
98900 41.6686147693146
99000 41.174184223236
99100 40.8506061987806
99200 40.8886678856675
99300 41.0754761864518
99400 41.1795423573376
99500 40.8523917894953
99600 40.969487121308
99700 40.4852065277219
99800 40.8450048199465
99900 40.5982508048007
100000 40.4169076211776
100100 40.3273261146155
100200 40.6810804258387
100300 41.2266843246661
100400 41.0453833156954
100500 41.1597538629363
100600 41.1755977654107
100700 41.2979911658957
100800 41.4368924653564
100900 41.8470970148713
101000 41.3899644582776
101100 41.6675874949126
101200 41.3023162409489
101300 41.6869812718774
101400 42.0132953180957
101500 41.4385570240617
101600 40.8996488699492
101700 41.0568049148938
101800 40.6441145222294
101900 40.9167399526332
102000 41.2588471244994
102100 41.0190766934349
102200 40.4872416989995
102300 41.1648408161327
102400 40.8181357004764
102500 40.331913343719
102600 41.0858083492672
102700 41.1369854611112
102800 41.6101700871694
102900 41.7803242940466
103000 41.2409549287611
103100 40.8712386459848
103200 40.9419493162573
103300 40.9845415725369
103400 40.7507000003887
103500 41.5419458698578
103600 41.4024760807498
103700 40.8413952796603
103800 40.5935634933979
103900 40.8158056363575
104000 40.2347266365751
104100 39.5883641029825
104200 40.2234177427474
104300 40.7289641427441
104400 40.1779810621299
104500 39.9527519346756
104600 40.0641423212812
104700 40.7187284863561
104800 40.5138344260583
104900 41.2703701795116
105000 41.632299915688
105100 41.7369231272285
105200 41.570178925
105300 41.4725932808376
105400 41.5631697369298
105500 40.4143222370867
105600 40.4320554947318
105700 40.8189032885276
105800 41.1091614564738
105900 41.5670257371431
106000 41.0798206065333
106100 40.2399156534643
106200 40.9103464301402
106300 40.6510129917579
106400 41.1108495000171
106500 40.7511224888216
106600 41.1272262073667
106700 41.4901366432721
106800 41.4571026855621
106900 40.9935031973768
107000 40.9156602775294
107100 40.9194252389767
107200 41.2055212381705
107300 42.0845637373781
107400 41.5655770785294
107500 41.9603454224859
107600 41.2532628051329
107700 41.4933105034903
107800 42.2145657405607
107900 41.7819572274208
108000 41.6942252803181
108100 40.9411699722095
108200 40.594669538044
108300 40.4259114442376
108400 40.4130363213481
108500 40.2777632470631
108600 40.5665377754191
108700 40.7071289342846
108800 39.8795912611948
108900 40.800877568586
109000 40.6541448831766
109100 41.2582555618874
109200 40.7610771904275
109300 40.9134023156686
109400 41.2366160487822
109500 41.1327270336499
109600 40.7579498972785
109700 41.3800633214888
109800 41.4778100846898
109900 41.1212059620618
110000 41.3260157636382
110100 41.1311080591711
110200 41.2125276067823
110300 41.0134460291844
110400 41.3106870989937
110500 40.9690745693838
110600 41.2285201473033
110700 41.1426160709404
110800 40.3734515996339
110900 39.8528549057905
111000 39.881520601221
111100 39.9545907603353
111200 39.6331520999313
111300 39.9867656035843
111400 40.1570860338043
111500 40.7067398839842
111600 40.2642416027605
111700 40.3748757813342
111800 40.4243390401013
111900 40.7474601128087
112000 40.6301837267773
112100 40.6557207529591
112200 41.2146833784247
112300 40.9741833142816
112400 40.8297319387049
112500 41.4298185698337
112600 41.9294954767582
112700 41.2387342094489
112800 41.2420358020736
112900 41.442673727621
113000 41.3457423285656
113100 40.9395259557315
113200 40.8843133985342
113300 40.2266862951139
113400 39.6468019952442
113500 40.4727658004414
113600 41.0191352314334
113700 40.4329642427103
113800 40.8829784282773
113900 40.8467480091266
114000 41.3998133349336
114100 41.7308873437029
114200 41.6951029708069
114300 41.5427824214573
114400 40.9449431116222
114500 41.4443980163612
114600 41.8073622919692
114700 41.3793062381001
114800 41.3216483831456
114900 40.8974055709948
115000 41.2017200138918
115100 41.3966792066422
115200 41.2339558710273
115300 40.7483038067461
115400 40.2470372904109
115500 40.6892378784604
115600 40.7634475972289
115700 40.4852603270038
115800 40.8171254769269
115900 40.5361897834297
116000 40.9755485169479
116100 41.2620104187417
116200 41.1873405535587
116300 40.9759558835562
116400 40.7109406091831
116500 41.0433380388932
116600 41.2964242150861
116700 40.8618737122921
116800 41.2138021130459
116900 40.9552528850174
117000 41.5471572730512
117100 41.3659075171871
117200 40.5911104789315
117300 40.6633443576335
117400 40.5419424914349
117500 40.1538599593123
117600 40.4500086401504
117700 40.1139045033456
117800 40.1863063109904
117900 39.8910016927832
118000 40.2632632960843
118100 40.5312416456417
118200 40.5591906135226
118300 41.1690806753514
118400 40.9506049080868
118500 41.4729151118591
118600 41.0557378518268
118700 41.1370018823052
118800 41.3654263924393
118900 41.1029569225818
119000 41.3771280717386
119100 41.5241137208625
119200 41.1951550508729
119300 41.2634212404549
119400 40.7332733074836
119500 41.0351561950215
119600 40.1696797574141
119700 40.447830467153
119800 40.5464054430639
119900 41.0038020399448
120000 40.6324414770548
120100 40.2074952622604
120200 40.630298775867
120300 40.514145975699
120400 40.8160991698724
120500 41.9406300085272
120600 41.830203840176
120700 41.3155620312372
120800 41.759435290722
120900 41.6118618823635
121000 41.5458683868515
121100 42.3254247933747
121200 41.8890522165388
121300 41.3809411725746
121400 40.6283583824418
121500 41.0868926841
121600 40.7545676231247
121700 40.6132350764359
121800 40.9897216245667
121900 40.6754617256064
122000 40.2922291935779
122100 40.389173528803
122200 40.9027399214156
122300 40.8383027522226
122400 41.0958744247296
122500 40.8633672543581
122600 40.9807992276625
122700 41.2827958809387
122800 41.5187259678199
122900 41.2353675487662
123000 41.7220107521304
123100 42.0365631136215
123200 41.426683814235
123300 41.0568911289108
123400 41.3572730638319
123500 41.3454356637027
123600 41.5611442140047
123700 41.6972204827641
123800 41.1789776108482
123900 40.5371527433433
124000 40.4388170842312
124100 40.2099592553571
124200 40.6144303004174
124300 40.2519615015869
124400 40.4770115707104
124500 40.5049071533181
124600 40.9813517516146
124700 41.2925599032397
124800 40.7301937796131
124900 40.8112188448166
125000 41.7804410131673
125100 41.3799486404349
125200 41.7283395769702
125300 41.727256014926
125400 41.4067597610597
125500 41.6992016360772
125600 41.2826082060913
125700 41.4126960305445
125800 41.42734811653
125900 41.2015316285595
126000 40.6280485390949
126100 40.288052506776
126200 40.673162757844
126300 40.6778763471849
126400 40.7055914286587
126500 40.4703358190078
126600 40.5712201621611
126700 40.7785246153125
126800 40.7141804111689
126900 40.5106109916963
127000 41.0355551235056
127100 40.7211421961156
127200 41.5523779544459
127300 41.6274295132954
127400 41.0786008834354
127500 40.9729427707663
127600 41.7843086592218
127700 40.9028628740141
127800 41.1837538528399
127900 40.764771047242
128000 41.170313157445
128100 41.4282551160152
128200 40.8685289050382
128300 40.6075068684648
128400 41.027902189911
128500 40.7369758096371
128600 40.8058665806451
128700 40.4247887352594
128800 39.966820763585
128900 40.4249343625795
129000 40.6270432391677
129100 40.2542755797887
129200 40.6364126703439
129300 41.0466390625977
129400 40.9800407767338
129500 40.7899312682444
129600 41.0524486555154
129700 41.5620751636576
129800 41.6637106203228
129900 41.5707189219322
130000 41.1939563674868
130100 40.7699544576623
130200 40.94127702726
130300 41.4791029300248
130400 41.0772488225822
130500 41.1119916594964
130600 41.0642147019355
130700 40.9912315049114
130800 41.0261025025992
130900 40.8237396968357
131000 40.3256433176817
131100 40.6750599294751
131200 40.426742263539
131300 40.0816487987031
131400 40.2568103224213
131500 40.7792083247549
131600 40.8215291334405
131700 40.806116036454
131800 41.1835047720714
131900 41.2107735035499
132000 41.1525829305799
132100 41.4265290724565
132200 41.2323631431959
132300 41.3921346885774
132400 40.8580431609912
132500 41.2024551350597
132600 41.2635392626877
132700 41.3776289889954
132800 41.1454269572387
132900 40.7832732293721
133000 41.0830037814654
133100 40.4916758427717
133200 39.8965995654327
133300 40.570390439865
133400 41.077785536798
133500 40.740740436072
133600 40.4887135978159
133700 40.8790702868855
133800 40.7196248412263
133900 40.5112421576545
134000 41.1392670693596
134100 41.1668189544014
134200 41.3196325455747
134300 40.9782366347984
134400 41.4244533813724
134500 41.8220103200916
134600 41.8276556299027
134700 41.0341257350655
134800 41.4339948650987
134900 41.4866500499671
135000 41.2822611584539
135100 41.3076594920171
135200 41.0406516944719
135300 40.7499558833296
135400 40.2034374779367
135500 40.4515935058813
135600 40.5570861687916
135700 40.5452301311822
135800 40.7329556190596
135900 41.4045235161593
136000 40.872666725202
136100 41.0666794802083
136200 40.6438889779907
136300 40.8245730881332
136400 40.7149443225029
136500 41.0871944077451
136600 42.0811117563111
136700 41.2337686309473
136800 41.5668592692931
136900 41.2170172971574
137000 41.1922399588221
137100 41.5126977587248
137200 41.1088900915151
137300 41.4933529008678
137400 41.2498494685762
137500 41.7191726124216
137600 41.199132165428
137700 41.1391342583079
137800 41.5003216276481
137900 40.7801321066475
138000 40.0467322379823
138100 40.117767090884
138200 40.8186752806223
138300 40.5203324023473
138400 40.2910460921097
138500 39.8305196866919
138600 40.1171552910333
138700 41.1101743390179
138800 41.2257760282058
138900 41.5658756793436
139000 41.1823479602409
139100 41.4364023554455
139200 41.3735008210644
139300 41.5400709776701
139400 41.1860827182938
139500 41.5701424786618
139600 41.3681433575224
139700 40.6820112649946
139800 40.8934856982836
139900 41.0469046941793
140000 40.5554088555034
140100 40.8600533085976
140200 40.8727588762065
140300 41.0324453993078
140400 40.4302022301442
140500 40.5381829533146
140600 40.3869515591434
140700 41.4154252678425
140800 41.5291497810997
140900 41.2005691694906
141000 41.4335332278031
141100 41.3345275572687
141200 41.8292228484707
141300 41.9585316753446
141400 41.612955522844
141500 42.3099549366268
141600 42.7560067526646
141700 42.4715640173689
141800 42.4453913457697
141900 41.5343957380444
142000 41.7459306861889
142100 42.0225663173135
142200 41.093671314953
142300 40.6897341033937
142400 40.749128595044
142500 41.0273486170529
142600 41.197578136053
142700 41.0101292450877
142800 40.8300022902192
142900 40.5702317711992
143000 40.8479023024343
143100 40.6179946012613
143200 41.0106378757795
143300 41.0909691956295
143400 41.7114502342366
143500 41.5585202248775
143600 39.97118576795
143700 40.2925690206516
143800 40.7814097235853
143900 41.1021944788638
144000 41.6024255115104
144100 41.477319336711
144200 40.9398802646873
144300 41.2362314728036
144400 41.5308568629509
144500 41.0387857970311
144600 41.3902011944126
144700 40.8190539177243
144800 40.5537403625341
144900 41.0503365549507
145000 40.2895634091167
145100 40.3192656891988
145200 40.3279695490805
145300 40.4507727335728
145400 40.4709313035968
145500 40.8546117765383
145600 40.5665629001763
145700 41.0588653284833
145800 41.2725453879266
145900 41.2965755279976
146000 41.7304798562936
146100 41.1248680808265
146200 41.1233800445581
146300 40.6661640621756
146400 40.7786607897178
146500 41.0695838983013
146600 41.0819278788164
146700 41.5005131808368
146800 41.2967224242254
146900 41.5766651773543
147000 41.4771961940996
147100 40.8044765078342
147200 40.6391338637402
147300 40.6137272286809
147400 40.8566702020848
147500 40.916546310402
147600 41.1149794516937
147700 40.4915366630713
147800 41.8753870920665
147900 41.2268949973893
148000 41.2468894411682
148100 41.431557589199
148200 41.7103425292478
148300 41.5617916964102
148400 41.3920631559976
148500 42.2471069137547
148600 41.7281800600904
148700 42.0676777117604
148800 41.4799689262542
148900 41.3471439000985
149000 41.2752438187219
149100 41.0507240388396
149200 40.5327092361997
149300 40.6487124239243
149400 41.1148429410857
149500 40.8841005846334
149600 41.3033412438536
149700 41.3715266593671
149800 40.8178010514184
149900 40.6529574909102
150000 40.8187007391761
