/*--------------------------------*- C++ -*----------------------------------*\
  =========                 |
  \\      /  F ield         | OpenFOAM: The Open Source CFD Toolbox
   \\    /   O peration     | Website:  https://openfoam.org
    \\  /    A nd           | Version:  6
     \\/     M anipulation  |
\*---------------------------------------------------------------------------*/
FoamFile
{
    version     2.0;
    format      ascii;
    class       volScalarField;
    location    "3";
    object      T;
}
// * * * * * * * * * * * * * * * * * * * * * * * * * * * * * * * * * * * * * //

dimensions      [0 0 0 1 0 0 0];

internalField   nonuniform List<scalar> 
5000
(
0.958694
0.958358
0.957684
0.95667
0.955314
0.953613
0.951566
0.949167
0.946413
0.943299
0.93982
0.935972
0.931749
0.927145
0.922155
0.916773
0.910993
0.904812
0.898224
0.891224
0.883809
0.875976
0.867722
0.859046
0.849948
0.840426
0.830483
0.820122
0.809345
0.798159
0.786569
0.774583
0.762211
0.749463
0.736351
0.722888
0.709089
0.69497
0.680549
0.665845
0.650877
0.635668
0.620239
0.604613
0.588815
0.572871
0.556805
0.540644
0.524415
0.508145
0.491862
0.475592
0.459363
0.443202
0.427136
0.411191
0.395393
0.379767
0.364338
0.349128
0.33416
0.319456
0.305035
0.290916
0.277116
0.263653
0.25054
0.237792
0.225419
0.213433
0.201843
0.190656
0.17988
0.169518
0.159575
0.150053
0.140953
0.132277
0.124023
0.11619
0.108775
0.101775
0.0951866
0.0890051
0.0832259
0.0778437
0.0728534
0.0682493
0.0640259
0.0601777
0.0566993
0.0535856
0.0508316
0.0484327
0.0463849
0.0446845
0.0433284
0.042314
0.0416392
0.0413025
0.958696
0.95836
0.957686
0.956672
0.955316
0.953616
0.951568
0.949169
0.946415
0.943301
0.939823
0.935975
0.931751
0.927147
0.922157
0.916775
0.910996
0.904815
0.898226
0.891227
0.883812
0.875979
0.867725
0.859049
0.84995
0.840429
0.830486
0.820124
0.809348
0.798161
0.786571
0.774586
0.762214
0.749465
0.736353
0.72289
0.709091
0.694972
0.680551
0.665846
0.650879
0.635669
0.62024
0.604614
0.588816
0.572871
0.556805
0.540644
0.524415
0.508145
0.491862
0.475592
0.459362
0.443201
0.427135
0.41119
0.395392
0.379766
0.364336
0.349127
0.334159
0.319454
0.305033
0.290914
0.277114
0.263651
0.250538
0.237789
0.225417
0.213431
0.20184
0.190654
0.179877
0.169515
0.159572
0.15005
0.140951
0.132274
0.124021
0.116187
0.108772
0.101773
0.0951841
0.0890026
0.0832234
0.0778413
0.072851
0.0682469
0.0640236
0.0601754
0.0566971
0.0535834
0.0508294
0.0484305
0.0463828
0.0446824
0.0433264
0.0423121
0.0416376
0.0413016
0.958698
0.958362
0.957688
0.956674
0.955318
0.953618
0.95157
0.949171
0.946417
0.943303
0.939825
0.935977
0.931754
0.92715
0.922159
0.916777
0.910998
0.904817
0.898229
0.891229
0.883814
0.875981
0.867728
0.859052
0.849953
0.840431
0.830488
0.820126
0.80935
0.798163
0.786574
0.774588
0.762216
0.749467
0.736355
0.722891
0.709092
0.694973
0.680552
0.665848
0.65088
0.63567
0.620241
0.604615
0.588817
0.572872
0.556806
0.540644
0.524415
0.508145
0.491862
0.475591
0.459362
0.443201
0.427134
0.411189
0.395391
0.379765
0.364335
0.349125
0.334157
0.319452
0.305031
0.290912
0.277112
0.263649
0.250536
0.237787
0.225414
0.213428
0.201838
0.190651
0.179875
0.169513
0.15957
0.150048
0.140948
0.132272
0.124018
0.116185
0.10877
0.10177
0.0951818
0.0890004
0.0832212
0.0778392
0.0728489
0.0682449
0.0640215
0.0601734
0.0566951
0.0535814
0.0508275
0.0484287
0.046381
0.0446807
0.0433247
0.0423105
0.0416361
0.0413004
0.9587
0.958364
0.95769
0.956676
0.95532
0.953619
0.951572
0.949173
0.946419
0.943305
0.939827
0.935979
0.931756
0.927152
0.922161
0.91678
0.911
0.904819
0.898231
0.891231
0.883817
0.875983
0.86773
0.859054
0.849955
0.840433
0.83049
0.820129
0.809352
0.798166
0.786576
0.77459
0.762217
0.749469
0.736356
0.722893
0.709094
0.694975
0.680554
0.665849
0.650881
0.635671
0.620242
0.604616
0.588817
0.572872
0.556806
0.540644
0.524415
0.508144
0.491861
0.475591
0.459361
0.4432
0.427133
0.411188
0.39539
0.379764
0.364334
0.349124
0.334155
0.319451
0.305029
0.29091
0.27711
0.263647
0.250534
0.237785
0.225412
0.213426
0.201836
0.190649
0.179872
0.16951
0.159567
0.150045
0.140946
0.13227
0.124016
0.116183
0.108768
0.101768
0.0951797
0.0889983
0.0832192
0.0778371
0.0728469
0.0682429
0.0640196
0.0601715
0.0566933
0.0535796
0.0508257
0.0484269
0.0463792
0.044679
0.0433231
0.0423089
0.0416347
0.0412991
0.958702
0.958366
0.957692
0.956678
0.955322
0.953621
0.951574
0.949175
0.946421
0.943307
0.939829
0.935981
0.931758
0.927154
0.922163
0.916782
0.911003
0.904821
0.898233
0.891233
0.883819
0.875986
0.867732
0.859056
0.849957
0.840435
0.830492
0.820131
0.809354
0.798168
0.786578
0.774592
0.762219
0.749471
0.736358
0.722895
0.709095
0.694976
0.680555
0.66585
0.650882
0.635672
0.620242
0.604616
0.588818
0.572873
0.556806
0.540645
0.524415
0.508144
0.491861
0.475591
0.459361
0.443199
0.427133
0.411187
0.395389
0.379762
0.364333
0.349122
0.334154
0.319449
0.305028
0.290908
0.277109
0.263645
0.250532
0.237783
0.22541
0.213424
0.201834
0.190647
0.17987
0.169508
0.159565
0.150043
0.140944
0.132268
0.124014
0.116181
0.108766
0.101766
0.0951777
0.0889963
0.0832172
0.0778352
0.072845
0.068241
0.0640178
0.0601697
0.0566915
0.0535779
0.050824
0.0484253
0.0463776
0.0446774
0.0433216
0.0423075
0.0416333
0.0412978
0.958703
0.958368
0.957693
0.956679
0.955323
0.953623
0.951575
0.949177
0.946423
0.943309
0.939831
0.935983
0.931759
0.927156
0.922165
0.916784
0.911004
0.904823
0.898235
0.891235
0.883821
0.875988
0.867734
0.859058
0.849959
0.840437
0.830494
0.820133
0.809356
0.798169
0.786579
0.774594
0.762221
0.749472
0.73636
0.722896
0.709097
0.694978
0.680556
0.665851
0.650883
0.635673
0.620243
0.604617
0.588819
0.572873
0.556806
0.540645
0.524415
0.508144
0.491861
0.47559
0.45936
0.443199
0.427132
0.411186
0.395388
0.379761
0.364331
0.349121
0.334153
0.319448
0.305026
0.290907
0.277107
0.263643
0.25053
0.237781
0.225408
0.213422
0.201832
0.190645
0.179868
0.169506
0.159563
0.150041
0.140942
0.132266
0.124012
0.116179
0.108764
0.101764
0.0951758
0.0889945
0.0832154
0.0778334
0.0728432
0.0682393
0.0640161
0.060168
0.0566898
0.0535762
0.0508224
0.0484237
0.0463761
0.0446759
0.0433201
0.0423061
0.041632
0.0412964
0.958705
0.958369
0.957695
0.956681
0.955325
0.953625
0.951577
0.949178
0.946424
0.943311
0.939832
0.935984
0.931761
0.927157
0.922167
0.916785
0.911006
0.904825
0.898237
0.891237
0.883823
0.87599
0.867736
0.85906
0.849961
0.840439
0.830496
0.820134
0.809358
0.798171
0.786581
0.774595
0.762223
0.749474
0.736361
0.722898
0.709098
0.694979
0.680557
0.665852
0.650884
0.635674
0.620244
0.604618
0.588819
0.572874
0.556807
0.540645
0.524415
0.508144
0.491861
0.47559
0.45936
0.443198
0.427131
0.411186
0.395387
0.37976
0.36433
0.34912
0.334151
0.319446
0.305024
0.290905
0.277105
0.263641
0.250528
0.237779
0.225407
0.21342
0.20183
0.190643
0.179866
0.169504
0.159561
0.150039
0.14094
0.132264
0.12401
0.116177
0.108762
0.101762
0.095174
0.0889927
0.0832136
0.0778317
0.0728415
0.0682376
0.0640144
0.0601665
0.0566883
0.0535747
0.0508209
0.0484222
0.0463747
0.0446746
0.0433188
0.0423048
0.0416307
0.0412951
0.958707
0.958371
0.957697
0.956682
0.955326
0.953626
0.951579
0.94918
0.946426
0.943312
0.939834
0.935986
0.931763
0.927159
0.922169
0.916787
0.911008
0.904827
0.898239
0.891239
0.883824
0.875991
0.867738
0.859062
0.849963
0.840441
0.830498
0.820136
0.80936
0.798173
0.786583
0.774597
0.762224
0.749475
0.736363
0.722899
0.709099
0.69498
0.680558
0.665853
0.650885
0.635675
0.620245
0.604618
0.58882
0.572874
0.556807
0.540645
0.524415
0.508144
0.491861
0.47559
0.459359
0.443198
0.427131
0.411185
0.395386
0.379759
0.364329
0.349119
0.33415
0.319445
0.305023
0.290904
0.277104
0.26364
0.250527
0.237778
0.225405
0.213419
0.201828
0.190641
0.179865
0.169503
0.159559
0.150037
0.140938
0.132262
0.124008
0.116175
0.10876
0.101761
0.0951723
0.088991
0.083212
0.0778301
0.0728399
0.0682361
0.0640129
0.060165
0.0566868
0.0535733
0.0508195
0.0484209
0.0463733
0.0446732
0.0433175
0.0423035
0.0416294
0.0412939
0.958708
0.958372
0.957698
0.956684
0.955328
0.953628
0.95158
0.949181
0.946427
0.943314
0.939836
0.935988
0.931765
0.927161
0.922171
0.916789
0.91101
0.904829
0.89824
0.891241
0.883826
0.875993
0.867739
0.859063
0.849964
0.840443
0.8305
0.820138
0.809361
0.798175
0.786584
0.774598
0.762226
0.749477
0.736364
0.7229
0.709101
0.694981
0.680559
0.665854
0.650886
0.635676
0.620245
0.604619
0.58882
0.572874
0.556807
0.540645
0.524415
0.508144
0.49186
0.475589
0.459359
0.443197
0.42713
0.411184
0.395385
0.379758
0.364328
0.349117
0.334149
0.319444
0.305022
0.290902
0.277102
0.263638
0.250525
0.237776
0.225403
0.213417
0.201827
0.19064
0.179863
0.169501
0.159558
0.150036
0.140937
0.13226
0.124007
0.116173
0.108759
0.101759
0.0951707
0.0889894
0.0832104
0.0778286
0.0728384
0.0682346
0.0640115
0.0601636
0.0566854
0.0535719
0.0508182
0.0484196
0.0463721
0.044672
0.0433163
0.0423023
0.0416282
0.0412927
0.958709
0.958374
0.957699
0.956685
0.955329
0.953629
0.951581
0.949183
0.946429
0.943315
0.939837
0.935989
0.931766
0.927162
0.922172
0.91679
0.911011
0.90483
0.898242
0.891242
0.883828
0.875995
0.867741
0.859065
0.849966
0.840444
0.830501
0.820139
0.809363
0.798176
0.786586
0.7746
0.762227
0.749478
0.736365
0.722901
0.709102
0.694982
0.68056
0.665855
0.650887
0.635676
0.620246
0.604619
0.58882
0.572875
0.556807
0.540645
0.524415
0.508144
0.49186
0.475589
0.459359
0.443197
0.427129
0.411183
0.395384
0.379758
0.364327
0.349116
0.334148
0.319442
0.305021
0.290901
0.277101
0.263637
0.250524
0.237775
0.225402
0.213416
0.201825
0.190638
0.179861
0.169499
0.159556
0.150034
0.140935
0.132259
0.124005
0.116172
0.108757
0.101757
0.0951692
0.088988
0.083209
0.0778271
0.0728371
0.0682333
0.0640102
0.0601623
0.0566842
0.0535707
0.0508169
0.0484184
0.0463709
0.0446709
0.0433151
0.0423012
0.0416271
0.0412916
0.958711
0.958375
0.957701
0.956686
0.955331
0.95363
0.951583
0.949184
0.94643
0.943317
0.939838
0.935991
0.931767
0.927164
0.922174
0.916792
0.911013
0.904832
0.898243
0.891244
0.883829
0.875996
0.867743
0.859067
0.849967
0.840446
0.830503
0.820141
0.809364
0.798177
0.786587
0.774601
0.762228
0.749479
0.736366
0.722903
0.709103
0.694983
0.680561
0.665856
0.650888
0.635677
0.620247
0.60462
0.588821
0.572875
0.556808
0.540645
0.524415
0.508144
0.49186
0.475589
0.459358
0.443196
0.427129
0.411183
0.395384
0.379757
0.364326
0.349115
0.334147
0.319441
0.305019
0.2909
0.2771
0.263636
0.250522
0.237773
0.2254
0.213414
0.201824
0.190637
0.17986
0.169498
0.159555
0.150033
0.140934
0.132257
0.124004
0.11617
0.108756
0.101756
0.0951678
0.0889866
0.0832077
0.0778258
0.0728358
0.068232
0.0640089
0.060161
0.056683
0.0535695
0.0508158
0.0484173
0.0463698
0.0446698
0.0433141
0.0423002
0.0416261
0.0412906
0.958712
0.958376
0.957702
0.956688
0.955332
0.953632
0.951584
0.949185
0.946431
0.943318
0.93984
0.935992
0.931769
0.927165
0.922175
0.916793
0.911014
0.904833
0.898245
0.891245
0.883831
0.875998
0.867744
0.859068
0.849969
0.840447
0.830504
0.820142
0.809365
0.798179
0.786588
0.774602
0.762229
0.749481
0.736367
0.722904
0.709104
0.694984
0.680562
0.665857
0.650888
0.635677
0.620247
0.60462
0.588821
0.572875
0.556808
0.540646
0.524415
0.508144
0.49186
0.475588
0.459358
0.443196
0.427128
0.411182
0.395383
0.379756
0.364325
0.349115
0.334146
0.31944
0.305018
0.290899
0.277098
0.263634
0.250521
0.237772
0.225399
0.213413
0.201822
0.190635
0.179858
0.169496
0.159553
0.150031
0.140932
0.132256
0.124002
0.116169
0.108754
0.101755
0.0951666
0.0889854
0.0832064
0.0778246
0.0728346
0.0682308
0.0640078
0.0601599
0.0566819
0.0535684
0.0508147
0.0484162
0.0463688
0.0446688
0.0433131
0.0422992
0.0416251
0.0412897
0.958713
0.958377
0.957703
0.956689
0.955333
0.953633
0.951585
0.949186
0.946433
0.943319
0.939841
0.935993
0.93177
0.927166
0.922176
0.916794
0.911015
0.904834
0.898246
0.891247
0.883832
0.875999
0.867745
0.859069
0.84997
0.840448
0.830505
0.820143
0.809367
0.79818
0.78659
0.774603
0.762231
0.749482
0.736368
0.722904
0.709105
0.694985
0.680563
0.665858
0.650889
0.635678
0.620248
0.604621
0.588822
0.572875
0.556808
0.540646
0.524415
0.508144
0.49186
0.475588
0.459358
0.443195
0.427128
0.411182
0.395382
0.379755
0.364325
0.349114
0.334145
0.319439
0.305017
0.290897
0.277097
0.263633
0.25052
0.237771
0.225398
0.213412
0.201821
0.190634
0.179857
0.169495
0.159552
0.15003
0.140931
0.132255
0.124001
0.116168
0.108753
0.101754
0.0951654
0.0889842
0.0832053
0.0778235
0.0728335
0.0682298
0.0640067
0.0601589
0.0566809
0.0535675
0.0508138
0.0484153
0.0463679
0.0446679
0.0433122
0.0422983
0.0416243
0.0412888
0.958714
0.958378
0.957704
0.95669
0.955334
0.953634
0.951586
0.949187
0.946434
0.94332
0.939842
0.935994
0.931771
0.927167
0.922177
0.916795
0.911017
0.904835
0.898247
0.891248
0.883833
0.876
0.867746
0.85907
0.849971
0.84045
0.830506
0.820145
0.809368
0.798181
0.786591
0.774604
0.762232
0.749482
0.736369
0.722905
0.709105
0.694986
0.680564
0.665858
0.650889
0.635679
0.620248
0.604621
0.588822
0.572876
0.556808
0.540646
0.524415
0.508144
0.491859
0.475588
0.459357
0.443195
0.427127
0.411181
0.395382
0.379755
0.364324
0.349113
0.334144
0.319439
0.305016
0.290897
0.277096
0.263632
0.250519
0.23777
0.225397
0.21341
0.20182
0.190633
0.179856
0.169494
0.159551
0.150029
0.14093
0.132254
0.124
0.116167
0.108752
0.101753
0.0951643
0.0889832
0.0832043
0.0778225
0.0728325
0.0682288
0.0640058
0.060158
0.05668
0.0535666
0.0508129
0.0484144
0.046367
0.044667
0.0433114
0.0422975
0.0416235
0.041288
0.958715
0.958379
0.957705
0.956691
0.955335
0.953635
0.951587
0.949188
0.946435
0.943321
0.939843
0.935995
0.931772
0.927168
0.922178
0.916797
0.911018
0.904837
0.898248
0.891249
0.883834
0.876001
0.867748
0.859071
0.849972
0.840451
0.830507
0.820146
0.809369
0.798182
0.786592
0.774605
0.762232
0.749483
0.73637
0.722906
0.709106
0.694986
0.680564
0.665859
0.65089
0.635679
0.620248
0.604621
0.588822
0.572876
0.556808
0.540646
0.524415
0.508143
0.491859
0.475588
0.459357
0.443194
0.427127
0.411181
0.395381
0.379754
0.364323
0.349112
0.334143
0.319438
0.305016
0.290896
0.277096
0.263631
0.250518
0.237769
0.225396
0.213409
0.201819
0.190632
0.179855
0.169493
0.15955
0.150028
0.140929
0.132253
0.123999
0.116166
0.108751
0.101752
0.0951633
0.0889822
0.0832033
0.0778216
0.0728316
0.0682279
0.0640049
0.0601571
0.0566791
0.0535658
0.0508121
0.0484137
0.0463663
0.0446663
0.0433106
0.0422968
0.0416227
0.0412872
0.958716
0.95838
0.957706
0.956692
0.955336
0.953635
0.951588
0.949189
0.946435
0.943322
0.939844
0.935996
0.931773
0.927169
0.922179
0.916797
0.911019
0.904837
0.898249
0.89125
0.883835
0.876002
0.867748
0.859072
0.849973
0.840452
0.830508
0.820147
0.80937
0.798183
0.786592
0.774606
0.762233
0.749484
0.736371
0.722907
0.709107
0.694987
0.680565
0.665859
0.65089
0.635679
0.620249
0.604622
0.588822
0.572876
0.556808
0.540646
0.524415
0.508143
0.491859
0.475587
0.459357
0.443194
0.427126
0.41118
0.395381
0.379754
0.364323
0.349112
0.334143
0.319437
0.305015
0.290895
0.277095
0.263631
0.250517
0.237768
0.225395
0.213408
0.201818
0.190631
0.179854
0.169492
0.159549
0.150027
0.140928
0.132252
0.123998
0.116165
0.10875
0.101751
0.0951625
0.0889814
0.0832025
0.0778208
0.0728308
0.0682271
0.0640042
0.0601564
0.0566784
0.0535651
0.0508114
0.048413
0.0463656
0.0446656
0.04331
0.0422961
0.0416221
0.0412866
0.958716
0.958381
0.957706
0.956692
0.955336
0.953636
0.951589
0.94919
0.946436
0.943323
0.939845
0.935997
0.931774
0.92717
0.92218
0.916798
0.911019
0.904838
0.89825
0.891251
0.883836
0.876003
0.867749
0.859073
0.849974
0.840452
0.830509
0.820147
0.80937
0.798184
0.786593
0.774607
0.762234
0.749485
0.736371
0.722907
0.709107
0.694987
0.680565
0.66586
0.650891
0.63568
0.620249
0.604622
0.588822
0.572876
0.556808
0.540646
0.524415
0.508143
0.491859
0.475587
0.459356
0.443194
0.427126
0.41118
0.39538
0.379753
0.364322
0.349111
0.334142
0.319436
0.305014
0.290894
0.277094
0.26363
0.250516
0.237767
0.225394
0.213408
0.201817
0.19063
0.179853
0.169491
0.159548
0.150026
0.140927
0.132251
0.123997
0.116164
0.108749
0.10175
0.0951617
0.0889806
0.0832018
0.0778201
0.0728301
0.0682264
0.0640035
0.0601557
0.0566778
0.0535644
0.0508108
0.0484124
0.046365
0.044665
0.0433094
0.0422955
0.0416215
0.041286
0.958717
0.958381
0.957707
0.956693
0.955337
0.953637
0.951589
0.949191
0.946437
0.943324
0.939845
0.935998
0.931775
0.927171
0.922181
0.916799
0.91102
0.904839
0.898251
0.891251
0.883837
0.876004
0.86775
0.859074
0.849975
0.840453
0.83051
0.820148
0.809371
0.798184
0.786594
0.774608
0.762235
0.749485
0.736372
0.722908
0.709108
0.694988
0.680566
0.66586
0.650891
0.63568
0.620249
0.604622
0.588823
0.572876
0.556808
0.540646
0.524415
0.508143
0.491859
0.475587
0.459356
0.443194
0.427126
0.411179
0.39538
0.379753
0.364322
0.349111
0.334141
0.319436
0.305014
0.290894
0.277093
0.263629
0.250516
0.237766
0.225393
0.213407
0.201816
0.190629
0.179852
0.16949
0.159547
0.150025
0.140926
0.13225
0.123996
0.116163
0.108749
0.101749
0.0951611
0.08898
0.0832011
0.0778194
0.0728295
0.0682259
0.0640029
0.0601552
0.0566772
0.0535639
0.0508103
0.0484119
0.0463645
0.0446645
0.0433089
0.0422951
0.041621
0.0412856
0.958718
0.958382
0.957708
0.956694
0.955338
0.953638
0.95159
0.949191
0.946438
0.943324
0.939846
0.935998
0.931775
0.927171
0.922181
0.9168
0.911021
0.90484
0.898252
0.891252
0.883837
0.876004
0.867751
0.859075
0.849976
0.840454
0.830511
0.820149
0.809372
0.798185
0.786594
0.774608
0.762235
0.749486
0.736372
0.722908
0.709108
0.694988
0.680566
0.66586
0.650891
0.63568
0.620249
0.604622
0.588823
0.572876
0.556808
0.540646
0.524415
0.508143
0.491859
0.475587
0.459356
0.443193
0.427125
0.411179
0.39538
0.379752
0.364321
0.34911
0.334141
0.319435
0.305013
0.290893
0.277093
0.263629
0.250515
0.237766
0.225393
0.213406
0.201816
0.190629
0.179852
0.16949
0.159547
0.150025
0.140926
0.13225
0.123996
0.116163
0.108748
0.101749
0.0951605
0.0889794
0.0832006
0.0778189
0.072829
0.0682254
0.0640024
0.0601547
0.0566768
0.0535634
0.0508098
0.0484114
0.0463641
0.0446641
0.0433085
0.0422946
0.0416206
0.0412852
0.958718
0.958383
0.957708
0.956694
0.955338
0.953638
0.95159
0.949192
0.946438
0.943325
0.939847
0.935999
0.931776
0.927172
0.922182
0.9168
0.911021
0.90484
0.898252
0.891253
0.883838
0.876005
0.867751
0.859075
0.849976
0.840454
0.830511
0.820149
0.809372
0.798185
0.786595
0.774609
0.762235
0.749486
0.736373
0.722909
0.709109
0.694989
0.680566
0.665861
0.650892
0.63568
0.62025
0.604622
0.588823
0.572876
0.556808
0.540646
0.524415
0.508143
0.491859
0.475587
0.459356
0.443193
0.427125
0.411179
0.395379
0.379752
0.364321
0.34911
0.334141
0.319435
0.305013
0.290893
0.277092
0.263628
0.250515
0.237765
0.225392
0.213406
0.201815
0.190628
0.179851
0.169489
0.159546
0.150024
0.140925
0.132249
0.123995
0.116162
0.108748
0.101748
0.0951601
0.088979
0.0832002
0.0778185
0.0728286
0.068225
0.064002
0.0601543
0.0566764
0.0535631
0.0508095
0.0484111
0.0463637
0.0446638
0.0433082
0.0422943
0.0416203
0.0412848
0.958719
0.958383
0.957709
0.956694
0.955339
0.953638
0.951591
0.949192
0.946439
0.943325
0.939847
0.935999
0.931776
0.927172
0.922182
0.916801
0.911022
0.904841
0.898253
0.891253
0.883838
0.876005
0.867752
0.859076
0.849977
0.840455
0.830511
0.82015
0.809373
0.798186
0.786595
0.774609
0.762236
0.749487
0.736373
0.722909
0.709109
0.694989
0.680566
0.665861
0.650892
0.635681
0.62025
0.604622
0.588823
0.572876
0.556808
0.540646
0.524415
0.508143
0.491858
0.475587
0.459356
0.443193
0.427125
0.411178
0.395379
0.379752
0.364321
0.349109
0.33414
0.319435
0.305012
0.290892
0.277092
0.263628
0.250514
0.237765
0.225392
0.213405
0.201815
0.190628
0.179851
0.169489
0.159546
0.150024
0.140925
0.132249
0.123995
0.116162
0.108747
0.101748
0.0951597
0.0889787
0.0831998
0.0778182
0.0728283
0.0682247
0.0640018
0.060154
0.0566761
0.0535628
0.0508092
0.0484108
0.0463635
0.0446636
0.0433079
0.0422941
0.0416201
0.0412846
0.958719
0.958383
0.957709
0.956695
0.955339
0.953639
0.951591
0.949193
0.946439
0.943325
0.939847
0.935999
0.931776
0.927173
0.922183
0.916801
0.911022
0.904841
0.898253
0.891253
0.883839
0.876006
0.867752
0.859076
0.849977
0.840455
0.830512
0.82015
0.809373
0.798186
0.786595
0.774609
0.762236
0.749487
0.736373
0.722909
0.709109
0.694989
0.680567
0.665861
0.650892
0.635681
0.62025
0.604622
0.588823
0.572876
0.556808
0.540646
0.524415
0.508143
0.491858
0.475586
0.459355
0.443193
0.427125
0.411178
0.395379
0.379751
0.36432
0.349109
0.33414
0.319434
0.305012
0.290892
0.277092
0.263627
0.250514
0.237765
0.225391
0.213405
0.201815
0.190628
0.179851
0.169489
0.159545
0.150024
0.140924
0.132248
0.123995
0.116162
0.108747
0.101748
0.0951595
0.0889784
0.0831996
0.077818
0.0728281
0.0682245
0.0640016
0.0601538
0.0566759
0.0535626
0.0508091
0.0484107
0.0463633
0.0446634
0.0433078
0.0422939
0.0416199
0.0412844
0.958719
0.958383
0.957709
0.956695
0.955339
0.953639
0.951591
0.949193
0.946439
0.943326
0.939848
0.936
0.931777
0.927173
0.922183
0.916801
0.911022
0.904841
0.898253
0.891254
0.883839
0.876006
0.867752
0.859076
0.849977
0.840455
0.830512
0.82015
0.809373
0.798186
0.786596
0.774609
0.762236
0.749487
0.736373
0.722909
0.709109
0.694989
0.680567
0.665861
0.650892
0.635681
0.62025
0.604622
0.588823
0.572876
0.556808
0.540646
0.524415
0.508143
0.491858
0.475586
0.459355
0.443192
0.427125
0.411178
0.395379
0.379751
0.36432
0.349109
0.33414
0.319434
0.305012
0.290892
0.277091
0.263627
0.250514
0.237764
0.225391
0.213405
0.201814
0.190627
0.17985
0.169488
0.159545
0.150023
0.140924
0.132248
0.123994
0.116162
0.108747
0.101747
0.0951593
0.0889783
0.0831995
0.0778178
0.072828
0.0682244
0.0640015
0.0601538
0.0566758
0.0535626
0.050809
0.0484106
0.0463632
0.0446633
0.0433077
0.0422939
0.0416199
0.0412844
0.958719
0.958384
0.957709
0.956695
0.955339
0.953639
0.951592
0.949193
0.946439
0.943326
0.939848
0.936
0.931777
0.927173
0.922183
0.916801
0.911023
0.904841
0.898253
0.891254
0.883839
0.876006
0.867752
0.859076
0.849977
0.840455
0.830512
0.82015
0.809373
0.798186
0.786596
0.774609
0.762236
0.749487
0.736373
0.722909
0.709109
0.694989
0.680567
0.665861
0.650892
0.635681
0.62025
0.604622
0.588823
0.572876
0.556808
0.540645
0.524415
0.508143
0.491858
0.475586
0.459355
0.443192
0.427124
0.411178
0.395378
0.379751
0.36432
0.349109
0.33414
0.319434
0.305012
0.290891
0.277091
0.263627
0.250514
0.237764
0.225391
0.213405
0.201814
0.190627
0.17985
0.169488
0.159545
0.150023
0.140924
0.132248
0.123994
0.116161
0.108747
0.101747
0.0951593
0.0889783
0.0831995
0.0778178
0.0728279
0.0682243
0.0640014
0.0601537
0.0566758
0.0535626
0.050809
0.0484106
0.0463633
0.0446633
0.0433077
0.0422939
0.0416199
0.0412844
0.958719
0.958384
0.957709
0.956695
0.955339
0.953639
0.951592
0.949193
0.946439
0.943326
0.939848
0.936
0.931777
0.927173
0.922183
0.916801
0.911023
0.904841
0.898253
0.891254
0.883839
0.876006
0.867752
0.859076
0.849977
0.840455
0.830512
0.82015
0.809373
0.798186
0.786596
0.774609
0.762236
0.749487
0.736373
0.722909
0.709109
0.694989
0.680567
0.665861
0.650892
0.63568
0.620249
0.604622
0.588823
0.572876
0.556808
0.540645
0.524414
0.508142
0.491858
0.475586
0.459355
0.443192
0.427124
0.411178
0.395378
0.379751
0.36432
0.349109
0.33414
0.319434
0.305012
0.290891
0.277091
0.263627
0.250513
0.237764
0.225391
0.213405
0.201814
0.190627
0.17985
0.169488
0.159545
0.150023
0.140924
0.132248
0.123994
0.116162
0.108747
0.101747
0.0951594
0.0889783
0.0831995
0.0778179
0.072828
0.0682244
0.0640015
0.0601538
0.0566759
0.0535626
0.0508091
0.0484107
0.0463634
0.0446634
0.0433078
0.042294
0.04162
0.0412845
0.958719
0.958384
0.957709
0.956695
0.955339
0.953639
0.951592
0.949193
0.946439
0.943326
0.939848
0.936
0.931777
0.927173
0.922183
0.916801
0.911022
0.904841
0.898253
0.891254
0.883839
0.876006
0.867752
0.859076
0.849977
0.840455
0.830512
0.82015
0.809373
0.798186
0.786595
0.774609
0.762236
0.749487
0.736373
0.722909
0.709109
0.694989
0.680566
0.665861
0.650892
0.63568
0.620249
0.604622
0.588822
0.572876
0.556808
0.540645
0.524414
0.508142
0.491858
0.475586
0.459355
0.443192
0.427124
0.411178
0.395378
0.379751
0.36432
0.349109
0.33414
0.319434
0.305012
0.290891
0.277091
0.263627
0.250514
0.237764
0.225391
0.213405
0.201814
0.190627
0.17985
0.169489
0.159545
0.150023
0.140924
0.132248
0.123995
0.116162
0.108747
0.101748
0.0951595
0.0889785
0.0831997
0.0778181
0.0728282
0.0682246
0.0640017
0.060154
0.0566761
0.0535628
0.0508093
0.0484109
0.0463635
0.0446636
0.043308
0.0422942
0.0416202
0.0412847
0.958719
0.958384
0.957709
0.956695
0.955339
0.953639
0.951592
0.949193
0.946439
0.943326
0.939848
0.936
0.931777
0.927173
0.922183
0.916801
0.911022
0.904841
0.898253
0.891254
0.883839
0.876006
0.867752
0.859076
0.849977
0.840455
0.830512
0.82015
0.809373
0.798186
0.786595
0.774609
0.762236
0.749486
0.736373
0.722909
0.709109
0.694988
0.680566
0.66586
0.650891
0.63568
0.620249
0.604622
0.588822
0.572876
0.556808
0.540645
0.524414
0.508142
0.491858
0.475586
0.459355
0.443192
0.427124
0.411178
0.395378
0.379751
0.36432
0.349109
0.33414
0.319434
0.305012
0.290892
0.277091
0.263627
0.250514
0.237764
0.225391
0.213405
0.201815
0.190628
0.179851
0.169489
0.159546
0.150024
0.140925
0.132249
0.123995
0.116162
0.108747
0.101748
0.0951598
0.0889788
0.0832
0.0778184
0.0728285
0.0682249
0.064002
0.0601543
0.0566764
0.0535631
0.0508095
0.0484111
0.0463638
0.0446639
0.0433083
0.0422944
0.0416204
0.041285
0.958719
0.958383
0.957709
0.956695
0.955339
0.953639
0.951591
0.949193
0.946439
0.943325
0.939847
0.935999
0.931776
0.927173
0.922183
0.916801
0.911022
0.904841
0.898253
0.891253
0.883839
0.876005
0.867752
0.859076
0.849976
0.840455
0.830511
0.820149
0.809372
0.798185
0.786595
0.774608
0.762235
0.749486
0.736373
0.722908
0.709108
0.694988
0.680566
0.66586
0.650891
0.63568
0.620249
0.604622
0.588822
0.572875
0.556808
0.540645
0.524414
0.508142
0.491858
0.475586
0.459355
0.443192
0.427124
0.411178
0.395378
0.379751
0.36432
0.349109
0.33414
0.319434
0.305012
0.290892
0.277092
0.263627
0.250514
0.237765
0.225392
0.213405
0.201815
0.190628
0.179851
0.169489
0.159546
0.150024
0.140925
0.132249
0.123995
0.116162
0.108748
0.101748
0.0951602
0.0889792
0.0832004
0.0778187
0.0728289
0.0682253
0.0640024
0.0601547
0.0566768
0.0535635
0.0508099
0.0484115
0.0463642
0.0446643
0.0433086
0.0422948
0.0416208
0.0412853
0.958719
0.958383
0.957709
0.956695
0.955339
0.953639
0.951591
0.949192
0.946439
0.943325
0.939847
0.935999
0.931776
0.927172
0.922182
0.916801
0.911022
0.904841
0.898252
0.891253
0.883838
0.876005
0.867751
0.859075
0.849976
0.840454
0.830511
0.820149
0.809372
0.798185
0.786594
0.774608
0.762235
0.749486
0.736372
0.722908
0.709108
0.694988
0.680565
0.66586
0.650891
0.635679
0.620249
0.604621
0.588822
0.572875
0.556807
0.540645
0.524414
0.508142
0.491858
0.475586
0.459355
0.443192
0.427124
0.411178
0.395378
0.379751
0.36432
0.349109
0.33414
0.319434
0.305012
0.290892
0.277092
0.263628
0.250514
0.237765
0.225392
0.213406
0.201815
0.190628
0.179851
0.16949
0.159546
0.150025
0.140925
0.132249
0.123996
0.116163
0.108748
0.101749
0.0951607
0.0889797
0.0832009
0.0778192
0.0728294
0.0682257
0.0640028
0.0601551
0.0566772
0.0535639
0.0508104
0.048412
0.0463646
0.0446647
0.0433091
0.0422952
0.0416212
0.0412858
0.958718
0.958383
0.957708
0.956694
0.955338
0.953638
0.951591
0.949192
0.946438
0.943325
0.939847
0.935999
0.931776
0.927172
0.922182
0.9168
0.911021
0.90484
0.898252
0.891252
0.883838
0.876005
0.867751
0.859075
0.849975
0.840454
0.83051
0.820148
0.809371
0.798184
0.786594
0.774607
0.762234
0.749485
0.736372
0.722907
0.709107
0.694987
0.680565
0.665859
0.65089
0.635679
0.620248
0.604621
0.588821
0.572875
0.556807
0.540645
0.524414
0.508142
0.491858
0.475586
0.459355
0.443192
0.427124
0.411178
0.395379
0.379751
0.36432
0.349109
0.33414
0.319435
0.305012
0.290892
0.277092
0.263628
0.250515
0.237766
0.225393
0.213406
0.201816
0.190629
0.179852
0.16949
0.159547
0.150025
0.140926
0.13225
0.123996
0.116163
0.108749
0.101749
0.0951613
0.0889802
0.0832015
0.0778198
0.0728299
0.0682263
0.0640034
0.0601557
0.0566778
0.0535645
0.0508109
0.0484125
0.0463652
0.0446652
0.0433096
0.0422958
0.0416218
0.0412863
0.958718
0.958382
0.957708
0.956694
0.955338
0.953638
0.95159
0.949191
0.946438
0.943324
0.939846
0.935998
0.931775
0.927171
0.922181
0.916799
0.911021
0.904839
0.898251
0.891252
0.883837
0.876004
0.86775
0.859074
0.849975
0.840453
0.83051
0.820148
0.809371
0.798184
0.786593
0.774607
0.762234
0.749485
0.736371
0.722907
0.709107
0.694987
0.680564
0.665859
0.65089
0.635679
0.620248
0.604621
0.588821
0.572875
0.556807
0.540644
0.524413
0.508142
0.491857
0.475586
0.459355
0.443192
0.427124
0.411178
0.395379
0.379751
0.364321
0.34911
0.334141
0.319435
0.305013
0.290893
0.277093
0.263629
0.250515
0.237766
0.225393
0.213407
0.201816
0.19063
0.179853
0.169491
0.159548
0.150026
0.140927
0.132251
0.123997
0.116164
0.10875
0.10175
0.095162
0.0889809
0.0832022
0.0778205
0.0728306
0.068227
0.0640041
0.0601564
0.0566785
0.0535651
0.0508116
0.0484132
0.0463658
0.0446659
0.0433103
0.0422964
0.0416224
0.0412869
0.958717
0.958382
0.957707
0.956693
0.955337
0.953637
0.95159
0.949191
0.946437
0.943324
0.939845
0.935998
0.931774
0.927171
0.922181
0.916799
0.91102
0.904839
0.89825
0.891251
0.883836
0.876003
0.867749
0.859073
0.849974
0.840452
0.830509
0.820147
0.80937
0.798183
0.786592
0.774606
0.762233
0.749484
0.73637
0.722906
0.709106
0.694986
0.680564
0.665858
0.650889
0.635678
0.620247
0.60462
0.588821
0.572874
0.556807
0.540644
0.524413
0.508142
0.491857
0.475586
0.459355
0.443192
0.427125
0.411178
0.395379
0.379752
0.364321
0.34911
0.334141
0.319435
0.305013
0.290893
0.277093
0.263629
0.250516
0.237767
0.225394
0.213408
0.201817
0.19063
0.179853
0.169492
0.159548
0.150027
0.140928
0.132252
0.123998
0.116165
0.10875
0.101751
0.0951628
0.0889817
0.083203
0.0778213
0.0728314
0.0682278
0.0640049
0.0601571
0.0566792
0.0535659
0.0508123
0.0484139
0.0463665
0.0446666
0.043311
0.0422971
0.0416231
0.0412876
0.958717
0.958381
0.957707
0.956693
0.955337
0.953637
0.951589
0.94919
0.946436
0.943323
0.939845
0.935997
0.931774
0.92717
0.92218
0.916798
0.911019
0.904838
0.89825
0.89125
0.883835
0.876002
0.867748
0.859072
0.849973
0.840451
0.830508
0.820146
0.809369
0.798182
0.786592
0.774605
0.762232
0.749483
0.73637
0.722905
0.709105
0.694985
0.680563
0.665858
0.650889
0.635678
0.620247
0.60462
0.58882
0.572874
0.556806
0.540644
0.524413
0.508141
0.491857
0.475586
0.459355
0.443192
0.427125
0.411178
0.395379
0.379752
0.364321
0.34911
0.334142
0.319436
0.305014
0.290894
0.277094
0.26363
0.250517
0.237768
0.225395
0.213408
0.201818
0.190631
0.179854
0.169492
0.159549
0.150028
0.140929
0.132252
0.123999
0.116166
0.108751
0.101752
0.0951637
0.0889827
0.0832039
0.0778222
0.0728323
0.0682286
0.0640057
0.060158
0.0566801
0.0535667
0.0508131
0.0484147
0.0463673
0.0446674
0.0433118
0.0422979
0.0416239
0.0412884
0.958716
0.95838
0.957706
0.956692
0.955336
0.953636
0.951588
0.949189
0.946436
0.943322
0.939844
0.935996
0.931773
0.927169
0.922179
0.916797
0.911018
0.904837
0.898249
0.891249
0.883834
0.876001
0.867747
0.859071
0.849972
0.84045
0.830507
0.820145
0.809368
0.798181
0.786591
0.774604
0.762231
0.749482
0.736369
0.722905
0.709104
0.694985
0.680562
0.665857
0.650888
0.635677
0.620246
0.604619
0.58882
0.572874
0.556806
0.540644
0.524413
0.508141
0.491857
0.475586
0.459355
0.443192
0.427125
0.411179
0.395379
0.379752
0.364322
0.349111
0.334142
0.319437
0.305015
0.290895
0.277095
0.263631
0.250517
0.237768
0.225396
0.213409
0.201819
0.190632
0.179855
0.169493
0.15955
0.150029
0.14093
0.132254
0.124
0.116167
0.108752
0.101753
0.0951647
0.0889837
0.0832049
0.0778232
0.0728333
0.0682296
0.0640067
0.0601589
0.056681
0.0535677
0.0508141
0.0484156
0.0463683
0.0446683
0.0433127
0.0422988
0.0416248
0.0412893
0.958715
0.95838
0.957705
0.956691
0.955335
0.953635
0.951587
0.949189
0.946435
0.943321
0.939843
0.935995
0.931772
0.927168
0.922178
0.916796
0.911017
0.904836
0.898248
0.891248
0.883833
0.876
0.867746
0.85907
0.849971
0.840449
0.830506
0.820144
0.809367
0.79818
0.786589
0.774603
0.76223
0.749481
0.736368
0.722904
0.709104
0.694984
0.680562
0.665856
0.650887
0.635676
0.620246
0.604619
0.588819
0.572873
0.556806
0.540643
0.524413
0.508141
0.491857
0.475586
0.459355
0.443193
0.427125
0.411179
0.39538
0.379753
0.364322
0.349111
0.334143
0.319437
0.305015
0.290896
0.277096
0.263632
0.250518
0.237769
0.225397
0.21341
0.20182
0.190633
0.179856
0.169495
0.159552
0.15003
0.140931
0.132255
0.124001
0.116168
0.108753
0.101754
0.0951659
0.0889848
0.083206
0.0778243
0.0728344
0.0682307
0.0640078
0.06016
0.056682
0.0535687
0.0508151
0.0484166
0.0463693
0.0446693
0.0433137
0.0422998
0.0416258
0.0412903
0.958714
0.958379
0.957704
0.95669
0.955334
0.953634
0.951586
0.949188
0.946434
0.94332
0.939842
0.935994
0.931771
0.927167
0.922177
0.916795
0.911016
0.904835
0.898246
0.891247
0.883832
0.875999
0.867745
0.859069
0.84997
0.840448
0.830505
0.820143
0.809366
0.798179
0.786588
0.774602
0.762229
0.74948
0.736367
0.722903
0.709102
0.694983
0.680561
0.665855
0.650886
0.635676
0.620245
0.604618
0.588819
0.572873
0.556805
0.540643
0.524412
0.508141
0.491857
0.475586
0.459355
0.443193
0.427125
0.411179
0.39538
0.379753
0.364323
0.349112
0.334143
0.319438
0.305016
0.290896
0.277097
0.263633
0.250519
0.23777
0.225398
0.213411
0.201821
0.190634
0.179858
0.169496
0.159553
0.150031
0.140932
0.132256
0.124002
0.116169
0.108755
0.101755
0.0951671
0.088986
0.0832072
0.0778255
0.0728356
0.0682319
0.0640089
0.0601611
0.0566832
0.0535698
0.0508162
0.0484177
0.0463703
0.0446704
0.0433147
0.0423009
0.0416268
0.0412913
0.958713
0.958378
0.957703
0.956689
0.955333
0.953633
0.951585
0.949187
0.946433
0.943319
0.939841
0.935993
0.93177
0.927166
0.922176
0.916794
0.911015
0.904833
0.898245
0.891246
0.883831
0.875998
0.867744
0.859068
0.849968
0.840446
0.830503
0.820141
0.809364
0.798177
0.786587
0.774601
0.762228
0.749479
0.736365
0.722901
0.709101
0.694982
0.68056
0.665854
0.650886
0.635675
0.620244
0.604617
0.588818
0.572872
0.556805
0.540643
0.524412
0.508141
0.491857
0.475586
0.459355
0.443193
0.427126
0.41118
0.395381
0.379754
0.364323
0.349113
0.334144
0.319439
0.305017
0.290897
0.277098
0.263634
0.250521
0.237772
0.225399
0.213413
0.201822
0.190636
0.179859
0.169497
0.159554
0.150032
0.140933
0.132257
0.124004
0.116171
0.108756
0.101757
0.0951685
0.0889874
0.0832085
0.0778268
0.0728368
0.0682332
0.0640102
0.0601624
0.0566844
0.053571
0.0508174
0.0484189
0.0463715
0.0446716
0.0433159
0.042302
0.041628
0.0412925
0.958712
0.958377
0.957702
0.956688
0.955332
0.953632
0.951584
0.949186
0.946432
0.943318
0.93984
0.935992
0.931768
0.927165
0.922174
0.916792
0.911013
0.904832
0.898244
0.891244
0.883829
0.875996
0.867742
0.859066
0.849967
0.840445
0.830502
0.82014
0.809363
0.798176
0.786586
0.774599
0.762226
0.749477
0.736364
0.7229
0.7091
0.69498
0.680559
0.665853
0.650885
0.635674
0.620243
0.604617
0.588818
0.572872
0.556804
0.540642
0.524412
0.508141
0.491857
0.475586
0.459355
0.443193
0.427126
0.41118
0.395381
0.379754
0.364324
0.349113
0.334145
0.31944
0.305018
0.290898
0.277099
0.263635
0.250522
0.237773
0.2254
0.213414
0.201824
0.190637
0.17986
0.169499
0.159556
0.150034
0.140935
0.132259
0.124005
0.116172
0.108758
0.101758
0.0951699
0.0889888
0.08321
0.0778282
0.0728383
0.0682345
0.0640116
0.0601637
0.0566857
0.0535724
0.0508187
0.0484202
0.0463728
0.0446728
0.0433172
0.0423033
0.0416292
0.0412937
0.958711
0.958376
0.957701
0.956687
0.955331
0.953631
0.951583
0.949184
0.94643
0.943317
0.939838
0.93599
0.931767
0.927163
0.922173
0.916791
0.911012
0.904831
0.898242
0.891243
0.883828
0.875995
0.867741
0.859065
0.849965
0.840443
0.8305
0.820138
0.809361
0.798174
0.786584
0.774598
0.762225
0.749476
0.736363
0.722899
0.709099
0.694979
0.680557
0.665852
0.650884
0.635673
0.620243
0.604616
0.588817
0.572871
0.556804
0.540642
0.524412
0.50814
0.491857
0.475586
0.459355
0.443193
0.427126
0.41118
0.395382
0.379755
0.364325
0.349114
0.334146
0.319441
0.305019
0.2909
0.2771
0.263636
0.250523
0.237774
0.225402
0.213416
0.201825
0.190639
0.179862
0.1695
0.159557
0.150035
0.140936
0.13226
0.124007
0.116174
0.108759
0.10176
0.0951715
0.0889904
0.0832115
0.0778297
0.0728398
0.068236
0.064013
0.0601652
0.0566872
0.0535738
0.0508201
0.0484216
0.0463742
0.0446742
0.0433185
0.0423046
0.0416306
0.0412951
0.95871
0.958374
0.9577
0.956686
0.95533
0.953629
0.951582
0.949183
0.946429
0.943315
0.939837
0.935989
0.931766
0.927162
0.922171
0.91679
0.91101
0.904829
0.898241
0.891241
0.883826
0.875993
0.867739
0.859063
0.849964
0.840442
0.830499
0.820137
0.80936
0.798173
0.786582
0.774596
0.762223
0.749474
0.736361
0.722897
0.709098
0.694978
0.680556
0.665851
0.650882
0.635672
0.620242
0.604615
0.588816
0.57287
0.556803
0.540641
0.524411
0.50814
0.491857
0.475586
0.459356
0.443194
0.427127
0.411181
0.395382
0.379756
0.364326
0.349115
0.334147
0.319442
0.30502
0.290901
0.277101
0.263637
0.250524
0.237776
0.225403
0.213417
0.201827
0.19064
0.179864
0.169502
0.159559
0.150037
0.140938
0.132262
0.124008
0.116175
0.108761
0.101761
0.0951732
0.088992
0.0832131
0.0778314
0.0728414
0.0682376
0.0640146
0.0601667
0.0566887
0.0535753
0.0508216
0.0484231
0.0463756
0.0446756
0.0433199
0.0423061
0.041632
0.0412965
0.958709
0.958373
0.957699
0.956684
0.955328
0.953628
0.95158
0.949182
0.946428
0.943314
0.939836
0.935987
0.931764
0.92716
0.92217
0.916788
0.911009
0.904827
0.898239
0.891239
0.883824
0.875991
0.867737
0.859061
0.849962
0.84044
0.830497
0.820135
0.809358
0.798171
0.786581
0.774594
0.762222
0.749473
0.73636
0.722896
0.709096
0.694977
0.680555
0.66585
0.650881
0.635671
0.620241
0.604614
0.588815
0.57287
0.556803
0.540641
0.524411
0.50814
0.491857
0.475586
0.459356
0.443194
0.427127
0.411181
0.395383
0.379756
0.364326
0.349116
0.334148
0.319443
0.305021
0.290902
0.277102
0.263639
0.250526
0.237777
0.225405
0.213419
0.201829
0.190642
0.179865
0.169504
0.159561
0.150039
0.14094
0.132264
0.12401
0.116177
0.108763
0.101763
0.095175
0.0889938
0.0832149
0.0778331
0.0728431
0.0682393
0.0640163
0.0601684
0.0566903
0.0535769
0.0508232
0.0484247
0.0463772
0.0446772
0.0433215
0.0423076
0.0416335
0.041298
0.958707
0.958372
0.957697
0.956683
0.955327
0.953627
0.951579
0.94918
0.946426
0.943312
0.939834
0.935986
0.931762
0.927158
0.922168
0.916786
0.911007
0.904826
0.898237
0.891237
0.883822
0.875989
0.867735
0.859059
0.84996
0.840438
0.830495
0.820133
0.809356
0.798169
0.786579
0.774593
0.76222
0.749471
0.736358
0.722894
0.709095
0.694975
0.680553
0.665848
0.65088
0.63567
0.62024
0.604613
0.588815
0.572869
0.556802
0.54064
0.524411
0.50814
0.491856
0.475586
0.459356
0.443194
0.427127
0.411182
0.395384
0.379757
0.364327
0.349117
0.334149
0.319444
0.305023
0.290903
0.277104
0.26364
0.250528
0.237779
0.225406
0.213421
0.20183
0.190644
0.179867
0.169506
0.159563
0.150041
0.140942
0.132266
0.124012
0.116179
0.108765
0.101765
0.0951769
0.0889957
0.0832168
0.077835
0.0728449
0.0682411
0.064018
0.0601702
0.0566921
0.0535786
0.0508249
0.0484263
0.0463788
0.0446788
0.0433231
0.0423092
0.0416351
0.0412996
0.958706
0.95837
0.957696
0.956682
0.955325
0.953625
0.951577
0.949178
0.946424
0.943311
0.939832
0.935984
0.931761
0.927157
0.922166
0.916784
0.911005
0.904824
0.898235
0.891235
0.88382
0.875987
0.867733
0.859057
0.849958
0.840436
0.830493
0.820131
0.809354
0.798167
0.786577
0.774591
0.762218
0.749469
0.736356
0.722893
0.709093
0.694974
0.680552
0.665847
0.650879
0.635668
0.620239
0.604612
0.588814
0.572868
0.556802
0.54064
0.52441
0.50814
0.491856
0.475586
0.459356
0.443194
0.427128
0.411183
0.395384
0.379758
0.364328
0.349118
0.33415
0.319445
0.305024
0.290905
0.277105
0.263642
0.250529
0.237781
0.225408
0.213422
0.201832
0.190646
0.179869
0.169508
0.159565
0.150043
0.140944
0.132268
0.124014
0.116181
0.108767
0.101767
0.0951789
0.0889977
0.0832188
0.0778369
0.0728468
0.068243
0.0640199
0.060172
0.0566939
0.0535804
0.0508266
0.0484281
0.0463806
0.0446805
0.0433248
0.0423109
0.0416368
0.0413013
0.958704
0.958369
0.957694
0.95668
0.955324
0.953623
0.951576
0.949177
0.946423
0.943309
0.93983
0.935982
0.931759
0.927155
0.922164
0.916782
0.911003
0.904822
0.898233
0.891233
0.883818
0.875985
0.867731
0.859055
0.849956
0.840434
0.830491
0.820129
0.809352
0.798165
0.786575
0.774589
0.762216
0.749467
0.736354
0.722891
0.709091
0.694972
0.68055
0.665846
0.650877
0.635667
0.620237
0.604611
0.588813
0.572868
0.556801
0.54064
0.52441
0.508139
0.491856
0.475586
0.459356
0.443195
0.427128
0.411183
0.395385
0.379759
0.364329
0.349119
0.334151
0.319447
0.305025
0.290906
0.277107
0.263644
0.250531
0.237783
0.22541
0.213424
0.201834
0.190648
0.179871
0.16951
0.159567
0.150045
0.140946
0.13227
0.124016
0.116183
0.108769
0.101769
0.095181
0.0889998
0.0832208
0.077839
0.0728489
0.068245
0.0640219
0.060174
0.0566958
0.0535823
0.0508285
0.0484299
0.0463824
0.0446824
0.0433266
0.0423127
0.0416386
0.0413031
0.958703
0.958367
0.957693
0.956678
0.955322
0.953622
0.951574
0.949175
0.946421
0.943307
0.939828
0.93598
0.931757
0.927153
0.922162
0.91678
0.911001
0.904819
0.898231
0.891231
0.883816
0.875983
0.867729
0.859053
0.849953
0.840431
0.830488
0.820126
0.80935
0.798163
0.786573
0.774587
0.762214
0.749465
0.736352
0.722889
0.709089
0.69497
0.680549
0.665844
0.650876
0.635666
0.620236
0.60461
0.588812
0.572867
0.5568
0.540639
0.52441
0.508139
0.491856
0.475586
0.459356
0.443195
0.427129
0.411184
0.395386
0.37976
0.36433
0.34912
0.334153
0.319448
0.305027
0.290908
0.277109
0.263646
0.250533
0.237785
0.225412
0.213426
0.201837
0.19065
0.179874
0.169512
0.159569
0.150047
0.140948
0.132272
0.124019
0.116186
0.108771
0.101772
0.0951833
0.089002
0.083223
0.0778411
0.072851
0.0682472
0.064024
0.060176
0.0566979
0.0535843
0.0508305
0.0484319
0.0463844
0.0446843
0.0433285
0.0423146
0.0416405
0.041305
0.958701
0.958365
0.957691
0.956677
0.95532
0.95362
0.951572
0.949173
0.946419
0.943305
0.939826
0.935978
0.931755
0.927151
0.92216
0.916778
0.910999
0.904817
0.898229
0.891229
0.883814
0.87598
0.867727
0.85905
0.849951
0.840429
0.830486
0.820124
0.809347
0.79816
0.78657
0.774584
0.762212
0.749463
0.73635
0.722887
0.709087
0.694968
0.680547
0.665842
0.650874
0.635665
0.620235
0.604609
0.588811
0.572866
0.5568
0.540638
0.524409
0.508139
0.491856
0.475586
0.459357
0.443196
0.427129
0.411184
0.395387
0.379761
0.364331
0.349122
0.334154
0.31945
0.305029
0.29091
0.277111
0.263647
0.250535
0.237787
0.225414
0.213429
0.201839
0.190652
0.179876
0.169514
0.159571
0.15005
0.140951
0.132275
0.124021
0.116188
0.108773
0.101774
0.0951856
0.0890044
0.0832253
0.0778434
0.0728533
0.0682494
0.0640262
0.0601782
0.0567
0.0535864
0.0508326
0.0484339
0.0463864
0.0446863
0.0433305
0.0423166
0.0416425
0.041307
0.9587
0.958364
0.957689
0.956675
0.955318
0.953618
0.95157
0.949171
0.946417
0.943303
0.939824
0.935976
0.931752
0.927148
0.922158
0.916776
0.910996
0.904815
0.898226
0.891226
0.883811
0.875978
0.867724
0.859048
0.849948
0.840427
0.830483
0.820121
0.809345
0.798158
0.786568
0.774582
0.762209
0.749461
0.736348
0.722885
0.709085
0.694966
0.680545
0.665841
0.650873
0.635663
0.620234
0.604608
0.58881
0.572865
0.556799
0.540638
0.524409
0.508139
0.491856
0.475586
0.459357
0.443196
0.42713
0.411185
0.395387
0.379762
0.364333
0.349123
0.334155
0.319451
0.30503
0.290912
0.277113
0.263649
0.250537
0.237789
0.225417
0.213431
0.201841
0.190655
0.179878
0.169517
0.159574
0.150052
0.140953
0.132277
0.124024
0.116191
0.108776
0.101776
0.0951881
0.0890068
0.0832278
0.0778458
0.0728556
0.0682517
0.0640285
0.0601804
0.0567022
0.0535886
0.0508348
0.0484361
0.0463885
0.0446884
0.0433326
0.0423186
0.0416446
0.041309
0.958698
0.958362
0.957687
0.956673
0.955316
0.953616
0.951568
0.949169
0.946415
0.943301
0.939822
0.935974
0.93175
0.927146
0.922155
0.916773
0.910994
0.904812
0.898224
0.891224
0.883809
0.875975
0.867721
0.859045
0.849946
0.840424
0.830481
0.820119
0.809342
0.798155
0.786565
0.774579
0.762207
0.749458
0.736346
0.722882
0.709083
0.694964
0.680543
0.665839
0.650871
0.635662
0.620232
0.604607
0.588809
0.572864
0.556798
0.540637
0.524408
0.508138
0.491856
0.475586
0.459357
0.443196
0.427131
0.411186
0.395388
0.379763
0.364334
0.349124
0.334157
0.319453
0.305032
0.290913
0.277115
0.263652
0.250539
0.237791
0.225419
0.213433
0.201844
0.190657
0.179881
0.169519
0.159577
0.150055
0.140956
0.13228
0.124026
0.116193
0.108779
0.101779
0.0951907
0.0890094
0.0832303
0.0778483
0.0728581
0.0682541
0.0640309
0.0601828
0.0567045
0.0535909
0.050837
0.0484383
0.0463907
0.0446906
0.0433348
0.0423208
0.0416467
0.0413112
0.958696
0.95836
0.957685
0.956671
0.955314
0.953614
0.951566
0.949167
0.946412
0.943298
0.93982
0.935971
0.931748
0.927143
0.922153
0.916771
0.910991
0.90481
0.898221
0.891221
0.883806
0.875973
0.867719
0.859042
0.849943
0.840421
0.830478
0.820116
0.809339
0.798153
0.786563
0.774577
0.762204
0.749456
0.736343
0.72288
0.709081
0.694962
0.680541
0.665837
0.650869
0.63566
0.620231
0.604605
0.588808
0.572863
0.556797
0.540637
0.524408
0.508138
0.491856
0.475586
0.459357
0.443197
0.427131
0.411187
0.395389
0.379764
0.364335
0.349126
0.334159
0.319455
0.305034
0.290915
0.277117
0.263654
0.250542
0.237793
0.225421
0.213436
0.201846
0.19066
0.179884
0.169522
0.159579
0.150058
0.140959
0.132283
0.124029
0.116196
0.108781
0.101782
0.0951934
0.0890121
0.0832329
0.0778509
0.0728607
0.0682567
0.0640334
0.0601853
0.056707
0.0535933
0.0508394
0.0484407
0.0463931
0.0446929
0.0433371
0.0423231
0.041649
0.0413134
0.958695
0.958358
0.957683
0.956669
0.955312
0.953611
0.951563
0.949164
0.94641
0.943296
0.939817
0.935969
0.931745
0.927141
0.92215
0.916768
0.910989
0.904807
0.898218
0.891218
0.883803
0.87597
0.867716
0.859039
0.84994
0.840418
0.830475
0.820113
0.809337
0.79815
0.78656
0.774574
0.762202
0.749453
0.736341
0.722878
0.709079
0.69496
0.680539
0.665835
0.650868
0.635658
0.620229
0.604604
0.588806
0.572862
0.556796
0.540636
0.524407
0.508138
0.491856
0.475586
0.459358
0.443197
0.427132
0.411188
0.39539
0.379765
0.364336
0.349127
0.33416
0.319456
0.305036
0.290917
0.277119
0.263656
0.250544
0.237796
0.225424
0.213439
0.201849
0.190663
0.179886
0.169525
0.159582
0.150061
0.140962
0.132286
0.124032
0.116199
0.108784
0.101785
0.0951962
0.0890148
0.0832357
0.0778536
0.0728633
0.0682593
0.064036
0.0601878
0.0567095
0.0535958
0.0508419
0.0484431
0.0463955
0.0446953
0.0433394
0.0423254
0.0416513
0.0413157
)
;

boundaryField
{
    xmin
    {
        type            zeroGradient;
    }
    xmax
    {
        type            zeroGradient;
    }
    ymin
    {
        type            zeroGradient;
    }
    ymax
    {
        type            zeroGradient;
    }
    zmin
    {
        type            empty;
    }
    zmax
    {
        type            empty;
    }
}


// ************************************************************************* //
