/*--------------------------------*- C++ -*----------------------------------*\
  =========                 |
  \\      /  F ield         | OpenFOAM: The Open Source CFD Toolbox
   \\    /   O peration     | Website:  https://openfoam.org
    \\  /    A nd           | Version:  6
     \\/     M anipulation  |
\*---------------------------------------------------------------------------*/
FoamFile
{
    version     2.0;
    format      ascii;
    class       vectorField;
    location    "constant/polyMesh";
    object      points;
}
// * * * * * * * * * * * * * * * * * * * * * * * * * * * * * * * * * * * * * //


3782
(
(0 0 -0.5)
(0.3333333333 0 -0.5)
(0.6666666667 0 -0.5)
(1 0 -0.5)
(1.333333333 0 -0.5)
(1.666666667 0 -0.5)
(2 0 -0.5)
(2.333333333 0 -0.5)
(2.666666667 0 -0.5)
(3 0 -0.5)
(3.333333333 0 -0.5)
(3.666666667 0 -0.5)
(4 0 -0.5)
(4.333333333 0 -0.5)
(4.666666667 0 -0.5)
(5 0 -0.5)
(5.333333333 0 -0.5)
(5.666666667 0 -0.5)
(6 0 -0.5)
(6.333333333 0 -0.5)
(6.666666667 0 -0.5)
(7 0 -0.5)
(7.333333333 0 -0.5)
(7.666666667 0 -0.5)
(8 0 -0.5)
(8.333333333 0 -0.5)
(8.666666667 0 -0.5)
(9 0 -0.5)
(9.333333333 0 -0.5)
(9.666666667 0 -0.5)
(10 0 -0.5)
(10.33333333 0 -0.5)
(10.66666667 0 -0.5)
(11 0 -0.5)
(11.33333333 0 -0.5)
(11.66666667 0 -0.5)
(12 0 -0.5)
(12.33333333 0 -0.5)
(12.66666667 0 -0.5)
(13 0 -0.5)
(13.33333333 0 -0.5)
(13.66666667 0 -0.5)
(14 0 -0.5)
(14.33333333 0 -0.5)
(14.66666667 0 -0.5)
(15 0 -0.5)
(15.33333333 0 -0.5)
(15.66666667 0 -0.5)
(16 0 -0.5)
(16.33333333 0 -0.5)
(16.66666667 0 -0.5)
(17 0 -0.5)
(17.33333333 0 -0.5)
(17.66666667 0 -0.5)
(18 0 -0.5)
(18.33333333 0 -0.5)
(18.66666667 0 -0.5)
(19 0 -0.5)
(19.33333333 0 -0.5)
(19.66666667 0 -0.5)
(20 0 -0.5)
(0 0.3333333333 -0.5)
(0.3333333333 0.3333333333 -0.5)
(0.6666666667 0.3333333333 -0.5)
(1 0.3333333333 -0.5)
(1.333333333 0.3333333333 -0.5)
(1.666666667 0.3333333333 -0.5)
(2 0.3333333333 -0.5)
(2.333333333 0.3333333333 -0.5)
(2.666666667 0.3333333333 -0.5)
(3 0.3333333333 -0.5)
(3.333333333 0.3333333333 -0.5)
(3.666666667 0.3333333333 -0.5)
(4 0.3333333333 -0.5)
(4.333333333 0.3333333333 -0.5)
(4.666666667 0.3333333333 -0.5)
(5 0.3333333333 -0.5)
(5.333333333 0.3333333333 -0.5)
(5.666666667 0.3333333333 -0.5)
(6 0.3333333333 -0.5)
(6.333333333 0.3333333333 -0.5)
(6.666666667 0.3333333333 -0.5)
(7 0.3333333333 -0.5)
(7.333333333 0.3333333333 -0.5)
(7.666666667 0.3333333333 -0.5)
(8 0.3333333333 -0.5)
(8.333333333 0.3333333333 -0.5)
(8.666666667 0.3333333333 -0.5)
(9 0.3333333333 -0.5)
(9.333333333 0.3333333333 -0.5)
(9.666666667 0.3333333333 -0.5)
(10 0.3333333333 -0.5)
(10.33333333 0.3333333333 -0.5)
(10.66666667 0.3333333333 -0.5)
(11 0.3333333333 -0.5)
(11.33333333 0.3333333333 -0.5)
(11.66666667 0.3333333333 -0.5)
(12 0.3333333333 -0.5)
(12.33333333 0.3333333333 -0.5)
(12.66666667 0.3333333333 -0.5)
(13 0.3333333333 -0.5)
(13.33333333 0.3333333333 -0.5)
(13.66666667 0.3333333333 -0.5)
(14 0.3333333333 -0.5)
(14.33333333 0.3333333333 -0.5)
(14.66666667 0.3333333333 -0.5)
(15 0.3333333333 -0.5)
(15.33333333 0.3333333333 -0.5)
(15.66666667 0.3333333333 -0.5)
(16 0.3333333333 -0.5)
(16.33333333 0.3333333333 -0.5)
(16.66666667 0.3333333333 -0.5)
(17 0.3333333333 -0.5)
(17.33333333 0.3333333333 -0.5)
(17.66666667 0.3333333333 -0.5)
(18 0.3333333333 -0.5)
(18.33333333 0.3333333333 -0.5)
(18.66666667 0.3333333333 -0.5)
(19 0.3333333333 -0.5)
(19.33333333 0.3333333333 -0.5)
(19.66666667 0.3333333333 -0.5)
(20 0.3333333333 -0.5)
(0 0.6666666667 -0.5)
(0.3333333333 0.6666666667 -0.5)
(0.6666666667 0.6666666667 -0.5)
(1 0.6666666667 -0.5)
(1.333333333 0.6666666667 -0.5)
(1.666666667 0.6666666667 -0.5)
(2 0.6666666667 -0.5)
(2.333333333 0.6666666667 -0.5)
(2.666666667 0.6666666667 -0.5)
(3 0.6666666667 -0.5)
(3.333333333 0.6666666667 -0.5)
(3.666666667 0.6666666667 -0.5)
(4 0.6666666667 -0.5)
(4.333333333 0.6666666667 -0.5)
(4.666666667 0.6666666667 -0.5)
(5 0.6666666667 -0.5)
(5.333333333 0.6666666667 -0.5)
(5.666666667 0.6666666667 -0.5)
(6 0.6666666667 -0.5)
(6.333333333 0.6666666667 -0.5)
(6.666666667 0.6666666667 -0.5)
(7 0.6666666667 -0.5)
(7.333333333 0.6666666667 -0.5)
(7.666666667 0.6666666667 -0.5)
(8 0.6666666667 -0.5)
(8.333333333 0.6666666667 -0.5)
(8.666666667 0.6666666667 -0.5)
(9 0.6666666667 -0.5)
(9.333333333 0.6666666667 -0.5)
(9.666666667 0.6666666667 -0.5)
(10 0.6666666667 -0.5)
(10.33333333 0.6666666667 -0.5)
(10.66666667 0.6666666667 -0.5)
(11 0.6666666667 -0.5)
(11.33333333 0.6666666667 -0.5)
(11.66666667 0.6666666667 -0.5)
(12 0.6666666667 -0.5)
(12.33333333 0.6666666667 -0.5)
(12.66666667 0.6666666667 -0.5)
(13 0.6666666667 -0.5)
(13.33333333 0.6666666667 -0.5)
(13.66666667 0.6666666667 -0.5)
(14 0.6666666667 -0.5)
(14.33333333 0.6666666667 -0.5)
(14.66666667 0.6666666667 -0.5)
(15 0.6666666667 -0.5)
(15.33333333 0.6666666667 -0.5)
(15.66666667 0.6666666667 -0.5)
(16 0.6666666667 -0.5)
(16.33333333 0.6666666667 -0.5)
(16.66666667 0.6666666667 -0.5)
(17 0.6666666667 -0.5)
(17.33333333 0.6666666667 -0.5)
(17.66666667 0.6666666667 -0.5)
(18 0.6666666667 -0.5)
(18.33333333 0.6666666667 -0.5)
(18.66666667 0.6666666667 -0.5)
(19 0.6666666667 -0.5)
(19.33333333 0.6666666667 -0.5)
(19.66666667 0.6666666667 -0.5)
(20 0.6666666667 -0.5)
(0 1 -0.5)
(0.3333333333 1 -0.5)
(0.6666666667 1 -0.5)
(1 1 -0.5)
(1.333333333 1 -0.5)
(1.666666667 1 -0.5)
(2 1 -0.5)
(2.333333333 1 -0.5)
(2.666666667 1 -0.5)
(3 1 -0.5)
(3.333333333 1 -0.5)
(3.666666667 1 -0.5)
(4 1 -0.5)
(4.333333333 1 -0.5)
(4.666666667 1 -0.5)
(5 1 -0.5)
(5.333333333 1 -0.5)
(5.666666667 1 -0.5)
(6 1 -0.5)
(6.333333333 1 -0.5)
(6.666666667 1 -0.5)
(7 1 -0.5)
(7.333333333 1 -0.5)
(7.666666667 1 -0.5)
(8 1 -0.5)
(8.333333333 1 -0.5)
(8.666666667 1 -0.5)
(9 1 -0.5)
(9.333333333 1 -0.5)
(9.666666667 1 -0.5)
(10 1 -0.5)
(10.33333333 1 -0.5)
(10.66666667 1 -0.5)
(11 1 -0.5)
(11.33333333 1 -0.5)
(11.66666667 1 -0.5)
(12 1 -0.5)
(12.33333333 1 -0.5)
(12.66666667 1 -0.5)
(13 1 -0.5)
(13.33333333 1 -0.5)
(13.66666667 1 -0.5)
(14 1 -0.5)
(14.33333333 1 -0.5)
(14.66666667 1 -0.5)
(15 1 -0.5)
(15.33333333 1 -0.5)
(15.66666667 1 -0.5)
(16 1 -0.5)
(16.33333333 1 -0.5)
(16.66666667 1 -0.5)
(17 1 -0.5)
(17.33333333 1 -0.5)
(17.66666667 1 -0.5)
(18 1 -0.5)
(18.33333333 1 -0.5)
(18.66666667 1 -0.5)
(19 1 -0.5)
(19.33333333 1 -0.5)
(19.66666667 1 -0.5)
(20 1 -0.5)
(0 1.333333333 -0.5)
(0.3333333333 1.333333333 -0.5)
(0.6666666667 1.333333333 -0.5)
(1 1.333333333 -0.5)
(1.333333333 1.333333333 -0.5)
(1.666666667 1.333333333 -0.5)
(2 1.333333333 -0.5)
(2.333333333 1.333333333 -0.5)
(2.666666667 1.333333333 -0.5)
(3 1.333333333 -0.5)
(3.333333333 1.333333333 -0.5)
(3.666666667 1.333333333 -0.5)
(4 1.333333333 -0.5)
(4.333333333 1.333333333 -0.5)
(4.666666667 1.333333333 -0.5)
(5 1.333333333 -0.5)
(5.333333333 1.333333333 -0.5)
(5.666666667 1.333333333 -0.5)
(6 1.333333333 -0.5)
(6.333333333 1.333333333 -0.5)
(6.666666667 1.333333333 -0.5)
(7 1.333333333 -0.5)
(7.333333333 1.333333333 -0.5)
(7.666666667 1.333333333 -0.5)
(8 1.333333333 -0.5)
(8.333333333 1.333333333 -0.5)
(8.666666667 1.333333333 -0.5)
(9 1.333333333 -0.5)
(9.333333333 1.333333333 -0.5)
(9.666666667 1.333333333 -0.5)
(10 1.333333333 -0.5)
(10.33333333 1.333333333 -0.5)
(10.66666667 1.333333333 -0.5)
(11 1.333333333 -0.5)
(11.33333333 1.333333333 -0.5)
(11.66666667 1.333333333 -0.5)
(12 1.333333333 -0.5)
(12.33333333 1.333333333 -0.5)
(12.66666667 1.333333333 -0.5)
(13 1.333333333 -0.5)
(13.33333333 1.333333333 -0.5)
(13.66666667 1.333333333 -0.5)
(14 1.333333333 -0.5)
(14.33333333 1.333333333 -0.5)
(14.66666667 1.333333333 -0.5)
(15 1.333333333 -0.5)
(15.33333333 1.333333333 -0.5)
(15.66666667 1.333333333 -0.5)
(16 1.333333333 -0.5)
(16.33333333 1.333333333 -0.5)
(16.66666667 1.333333333 -0.5)
(17 1.333333333 -0.5)
(17.33333333 1.333333333 -0.5)
(17.66666667 1.333333333 -0.5)
(18 1.333333333 -0.5)
(18.33333333 1.333333333 -0.5)
(18.66666667 1.333333333 -0.5)
(19 1.333333333 -0.5)
(19.33333333 1.333333333 -0.5)
(19.66666667 1.333333333 -0.5)
(20 1.333333333 -0.5)
(0 1.666666667 -0.5)
(0.3333333333 1.666666667 -0.5)
(0.6666666667 1.666666667 -0.5)
(1 1.666666667 -0.5)
(1.333333333 1.666666667 -0.5)
(1.666666667 1.666666667 -0.5)
(2 1.666666667 -0.5)
(2.333333333 1.666666667 -0.5)
(2.666666667 1.666666667 -0.5)
(3 1.666666667 -0.5)
(3.333333333 1.666666667 -0.5)
(3.666666667 1.666666667 -0.5)
(4 1.666666667 -0.5)
(4.333333333 1.666666667 -0.5)
(4.666666667 1.666666667 -0.5)
(5 1.666666667 -0.5)
(5.333333333 1.666666667 -0.5)
(5.666666667 1.666666667 -0.5)
(6 1.666666667 -0.5)
(6.333333333 1.666666667 -0.5)
(6.666666667 1.666666667 -0.5)
(7 1.666666667 -0.5)
(7.333333333 1.666666667 -0.5)
(7.666666667 1.666666667 -0.5)
(8 1.666666667 -0.5)
(8.333333333 1.666666667 -0.5)
(8.666666667 1.666666667 -0.5)
(9 1.666666667 -0.5)
(9.333333333 1.666666667 -0.5)
(9.666666667 1.666666667 -0.5)
(10 1.666666667 -0.5)
(10.33333333 1.666666667 -0.5)
(10.66666667 1.666666667 -0.5)
(11 1.666666667 -0.5)
(11.33333333 1.666666667 -0.5)
(11.66666667 1.666666667 -0.5)
(12 1.666666667 -0.5)
(12.33333333 1.666666667 -0.5)
(12.66666667 1.666666667 -0.5)
(13 1.666666667 -0.5)
(13.33333333 1.666666667 -0.5)
(13.66666667 1.666666667 -0.5)
(14 1.666666667 -0.5)
(14.33333333 1.666666667 -0.5)
(14.66666667 1.666666667 -0.5)
(15 1.666666667 -0.5)
(15.33333333 1.666666667 -0.5)
(15.66666667 1.666666667 -0.5)
(16 1.666666667 -0.5)
(16.33333333 1.666666667 -0.5)
(16.66666667 1.666666667 -0.5)
(17 1.666666667 -0.5)
(17.33333333 1.666666667 -0.5)
(17.66666667 1.666666667 -0.5)
(18 1.666666667 -0.5)
(18.33333333 1.666666667 -0.5)
(18.66666667 1.666666667 -0.5)
(19 1.666666667 -0.5)
(19.33333333 1.666666667 -0.5)
(19.66666667 1.666666667 -0.5)
(20 1.666666667 -0.5)
(0 2 -0.5)
(0.3333333333 2 -0.5)
(0.6666666667 2 -0.5)
(1 2 -0.5)
(1.333333333 2 -0.5)
(1.666666667 2 -0.5)
(2 2 -0.5)
(2.333333333 2 -0.5)
(2.666666667 2 -0.5)
(3 2 -0.5)
(3.333333333 2 -0.5)
(3.666666667 2 -0.5)
(4 2 -0.5)
(4.333333333 2 -0.5)
(4.666666667 2 -0.5)
(5 2 -0.5)
(5.333333333 2 -0.5)
(5.666666667 2 -0.5)
(6 2 -0.5)
(6.333333333 2 -0.5)
(6.666666667 2 -0.5)
(7 2 -0.5)
(7.333333333 2 -0.5)
(7.666666667 2 -0.5)
(8 2 -0.5)
(8.333333333 2 -0.5)
(8.666666667 2 -0.5)
(9 2 -0.5)
(9.333333333 2 -0.5)
(9.666666667 2 -0.5)
(10 2 -0.5)
(10.33333333 2 -0.5)
(10.66666667 2 -0.5)
(11 2 -0.5)
(11.33333333 2 -0.5)
(11.66666667 2 -0.5)
(12 2 -0.5)
(12.33333333 2 -0.5)
(12.66666667 2 -0.5)
(13 2 -0.5)
(13.33333333 2 -0.5)
(13.66666667 2 -0.5)
(14 2 -0.5)
(14.33333333 2 -0.5)
(14.66666667 2 -0.5)
(15 2 -0.5)
(15.33333333 2 -0.5)
(15.66666667 2 -0.5)
(16 2 -0.5)
(16.33333333 2 -0.5)
(16.66666667 2 -0.5)
(17 2 -0.5)
(17.33333333 2 -0.5)
(17.66666667 2 -0.5)
(18 2 -0.5)
(18.33333333 2 -0.5)
(18.66666667 2 -0.5)
(19 2 -0.5)
(19.33333333 2 -0.5)
(19.66666667 2 -0.5)
(20 2 -0.5)
(0 2.333333333 -0.5)
(0.3333333333 2.333333333 -0.5)
(0.6666666667 2.333333333 -0.5)
(1 2.333333333 -0.5)
(1.333333333 2.333333333 -0.5)
(1.666666667 2.333333333 -0.5)
(2 2.333333333 -0.5)
(2.333333333 2.333333333 -0.5)
(2.666666667 2.333333333 -0.5)
(3 2.333333333 -0.5)
(3.333333333 2.333333333 -0.5)
(3.666666667 2.333333333 -0.5)
(4 2.333333333 -0.5)
(4.333333333 2.333333333 -0.5)
(4.666666667 2.333333333 -0.5)
(5 2.333333333 -0.5)
(5.333333333 2.333333333 -0.5)
(5.666666667 2.333333333 -0.5)
(6 2.333333333 -0.5)
(6.333333333 2.333333333 -0.5)
(6.666666667 2.333333333 -0.5)
(7 2.333333333 -0.5)
(7.333333333 2.333333333 -0.5)
(7.666666667 2.333333333 -0.5)
(8 2.333333333 -0.5)
(8.333333333 2.333333333 -0.5)
(8.666666667 2.333333333 -0.5)
(9 2.333333333 -0.5)
(9.333333333 2.333333333 -0.5)
(9.666666667 2.333333333 -0.5)
(10 2.333333333 -0.5)
(10.33333333 2.333333333 -0.5)
(10.66666667 2.333333333 -0.5)
(11 2.333333333 -0.5)
(11.33333333 2.333333333 -0.5)
(11.66666667 2.333333333 -0.5)
(12 2.333333333 -0.5)
(12.33333333 2.333333333 -0.5)
(12.66666667 2.333333333 -0.5)
(13 2.333333333 -0.5)
(13.33333333 2.333333333 -0.5)
(13.66666667 2.333333333 -0.5)
(14 2.333333333 -0.5)
(14.33333333 2.333333333 -0.5)
(14.66666667 2.333333333 -0.5)
(15 2.333333333 -0.5)
(15.33333333 2.333333333 -0.5)
(15.66666667 2.333333333 -0.5)
(16 2.333333333 -0.5)
(16.33333333 2.333333333 -0.5)
(16.66666667 2.333333333 -0.5)
(17 2.333333333 -0.5)
(17.33333333 2.333333333 -0.5)
(17.66666667 2.333333333 -0.5)
(18 2.333333333 -0.5)
(18.33333333 2.333333333 -0.5)
(18.66666667 2.333333333 -0.5)
(19 2.333333333 -0.5)
(19.33333333 2.333333333 -0.5)
(19.66666667 2.333333333 -0.5)
(20 2.333333333 -0.5)
(0 2.666666667 -0.5)
(0.3333333333 2.666666667 -0.5)
(0.6666666667 2.666666667 -0.5)
(1 2.666666667 -0.5)
(1.333333333 2.666666667 -0.5)
(1.666666667 2.666666667 -0.5)
(2 2.666666667 -0.5)
(2.333333333 2.666666667 -0.5)
(2.666666667 2.666666667 -0.5)
(3 2.666666667 -0.5)
(3.333333333 2.666666667 -0.5)
(3.666666667 2.666666667 -0.5)
(4 2.666666667 -0.5)
(4.333333333 2.666666667 -0.5)
(4.666666667 2.666666667 -0.5)
(5 2.666666667 -0.5)
(5.333333333 2.666666667 -0.5)
(5.666666667 2.666666667 -0.5)
(6 2.666666667 -0.5)
(6.333333333 2.666666667 -0.5)
(6.666666667 2.666666667 -0.5)
(7 2.666666667 -0.5)
(7.333333333 2.666666667 -0.5)
(7.666666667 2.666666667 -0.5)
(8 2.666666667 -0.5)
(8.333333333 2.666666667 -0.5)
(8.666666667 2.666666667 -0.5)
(9 2.666666667 -0.5)
(9.333333333 2.666666667 -0.5)
(9.666666667 2.666666667 -0.5)
(10 2.666666667 -0.5)
(10.33333333 2.666666667 -0.5)
(10.66666667 2.666666667 -0.5)
(11 2.666666667 -0.5)
(11.33333333 2.666666667 -0.5)
(11.66666667 2.666666667 -0.5)
(12 2.666666667 -0.5)
(12.33333333 2.666666667 -0.5)
(12.66666667 2.666666667 -0.5)
(13 2.666666667 -0.5)
(13.33333333 2.666666667 -0.5)
(13.66666667 2.666666667 -0.5)
(14 2.666666667 -0.5)
(14.33333333 2.666666667 -0.5)
(14.66666667 2.666666667 -0.5)
(15 2.666666667 -0.5)
(15.33333333 2.666666667 -0.5)
(15.66666667 2.666666667 -0.5)
(16 2.666666667 -0.5)
(16.33333333 2.666666667 -0.5)
(16.66666667 2.666666667 -0.5)
(17 2.666666667 -0.5)
(17.33333333 2.666666667 -0.5)
(17.66666667 2.666666667 -0.5)
(18 2.666666667 -0.5)
(18.33333333 2.666666667 -0.5)
(18.66666667 2.666666667 -0.5)
(19 2.666666667 -0.5)
(19.33333333 2.666666667 -0.5)
(19.66666667 2.666666667 -0.5)
(20 2.666666667 -0.5)
(0 3 -0.5)
(0.3333333333 3 -0.5)
(0.6666666667 3 -0.5)
(1 3 -0.5)
(1.333333333 3 -0.5)
(1.666666667 3 -0.5)
(2 3 -0.5)
(2.333333333 3 -0.5)
(2.666666667 3 -0.5)
(3 3 -0.5)
(3.333333333 3 -0.5)
(3.666666667 3 -0.5)
(4 3 -0.5)
(4.333333333 3 -0.5)
(4.666666667 3 -0.5)
(5 3 -0.5)
(5.333333333 3 -0.5)
(5.666666667 3 -0.5)
(6 3 -0.5)
(6.333333333 3 -0.5)
(6.666666667 3 -0.5)
(7 3 -0.5)
(7.333333333 3 -0.5)
(7.666666667 3 -0.5)
(8 3 -0.5)
(8.333333333 3 -0.5)
(8.666666667 3 -0.5)
(9 3 -0.5)
(9.333333333 3 -0.5)
(9.666666667 3 -0.5)
(10 3 -0.5)
(10.33333333 3 -0.5)
(10.66666667 3 -0.5)
(11 3 -0.5)
(11.33333333 3 -0.5)
(11.66666667 3 -0.5)
(12 3 -0.5)
(12.33333333 3 -0.5)
(12.66666667 3 -0.5)
(13 3 -0.5)
(13.33333333 3 -0.5)
(13.66666667 3 -0.5)
(14 3 -0.5)
(14.33333333 3 -0.5)
(14.66666667 3 -0.5)
(15 3 -0.5)
(15.33333333 3 -0.5)
(15.66666667 3 -0.5)
(16 3 -0.5)
(16.33333333 3 -0.5)
(16.66666667 3 -0.5)
(17 3 -0.5)
(17.33333333 3 -0.5)
(17.66666667 3 -0.5)
(18 3 -0.5)
(18.33333333 3 -0.5)
(18.66666667 3 -0.5)
(19 3 -0.5)
(19.33333333 3 -0.5)
(19.66666667 3 -0.5)
(20 3 -0.5)
(0 3.333333333 -0.5)
(0.3333333333 3.333333333 -0.5)
(0.6666666667 3.333333333 -0.5)
(1 3.333333333 -0.5)
(1.333333333 3.333333333 -0.5)
(1.666666667 3.333333333 -0.5)
(2 3.333333333 -0.5)
(2.333333333 3.333333333 -0.5)
(2.666666667 3.333333333 -0.5)
(3 3.333333333 -0.5)
(3.333333333 3.333333333 -0.5)
(3.666666667 3.333333333 -0.5)
(4 3.333333333 -0.5)
(4.333333333 3.333333333 -0.5)
(4.666666667 3.333333333 -0.5)
(5 3.333333333 -0.5)
(5.333333333 3.333333333 -0.5)
(5.666666667 3.333333333 -0.5)
(6 3.333333333 -0.5)
(6.333333333 3.333333333 -0.5)
(6.666666667 3.333333333 -0.5)
(7 3.333333333 -0.5)
(7.333333333 3.333333333 -0.5)
(7.666666667 3.333333333 -0.5)
(8 3.333333333 -0.5)
(8.333333333 3.333333333 -0.5)
(8.666666667 3.333333333 -0.5)
(9 3.333333333 -0.5)
(9.333333333 3.333333333 -0.5)
(9.666666667 3.333333333 -0.5)
(10 3.333333333 -0.5)
(10.33333333 3.333333333 -0.5)
(10.66666667 3.333333333 -0.5)
(11 3.333333333 -0.5)
(11.33333333 3.333333333 -0.5)
(11.66666667 3.333333333 -0.5)
(12 3.333333333 -0.5)
(12.33333333 3.333333333 -0.5)
(12.66666667 3.333333333 -0.5)
(13 3.333333333 -0.5)
(13.33333333 3.333333333 -0.5)
(13.66666667 3.333333333 -0.5)
(14 3.333333333 -0.5)
(14.33333333 3.333333333 -0.5)
(14.66666667 3.333333333 -0.5)
(15 3.333333333 -0.5)
(15.33333333 3.333333333 -0.5)
(15.66666667 3.333333333 -0.5)
(16 3.333333333 -0.5)
(16.33333333 3.333333333 -0.5)
(16.66666667 3.333333333 -0.5)
(17 3.333333333 -0.5)
(17.33333333 3.333333333 -0.5)
(17.66666667 3.333333333 -0.5)
(18 3.333333333 -0.5)
(18.33333333 3.333333333 -0.5)
(18.66666667 3.333333333 -0.5)
(19 3.333333333 -0.5)
(19.33333333 3.333333333 -0.5)
(19.66666667 3.333333333 -0.5)
(20 3.333333333 -0.5)
(0 3.666666667 -0.5)
(0.3333333333 3.666666667 -0.5)
(0.6666666667 3.666666667 -0.5)
(1 3.666666667 -0.5)
(1.333333333 3.666666667 -0.5)
(1.666666667 3.666666667 -0.5)
(2 3.666666667 -0.5)
(2.333333333 3.666666667 -0.5)
(2.666666667 3.666666667 -0.5)
(3 3.666666667 -0.5)
(3.333333333 3.666666667 -0.5)
(3.666666667 3.666666667 -0.5)
(4 3.666666667 -0.5)
(4.333333333 3.666666667 -0.5)
(4.666666667 3.666666667 -0.5)
(5 3.666666667 -0.5)
(5.333333333 3.666666667 -0.5)
(5.666666667 3.666666667 -0.5)
(6 3.666666667 -0.5)
(6.333333333 3.666666667 -0.5)
(6.666666667 3.666666667 -0.5)
(7 3.666666667 -0.5)
(7.333333333 3.666666667 -0.5)
(7.666666667 3.666666667 -0.5)
(8 3.666666667 -0.5)
(8.333333333 3.666666667 -0.5)
(8.666666667 3.666666667 -0.5)
(9 3.666666667 -0.5)
(9.333333333 3.666666667 -0.5)
(9.666666667 3.666666667 -0.5)
(10 3.666666667 -0.5)
(10.33333333 3.666666667 -0.5)
(10.66666667 3.666666667 -0.5)
(11 3.666666667 -0.5)
(11.33333333 3.666666667 -0.5)
(11.66666667 3.666666667 -0.5)
(12 3.666666667 -0.5)
(12.33333333 3.666666667 -0.5)
(12.66666667 3.666666667 -0.5)
(13 3.666666667 -0.5)
(13.33333333 3.666666667 -0.5)
(13.66666667 3.666666667 -0.5)
(14 3.666666667 -0.5)
(14.33333333 3.666666667 -0.5)
(14.66666667 3.666666667 -0.5)
(15 3.666666667 -0.5)
(15.33333333 3.666666667 -0.5)
(15.66666667 3.666666667 -0.5)
(16 3.666666667 -0.5)
(16.33333333 3.666666667 -0.5)
(16.66666667 3.666666667 -0.5)
(17 3.666666667 -0.5)
(17.33333333 3.666666667 -0.5)
(17.66666667 3.666666667 -0.5)
(18 3.666666667 -0.5)
(18.33333333 3.666666667 -0.5)
(18.66666667 3.666666667 -0.5)
(19 3.666666667 -0.5)
(19.33333333 3.666666667 -0.5)
(19.66666667 3.666666667 -0.5)
(20 3.666666667 -0.5)
(0 4 -0.5)
(0.3333333333 4 -0.5)
(0.6666666667 4 -0.5)
(1 4 -0.5)
(1.333333333 4 -0.5)
(1.666666667 4 -0.5)
(2 4 -0.5)
(2.333333333 4 -0.5)
(2.666666667 4 -0.5)
(3 4 -0.5)
(3.333333333 4 -0.5)
(3.666666667 4 -0.5)
(4 4 -0.5)
(4.333333333 4 -0.5)
(4.666666667 4 -0.5)
(5 4 -0.5)
(5.333333333 4 -0.5)
(5.666666667 4 -0.5)
(6 4 -0.5)
(6.333333333 4 -0.5)
(6.666666667 4 -0.5)
(7 4 -0.5)
(7.333333333 4 -0.5)
(7.666666667 4 -0.5)
(8 4 -0.5)
(8.333333333 4 -0.5)
(8.666666667 4 -0.5)
(9 4 -0.5)
(9.333333333 4 -0.5)
(9.666666667 4 -0.5)
(10 4 -0.5)
(10.33333333 4 -0.5)
(10.66666667 4 -0.5)
(11 4 -0.5)
(11.33333333 4 -0.5)
(11.66666667 4 -0.5)
(12 4 -0.5)
(12.33333333 4 -0.5)
(12.66666667 4 -0.5)
(13 4 -0.5)
(13.33333333 4 -0.5)
(13.66666667 4 -0.5)
(14 4 -0.5)
(14.33333333 4 -0.5)
(14.66666667 4 -0.5)
(15 4 -0.5)
(15.33333333 4 -0.5)
(15.66666667 4 -0.5)
(16 4 -0.5)
(16.33333333 4 -0.5)
(16.66666667 4 -0.5)
(17 4 -0.5)
(17.33333333 4 -0.5)
(17.66666667 4 -0.5)
(18 4 -0.5)
(18.33333333 4 -0.5)
(18.66666667 4 -0.5)
(19 4 -0.5)
(19.33333333 4 -0.5)
(19.66666667 4 -0.5)
(20 4 -0.5)
(0 4.333333333 -0.5)
(0.3333333333 4.333333333 -0.5)
(0.6666666667 4.333333333 -0.5)
(1 4.333333333 -0.5)
(1.333333333 4.333333333 -0.5)
(1.666666667 4.333333333 -0.5)
(2 4.333333333 -0.5)
(2.333333333 4.333333333 -0.5)
(2.666666667 4.333333333 -0.5)
(3 4.333333333 -0.5)
(3.333333333 4.333333333 -0.5)
(3.666666667 4.333333333 -0.5)
(4 4.333333333 -0.5)
(4.333333333 4.333333333 -0.5)
(4.666666667 4.333333333 -0.5)
(5 4.333333333 -0.5)
(5.333333333 4.333333333 -0.5)
(5.666666667 4.333333333 -0.5)
(6 4.333333333 -0.5)
(6.333333333 4.333333333 -0.5)
(6.666666667 4.333333333 -0.5)
(7 4.333333333 -0.5)
(7.333333333 4.333333333 -0.5)
(7.666666667 4.333333333 -0.5)
(8 4.333333333 -0.5)
(8.333333333 4.333333333 -0.5)
(8.666666667 4.333333333 -0.5)
(9 4.333333333 -0.5)
(9.333333333 4.333333333 -0.5)
(9.666666667 4.333333333 -0.5)
(10 4.333333333 -0.5)
(10.33333333 4.333333333 -0.5)
(10.66666667 4.333333333 -0.5)
(11 4.333333333 -0.5)
(11.33333333 4.333333333 -0.5)
(11.66666667 4.333333333 -0.5)
(12 4.333333333 -0.5)
(12.33333333 4.333333333 -0.5)
(12.66666667 4.333333333 -0.5)
(13 4.333333333 -0.5)
(13.33333333 4.333333333 -0.5)
(13.66666667 4.333333333 -0.5)
(14 4.333333333 -0.5)
(14.33333333 4.333333333 -0.5)
(14.66666667 4.333333333 -0.5)
(15 4.333333333 -0.5)
(15.33333333 4.333333333 -0.5)
(15.66666667 4.333333333 -0.5)
(16 4.333333333 -0.5)
(16.33333333 4.333333333 -0.5)
(16.66666667 4.333333333 -0.5)
(17 4.333333333 -0.5)
(17.33333333 4.333333333 -0.5)
(17.66666667 4.333333333 -0.5)
(18 4.333333333 -0.5)
(18.33333333 4.333333333 -0.5)
(18.66666667 4.333333333 -0.5)
(19 4.333333333 -0.5)
(19.33333333 4.333333333 -0.5)
(19.66666667 4.333333333 -0.5)
(20 4.333333333 -0.5)
(0 4.666666667 -0.5)
(0.3333333333 4.666666667 -0.5)
(0.6666666667 4.666666667 -0.5)
(1 4.666666667 -0.5)
(1.333333333 4.666666667 -0.5)
(1.666666667 4.666666667 -0.5)
(2 4.666666667 -0.5)
(2.333333333 4.666666667 -0.5)
(2.666666667 4.666666667 -0.5)
(3 4.666666667 -0.5)
(3.333333333 4.666666667 -0.5)
(3.666666667 4.666666667 -0.5)
(4 4.666666667 -0.5)
(4.333333333 4.666666667 -0.5)
(4.666666667 4.666666667 -0.5)
(5 4.666666667 -0.5)
(5.333333333 4.666666667 -0.5)
(5.666666667 4.666666667 -0.5)
(6 4.666666667 -0.5)
(6.333333333 4.666666667 -0.5)
(6.666666667 4.666666667 -0.5)
(7 4.666666667 -0.5)
(7.333333333 4.666666667 -0.5)
(7.666666667 4.666666667 -0.5)
(8 4.666666667 -0.5)
(8.333333333 4.666666667 -0.5)
(8.666666667 4.666666667 -0.5)
(9 4.666666667 -0.5)
(9.333333333 4.666666667 -0.5)
(9.666666667 4.666666667 -0.5)
(10 4.666666667 -0.5)
(10.33333333 4.666666667 -0.5)
(10.66666667 4.666666667 -0.5)
(11 4.666666667 -0.5)
(11.33333333 4.666666667 -0.5)
(11.66666667 4.666666667 -0.5)
(12 4.666666667 -0.5)
(12.33333333 4.666666667 -0.5)
(12.66666667 4.666666667 -0.5)
(13 4.666666667 -0.5)
(13.33333333 4.666666667 -0.5)
(13.66666667 4.666666667 -0.5)
(14 4.666666667 -0.5)
(14.33333333 4.666666667 -0.5)
(14.66666667 4.666666667 -0.5)
(15 4.666666667 -0.5)
(15.33333333 4.666666667 -0.5)
(15.66666667 4.666666667 -0.5)
(16 4.666666667 -0.5)
(16.33333333 4.666666667 -0.5)
(16.66666667 4.666666667 -0.5)
(17 4.666666667 -0.5)
(17.33333333 4.666666667 -0.5)
(17.66666667 4.666666667 -0.5)
(18 4.666666667 -0.5)
(18.33333333 4.666666667 -0.5)
(18.66666667 4.666666667 -0.5)
(19 4.666666667 -0.5)
(19.33333333 4.666666667 -0.5)
(19.66666667 4.666666667 -0.5)
(20 4.666666667 -0.5)
(0 5 -0.5)
(0.3333333333 5 -0.5)
(0.6666666667 5 -0.5)
(1 5 -0.5)
(1.333333333 5 -0.5)
(1.666666667 5 -0.5)
(2 5 -0.5)
(2.333333333 5 -0.5)
(2.666666667 5 -0.5)
(3 5 -0.5)
(3.333333333 5 -0.5)
(3.666666667 5 -0.5)
(4 5 -0.5)
(4.333333333 5 -0.5)
(4.666666667 5 -0.5)
(5 5 -0.5)
(5.333333333 5 -0.5)
(5.666666667 5 -0.5)
(6 5 -0.5)
(6.333333333 5 -0.5)
(6.666666667 5 -0.5)
(7 5 -0.5)
(7.333333333 5 -0.5)
(7.666666667 5 -0.5)
(8 5 -0.5)
(8.333333333 5 -0.5)
(8.666666667 5 -0.5)
(9 5 -0.5)
(9.333333333 5 -0.5)
(9.666666667 5 -0.5)
(10 5 -0.5)
(10.33333333 5 -0.5)
(10.66666667 5 -0.5)
(11 5 -0.5)
(11.33333333 5 -0.5)
(11.66666667 5 -0.5)
(12 5 -0.5)
(12.33333333 5 -0.5)
(12.66666667 5 -0.5)
(13 5 -0.5)
(13.33333333 5 -0.5)
(13.66666667 5 -0.5)
(14 5 -0.5)
(14.33333333 5 -0.5)
(14.66666667 5 -0.5)
(15 5 -0.5)
(15.33333333 5 -0.5)
(15.66666667 5 -0.5)
(16 5 -0.5)
(16.33333333 5 -0.5)
(16.66666667 5 -0.5)
(17 5 -0.5)
(17.33333333 5 -0.5)
(17.66666667 5 -0.5)
(18 5 -0.5)
(18.33333333 5 -0.5)
(18.66666667 5 -0.5)
(19 5 -0.5)
(19.33333333 5 -0.5)
(19.66666667 5 -0.5)
(20 5 -0.5)
(0 5.333333333 -0.5)
(0.3333333333 5.333333333 -0.5)
(0.6666666667 5.333333333 -0.5)
(1 5.333333333 -0.5)
(1.333333333 5.333333333 -0.5)
(1.666666667 5.333333333 -0.5)
(2 5.333333333 -0.5)
(2.333333333 5.333333333 -0.5)
(2.666666667 5.333333333 -0.5)
(3 5.333333333 -0.5)
(3.333333333 5.333333333 -0.5)
(3.666666667 5.333333333 -0.5)
(4 5.333333333 -0.5)
(4.333333333 5.333333333 -0.5)
(4.666666667 5.333333333 -0.5)
(5 5.333333333 -0.5)
(5.333333333 5.333333333 -0.5)
(5.666666667 5.333333333 -0.5)
(6 5.333333333 -0.5)
(6.333333333 5.333333333 -0.5)
(6.666666667 5.333333333 -0.5)
(7 5.333333333 -0.5)
(7.333333333 5.333333333 -0.5)
(7.666666667 5.333333333 -0.5)
(8 5.333333333 -0.5)
(8.333333333 5.333333333 -0.5)
(8.666666667 5.333333333 -0.5)
(9 5.333333333 -0.5)
(9.333333333 5.333333333 -0.5)
(9.666666667 5.333333333 -0.5)
(10 5.333333333 -0.5)
(10.33333333 5.333333333 -0.5)
(10.66666667 5.333333333 -0.5)
(11 5.333333333 -0.5)
(11.33333333 5.333333333 -0.5)
(11.66666667 5.333333333 -0.5)
(12 5.333333333 -0.5)
(12.33333333 5.333333333 -0.5)
(12.66666667 5.333333333 -0.5)
(13 5.333333333 -0.5)
(13.33333333 5.333333333 -0.5)
(13.66666667 5.333333333 -0.5)
(14 5.333333333 -0.5)
(14.33333333 5.333333333 -0.5)
(14.66666667 5.333333333 -0.5)
(15 5.333333333 -0.5)
(15.33333333 5.333333333 -0.5)
(15.66666667 5.333333333 -0.5)
(16 5.333333333 -0.5)
(16.33333333 5.333333333 -0.5)
(16.66666667 5.333333333 -0.5)
(17 5.333333333 -0.5)
(17.33333333 5.333333333 -0.5)
(17.66666667 5.333333333 -0.5)
(18 5.333333333 -0.5)
(18.33333333 5.333333333 -0.5)
(18.66666667 5.333333333 -0.5)
(19 5.333333333 -0.5)
(19.33333333 5.333333333 -0.5)
(19.66666667 5.333333333 -0.5)
(20 5.333333333 -0.5)
(0 5.666666667 -0.5)
(0.3333333333 5.666666667 -0.5)
(0.6666666667 5.666666667 -0.5)
(1 5.666666667 -0.5)
(1.333333333 5.666666667 -0.5)
(1.666666667 5.666666667 -0.5)
(2 5.666666667 -0.5)
(2.333333333 5.666666667 -0.5)
(2.666666667 5.666666667 -0.5)
(3 5.666666667 -0.5)
(3.333333333 5.666666667 -0.5)
(3.666666667 5.666666667 -0.5)
(4 5.666666667 -0.5)
(4.333333333 5.666666667 -0.5)
(4.666666667 5.666666667 -0.5)
(5 5.666666667 -0.5)
(5.333333333 5.666666667 -0.5)
(5.666666667 5.666666667 -0.5)
(6 5.666666667 -0.5)
(6.333333333 5.666666667 -0.5)
(6.666666667 5.666666667 -0.5)
(7 5.666666667 -0.5)
(7.333333333 5.666666667 -0.5)
(7.666666667 5.666666667 -0.5)
(8 5.666666667 -0.5)
(8.333333333 5.666666667 -0.5)
(8.666666667 5.666666667 -0.5)
(9 5.666666667 -0.5)
(9.333333333 5.666666667 -0.5)
(9.666666667 5.666666667 -0.5)
(10 5.666666667 -0.5)
(10.33333333 5.666666667 -0.5)
(10.66666667 5.666666667 -0.5)
(11 5.666666667 -0.5)
(11.33333333 5.666666667 -0.5)
(11.66666667 5.666666667 -0.5)
(12 5.666666667 -0.5)
(12.33333333 5.666666667 -0.5)
(12.66666667 5.666666667 -0.5)
(13 5.666666667 -0.5)
(13.33333333 5.666666667 -0.5)
(13.66666667 5.666666667 -0.5)
(14 5.666666667 -0.5)
(14.33333333 5.666666667 -0.5)
(14.66666667 5.666666667 -0.5)
(15 5.666666667 -0.5)
(15.33333333 5.666666667 -0.5)
(15.66666667 5.666666667 -0.5)
(16 5.666666667 -0.5)
(16.33333333 5.666666667 -0.5)
(16.66666667 5.666666667 -0.5)
(17 5.666666667 -0.5)
(17.33333333 5.666666667 -0.5)
(17.66666667 5.666666667 -0.5)
(18 5.666666667 -0.5)
(18.33333333 5.666666667 -0.5)
(18.66666667 5.666666667 -0.5)
(19 5.666666667 -0.5)
(19.33333333 5.666666667 -0.5)
(19.66666667 5.666666667 -0.5)
(20 5.666666667 -0.5)
(0 6 -0.5)
(0.3333333333 6 -0.5)
(0.6666666667 6 -0.5)
(1 6 -0.5)
(1.333333333 6 -0.5)
(1.666666667 6 -0.5)
(2 6 -0.5)
(2.333333333 6 -0.5)
(2.666666667 6 -0.5)
(3 6 -0.5)
(3.333333333 6 -0.5)
(3.666666667 6 -0.5)
(4 6 -0.5)
(4.333333333 6 -0.5)
(4.666666667 6 -0.5)
(5 6 -0.5)
(5.333333333 6 -0.5)
(5.666666667 6 -0.5)
(6 6 -0.5)
(6.333333333 6 -0.5)
(6.666666667 6 -0.5)
(7 6 -0.5)
(7.333333333 6 -0.5)
(7.666666667 6 -0.5)
(8 6 -0.5)
(8.333333333 6 -0.5)
(8.666666667 6 -0.5)
(9 6 -0.5)
(9.333333333 6 -0.5)
(9.666666667 6 -0.5)
(10 6 -0.5)
(10.33333333 6 -0.5)
(10.66666667 6 -0.5)
(11 6 -0.5)
(11.33333333 6 -0.5)
(11.66666667 6 -0.5)
(12 6 -0.5)
(12.33333333 6 -0.5)
(12.66666667 6 -0.5)
(13 6 -0.5)
(13.33333333 6 -0.5)
(13.66666667 6 -0.5)
(14 6 -0.5)
(14.33333333 6 -0.5)
(14.66666667 6 -0.5)
(15 6 -0.5)
(15.33333333 6 -0.5)
(15.66666667 6 -0.5)
(16 6 -0.5)
(16.33333333 6 -0.5)
(16.66666667 6 -0.5)
(17 6 -0.5)
(17.33333333 6 -0.5)
(17.66666667 6 -0.5)
(18 6 -0.5)
(18.33333333 6 -0.5)
(18.66666667 6 -0.5)
(19 6 -0.5)
(19.33333333 6 -0.5)
(19.66666667 6 -0.5)
(20 6 -0.5)
(0 6.333333333 -0.5)
(0.3333333333 6.333333333 -0.5)
(0.6666666667 6.333333333 -0.5)
(1 6.333333333 -0.5)
(1.333333333 6.333333333 -0.5)
(1.666666667 6.333333333 -0.5)
(2 6.333333333 -0.5)
(2.333333333 6.333333333 -0.5)
(2.666666667 6.333333333 -0.5)
(3 6.333333333 -0.5)
(3.333333333 6.333333333 -0.5)
(3.666666667 6.333333333 -0.5)
(4 6.333333333 -0.5)
(4.333333333 6.333333333 -0.5)
(4.666666667 6.333333333 -0.5)
(5 6.333333333 -0.5)
(5.333333333 6.333333333 -0.5)
(5.666666667 6.333333333 -0.5)
(6 6.333333333 -0.5)
(6.333333333 6.333333333 -0.5)
(6.666666667 6.333333333 -0.5)
(7 6.333333333 -0.5)
(7.333333333 6.333333333 -0.5)
(7.666666667 6.333333333 -0.5)
(8 6.333333333 -0.5)
(8.333333333 6.333333333 -0.5)
(8.666666667 6.333333333 -0.5)
(9 6.333333333 -0.5)
(9.333333333 6.333333333 -0.5)
(9.666666667 6.333333333 -0.5)
(10 6.333333333 -0.5)
(10.33333333 6.333333333 -0.5)
(10.66666667 6.333333333 -0.5)
(11 6.333333333 -0.5)
(11.33333333 6.333333333 -0.5)
(11.66666667 6.333333333 -0.5)
(12 6.333333333 -0.5)
(12.33333333 6.333333333 -0.5)
(12.66666667 6.333333333 -0.5)
(13 6.333333333 -0.5)
(13.33333333 6.333333333 -0.5)
(13.66666667 6.333333333 -0.5)
(14 6.333333333 -0.5)
(14.33333333 6.333333333 -0.5)
(14.66666667 6.333333333 -0.5)
(15 6.333333333 -0.5)
(15.33333333 6.333333333 -0.5)
(15.66666667 6.333333333 -0.5)
(16 6.333333333 -0.5)
(16.33333333 6.333333333 -0.5)
(16.66666667 6.333333333 -0.5)
(17 6.333333333 -0.5)
(17.33333333 6.333333333 -0.5)
(17.66666667 6.333333333 -0.5)
(18 6.333333333 -0.5)
(18.33333333 6.333333333 -0.5)
(18.66666667 6.333333333 -0.5)
(19 6.333333333 -0.5)
(19.33333333 6.333333333 -0.5)
(19.66666667 6.333333333 -0.5)
(20 6.333333333 -0.5)
(0 6.666666667 -0.5)
(0.3333333333 6.666666667 -0.5)
(0.6666666667 6.666666667 -0.5)
(1 6.666666667 -0.5)
(1.333333333 6.666666667 -0.5)
(1.666666667 6.666666667 -0.5)
(2 6.666666667 -0.5)
(2.333333333 6.666666667 -0.5)
(2.666666667 6.666666667 -0.5)
(3 6.666666667 -0.5)
(3.333333333 6.666666667 -0.5)
(3.666666667 6.666666667 -0.5)
(4 6.666666667 -0.5)
(4.333333333 6.666666667 -0.5)
(4.666666667 6.666666667 -0.5)
(5 6.666666667 -0.5)
(5.333333333 6.666666667 -0.5)
(5.666666667 6.666666667 -0.5)
(6 6.666666667 -0.5)
(6.333333333 6.666666667 -0.5)
(6.666666667 6.666666667 -0.5)
(7 6.666666667 -0.5)
(7.333333333 6.666666667 -0.5)
(7.666666667 6.666666667 -0.5)
(8 6.666666667 -0.5)
(8.333333333 6.666666667 -0.5)
(8.666666667 6.666666667 -0.5)
(9 6.666666667 -0.5)
(9.333333333 6.666666667 -0.5)
(9.666666667 6.666666667 -0.5)
(10 6.666666667 -0.5)
(10.33333333 6.666666667 -0.5)
(10.66666667 6.666666667 -0.5)
(11 6.666666667 -0.5)
(11.33333333 6.666666667 -0.5)
(11.66666667 6.666666667 -0.5)
(12 6.666666667 -0.5)
(12.33333333 6.666666667 -0.5)
(12.66666667 6.666666667 -0.5)
(13 6.666666667 -0.5)
(13.33333333 6.666666667 -0.5)
(13.66666667 6.666666667 -0.5)
(14 6.666666667 -0.5)
(14.33333333 6.666666667 -0.5)
(14.66666667 6.666666667 -0.5)
(15 6.666666667 -0.5)
(15.33333333 6.666666667 -0.5)
(15.66666667 6.666666667 -0.5)
(16 6.666666667 -0.5)
(16.33333333 6.666666667 -0.5)
(16.66666667 6.666666667 -0.5)
(17 6.666666667 -0.5)
(17.33333333 6.666666667 -0.5)
(17.66666667 6.666666667 -0.5)
(18 6.666666667 -0.5)
(18.33333333 6.666666667 -0.5)
(18.66666667 6.666666667 -0.5)
(19 6.666666667 -0.5)
(19.33333333 6.666666667 -0.5)
(19.66666667 6.666666667 -0.5)
(20 6.666666667 -0.5)
(0 7 -0.5)
(0.3333333333 7 -0.5)
(0.6666666667 7 -0.5)
(1 7 -0.5)
(1.333333333 7 -0.5)
(1.666666667 7 -0.5)
(2 7 -0.5)
(2.333333333 7 -0.5)
(2.666666667 7 -0.5)
(3 7 -0.5)
(3.333333333 7 -0.5)
(3.666666667 7 -0.5)
(4 7 -0.5)
(4.333333333 7 -0.5)
(4.666666667 7 -0.5)
(5 7 -0.5)
(5.333333333 7 -0.5)
(5.666666667 7 -0.5)
(6 7 -0.5)
(6.333333333 7 -0.5)
(6.666666667 7 -0.5)
(7 7 -0.5)
(7.333333333 7 -0.5)
(7.666666667 7 -0.5)
(8 7 -0.5)
(8.333333333 7 -0.5)
(8.666666667 7 -0.5)
(9 7 -0.5)
(9.333333333 7 -0.5)
(9.666666667 7 -0.5)
(10 7 -0.5)
(10.33333333 7 -0.5)
(10.66666667 7 -0.5)
(11 7 -0.5)
(11.33333333 7 -0.5)
(11.66666667 7 -0.5)
(12 7 -0.5)
(12.33333333 7 -0.5)
(12.66666667 7 -0.5)
(13 7 -0.5)
(13.33333333 7 -0.5)
(13.66666667 7 -0.5)
(14 7 -0.5)
(14.33333333 7 -0.5)
(14.66666667 7 -0.5)
(15 7 -0.5)
(15.33333333 7 -0.5)
(15.66666667 7 -0.5)
(16 7 -0.5)
(16.33333333 7 -0.5)
(16.66666667 7 -0.5)
(17 7 -0.5)
(17.33333333 7 -0.5)
(17.66666667 7 -0.5)
(18 7 -0.5)
(18.33333333 7 -0.5)
(18.66666667 7 -0.5)
(19 7 -0.5)
(19.33333333 7 -0.5)
(19.66666667 7 -0.5)
(20 7 -0.5)
(0 7.333333333 -0.5)
(0.3333333333 7.333333333 -0.5)
(0.6666666667 7.333333333 -0.5)
(1 7.333333333 -0.5)
(1.333333333 7.333333333 -0.5)
(1.666666667 7.333333333 -0.5)
(2 7.333333333 -0.5)
(2.333333333 7.333333333 -0.5)
(2.666666667 7.333333333 -0.5)
(3 7.333333333 -0.5)
(3.333333333 7.333333333 -0.5)
(3.666666667 7.333333333 -0.5)
(4 7.333333333 -0.5)
(4.333333333 7.333333333 -0.5)
(4.666666667 7.333333333 -0.5)
(5 7.333333333 -0.5)
(5.333333333 7.333333333 -0.5)
(5.666666667 7.333333333 -0.5)
(6 7.333333333 -0.5)
(6.333333333 7.333333333 -0.5)
(6.666666667 7.333333333 -0.5)
(7 7.333333333 -0.5)
(7.333333333 7.333333333 -0.5)
(7.666666667 7.333333333 -0.5)
(8 7.333333333 -0.5)
(8.333333333 7.333333333 -0.5)
(8.666666667 7.333333333 -0.5)
(9 7.333333333 -0.5)
(9.333333333 7.333333333 -0.5)
(9.666666667 7.333333333 -0.5)
(10 7.333333333 -0.5)
(10.33333333 7.333333333 -0.5)
(10.66666667 7.333333333 -0.5)
(11 7.333333333 -0.5)
(11.33333333 7.333333333 -0.5)
(11.66666667 7.333333333 -0.5)
(12 7.333333333 -0.5)
(12.33333333 7.333333333 -0.5)
(12.66666667 7.333333333 -0.5)
(13 7.333333333 -0.5)
(13.33333333 7.333333333 -0.5)
(13.66666667 7.333333333 -0.5)
(14 7.333333333 -0.5)
(14.33333333 7.333333333 -0.5)
(14.66666667 7.333333333 -0.5)
(15 7.333333333 -0.5)
(15.33333333 7.333333333 -0.5)
(15.66666667 7.333333333 -0.5)
(16 7.333333333 -0.5)
(16.33333333 7.333333333 -0.5)
(16.66666667 7.333333333 -0.5)
(17 7.333333333 -0.5)
(17.33333333 7.333333333 -0.5)
(17.66666667 7.333333333 -0.5)
(18 7.333333333 -0.5)
(18.33333333 7.333333333 -0.5)
(18.66666667 7.333333333 -0.5)
(19 7.333333333 -0.5)
(19.33333333 7.333333333 -0.5)
(19.66666667 7.333333333 -0.5)
(20 7.333333333 -0.5)
(0 7.666666667 -0.5)
(0.3333333333 7.666666667 -0.5)
(0.6666666667 7.666666667 -0.5)
(1 7.666666667 -0.5)
(1.333333333 7.666666667 -0.5)
(1.666666667 7.666666667 -0.5)
(2 7.666666667 -0.5)
(2.333333333 7.666666667 -0.5)
(2.666666667 7.666666667 -0.5)
(3 7.666666667 -0.5)
(3.333333333 7.666666667 -0.5)
(3.666666667 7.666666667 -0.5)
(4 7.666666667 -0.5)
(4.333333333 7.666666667 -0.5)
(4.666666667 7.666666667 -0.5)
(5 7.666666667 -0.5)
(5.333333333 7.666666667 -0.5)
(5.666666667 7.666666667 -0.5)
(6 7.666666667 -0.5)
(6.333333333 7.666666667 -0.5)
(6.666666667 7.666666667 -0.5)
(7 7.666666667 -0.5)
(7.333333333 7.666666667 -0.5)
(7.666666667 7.666666667 -0.5)
(8 7.666666667 -0.5)
(8.333333333 7.666666667 -0.5)
(8.666666667 7.666666667 -0.5)
(9 7.666666667 -0.5)
(9.333333333 7.666666667 -0.5)
(9.666666667 7.666666667 -0.5)
(10 7.666666667 -0.5)
(10.33333333 7.666666667 -0.5)
(10.66666667 7.666666667 -0.5)
(11 7.666666667 -0.5)
(11.33333333 7.666666667 -0.5)
(11.66666667 7.666666667 -0.5)
(12 7.666666667 -0.5)
(12.33333333 7.666666667 -0.5)
(12.66666667 7.666666667 -0.5)
(13 7.666666667 -0.5)
(13.33333333 7.666666667 -0.5)
(13.66666667 7.666666667 -0.5)
(14 7.666666667 -0.5)
(14.33333333 7.666666667 -0.5)
(14.66666667 7.666666667 -0.5)
(15 7.666666667 -0.5)
(15.33333333 7.666666667 -0.5)
(15.66666667 7.666666667 -0.5)
(16 7.666666667 -0.5)
(16.33333333 7.666666667 -0.5)
(16.66666667 7.666666667 -0.5)
(17 7.666666667 -0.5)
(17.33333333 7.666666667 -0.5)
(17.66666667 7.666666667 -0.5)
(18 7.666666667 -0.5)
(18.33333333 7.666666667 -0.5)
(18.66666667 7.666666667 -0.5)
(19 7.666666667 -0.5)
(19.33333333 7.666666667 -0.5)
(19.66666667 7.666666667 -0.5)
(20 7.666666667 -0.5)
(0 8 -0.5)
(0.3333333333 8 -0.5)
(0.6666666667 8 -0.5)
(1 8 -0.5)
(1.333333333 8 -0.5)
(1.666666667 8 -0.5)
(2 8 -0.5)
(2.333333333 8 -0.5)
(2.666666667 8 -0.5)
(3 8 -0.5)
(3.333333333 8 -0.5)
(3.666666667 8 -0.5)
(4 8 -0.5)
(4.333333333 8 -0.5)
(4.666666667 8 -0.5)
(5 8 -0.5)
(5.333333333 8 -0.5)
(5.666666667 8 -0.5)
(6 8 -0.5)
(6.333333333 8 -0.5)
(6.666666667 8 -0.5)
(7 8 -0.5)
(7.333333333 8 -0.5)
(7.666666667 8 -0.5)
(8 8 -0.5)
(8.333333333 8 -0.5)
(8.666666667 8 -0.5)
(9 8 -0.5)
(9.333333333 8 -0.5)
(9.666666667 8 -0.5)
(10 8 -0.5)
(10.33333333 8 -0.5)
(10.66666667 8 -0.5)
(11 8 -0.5)
(11.33333333 8 -0.5)
(11.66666667 8 -0.5)
(12 8 -0.5)
(12.33333333 8 -0.5)
(12.66666667 8 -0.5)
(13 8 -0.5)
(13.33333333 8 -0.5)
(13.66666667 8 -0.5)
(14 8 -0.5)
(14.33333333 8 -0.5)
(14.66666667 8 -0.5)
(15 8 -0.5)
(15.33333333 8 -0.5)
(15.66666667 8 -0.5)
(16 8 -0.5)
(16.33333333 8 -0.5)
(16.66666667 8 -0.5)
(17 8 -0.5)
(17.33333333 8 -0.5)
(17.66666667 8 -0.5)
(18 8 -0.5)
(18.33333333 8 -0.5)
(18.66666667 8 -0.5)
(19 8 -0.5)
(19.33333333 8 -0.5)
(19.66666667 8 -0.5)
(20 8 -0.5)
(0 8.333333333 -0.5)
(0.3333333333 8.333333333 -0.5)
(0.6666666667 8.333333333 -0.5)
(1 8.333333333 -0.5)
(1.333333333 8.333333333 -0.5)
(1.666666667 8.333333333 -0.5)
(2 8.333333333 -0.5)
(2.333333333 8.333333333 -0.5)
(2.666666667 8.333333333 -0.5)
(3 8.333333333 -0.5)
(3.333333333 8.333333333 -0.5)
(3.666666667 8.333333333 -0.5)
(4 8.333333333 -0.5)
(4.333333333 8.333333333 -0.5)
(4.666666667 8.333333333 -0.5)
(5 8.333333333 -0.5)
(5.333333333 8.333333333 -0.5)
(5.666666667 8.333333333 -0.5)
(6 8.333333333 -0.5)
(6.333333333 8.333333333 -0.5)
(6.666666667 8.333333333 -0.5)
(7 8.333333333 -0.5)
(7.333333333 8.333333333 -0.5)
(7.666666667 8.333333333 -0.5)
(8 8.333333333 -0.5)
(8.333333333 8.333333333 -0.5)
(8.666666667 8.333333333 -0.5)
(9 8.333333333 -0.5)
(9.333333333 8.333333333 -0.5)
(9.666666667 8.333333333 -0.5)
(10 8.333333333 -0.5)
(10.33333333 8.333333333 -0.5)
(10.66666667 8.333333333 -0.5)
(11 8.333333333 -0.5)
(11.33333333 8.333333333 -0.5)
(11.66666667 8.333333333 -0.5)
(12 8.333333333 -0.5)
(12.33333333 8.333333333 -0.5)
(12.66666667 8.333333333 -0.5)
(13 8.333333333 -0.5)
(13.33333333 8.333333333 -0.5)
(13.66666667 8.333333333 -0.5)
(14 8.333333333 -0.5)
(14.33333333 8.333333333 -0.5)
(14.66666667 8.333333333 -0.5)
(15 8.333333333 -0.5)
(15.33333333 8.333333333 -0.5)
(15.66666667 8.333333333 -0.5)
(16 8.333333333 -0.5)
(16.33333333 8.333333333 -0.5)
(16.66666667 8.333333333 -0.5)
(17 8.333333333 -0.5)
(17.33333333 8.333333333 -0.5)
(17.66666667 8.333333333 -0.5)
(18 8.333333333 -0.5)
(18.33333333 8.333333333 -0.5)
(18.66666667 8.333333333 -0.5)
(19 8.333333333 -0.5)
(19.33333333 8.333333333 -0.5)
(19.66666667 8.333333333 -0.5)
(20 8.333333333 -0.5)
(0 8.666666667 -0.5)
(0.3333333333 8.666666667 -0.5)
(0.6666666667 8.666666667 -0.5)
(1 8.666666667 -0.5)
(1.333333333 8.666666667 -0.5)
(1.666666667 8.666666667 -0.5)
(2 8.666666667 -0.5)
(2.333333333 8.666666667 -0.5)
(2.666666667 8.666666667 -0.5)
(3 8.666666667 -0.5)
(3.333333333 8.666666667 -0.5)
(3.666666667 8.666666667 -0.5)
(4 8.666666667 -0.5)
(4.333333333 8.666666667 -0.5)
(4.666666667 8.666666667 -0.5)
(5 8.666666667 -0.5)
(5.333333333 8.666666667 -0.5)
(5.666666667 8.666666667 -0.5)
(6 8.666666667 -0.5)
(6.333333333 8.666666667 -0.5)
(6.666666667 8.666666667 -0.5)
(7 8.666666667 -0.5)
(7.333333333 8.666666667 -0.5)
(7.666666667 8.666666667 -0.5)
(8 8.666666667 -0.5)
(8.333333333 8.666666667 -0.5)
(8.666666667 8.666666667 -0.5)
(9 8.666666667 -0.5)
(9.333333333 8.666666667 -0.5)
(9.666666667 8.666666667 -0.5)
(10 8.666666667 -0.5)
(10.33333333 8.666666667 -0.5)
(10.66666667 8.666666667 -0.5)
(11 8.666666667 -0.5)
(11.33333333 8.666666667 -0.5)
(11.66666667 8.666666667 -0.5)
(12 8.666666667 -0.5)
(12.33333333 8.666666667 -0.5)
(12.66666667 8.666666667 -0.5)
(13 8.666666667 -0.5)
(13.33333333 8.666666667 -0.5)
(13.66666667 8.666666667 -0.5)
(14 8.666666667 -0.5)
(14.33333333 8.666666667 -0.5)
(14.66666667 8.666666667 -0.5)
(15 8.666666667 -0.5)
(15.33333333 8.666666667 -0.5)
(15.66666667 8.666666667 -0.5)
(16 8.666666667 -0.5)
(16.33333333 8.666666667 -0.5)
(16.66666667 8.666666667 -0.5)
(17 8.666666667 -0.5)
(17.33333333 8.666666667 -0.5)
(17.66666667 8.666666667 -0.5)
(18 8.666666667 -0.5)
(18.33333333 8.666666667 -0.5)
(18.66666667 8.666666667 -0.5)
(19 8.666666667 -0.5)
(19.33333333 8.666666667 -0.5)
(19.66666667 8.666666667 -0.5)
(20 8.666666667 -0.5)
(0 9 -0.5)
(0.3333333333 9 -0.5)
(0.6666666667 9 -0.5)
(1 9 -0.5)
(1.333333333 9 -0.5)
(1.666666667 9 -0.5)
(2 9 -0.5)
(2.333333333 9 -0.5)
(2.666666667 9 -0.5)
(3 9 -0.5)
(3.333333333 9 -0.5)
(3.666666667 9 -0.5)
(4 9 -0.5)
(4.333333333 9 -0.5)
(4.666666667 9 -0.5)
(5 9 -0.5)
(5.333333333 9 -0.5)
(5.666666667 9 -0.5)
(6 9 -0.5)
(6.333333333 9 -0.5)
(6.666666667 9 -0.5)
(7 9 -0.5)
(7.333333333 9 -0.5)
(7.666666667 9 -0.5)
(8 9 -0.5)
(8.333333333 9 -0.5)
(8.666666667 9 -0.5)
(9 9 -0.5)
(9.333333333 9 -0.5)
(9.666666667 9 -0.5)
(10 9 -0.5)
(10.33333333 9 -0.5)
(10.66666667 9 -0.5)
(11 9 -0.5)
(11.33333333 9 -0.5)
(11.66666667 9 -0.5)
(12 9 -0.5)
(12.33333333 9 -0.5)
(12.66666667 9 -0.5)
(13 9 -0.5)
(13.33333333 9 -0.5)
(13.66666667 9 -0.5)
(14 9 -0.5)
(14.33333333 9 -0.5)
(14.66666667 9 -0.5)
(15 9 -0.5)
(15.33333333 9 -0.5)
(15.66666667 9 -0.5)
(16 9 -0.5)
(16.33333333 9 -0.5)
(16.66666667 9 -0.5)
(17 9 -0.5)
(17.33333333 9 -0.5)
(17.66666667 9 -0.5)
(18 9 -0.5)
(18.33333333 9 -0.5)
(18.66666667 9 -0.5)
(19 9 -0.5)
(19.33333333 9 -0.5)
(19.66666667 9 -0.5)
(20 9 -0.5)
(0 9.333333333 -0.5)
(0.3333333333 9.333333333 -0.5)
(0.6666666667 9.333333333 -0.5)
(1 9.333333333 -0.5)
(1.333333333 9.333333333 -0.5)
(1.666666667 9.333333333 -0.5)
(2 9.333333333 -0.5)
(2.333333333 9.333333333 -0.5)
(2.666666667 9.333333333 -0.5)
(3 9.333333333 -0.5)
(3.333333333 9.333333333 -0.5)
(3.666666667 9.333333333 -0.5)
(4 9.333333333 -0.5)
(4.333333333 9.333333333 -0.5)
(4.666666667 9.333333333 -0.5)
(5 9.333333333 -0.5)
(5.333333333 9.333333333 -0.5)
(5.666666667 9.333333333 -0.5)
(6 9.333333333 -0.5)
(6.333333333 9.333333333 -0.5)
(6.666666667 9.333333333 -0.5)
(7 9.333333333 -0.5)
(7.333333333 9.333333333 -0.5)
(7.666666667 9.333333333 -0.5)
(8 9.333333333 -0.5)
(8.333333333 9.333333333 -0.5)
(8.666666667 9.333333333 -0.5)
(9 9.333333333 -0.5)
(9.333333333 9.333333333 -0.5)
(9.666666667 9.333333333 -0.5)
(10 9.333333333 -0.5)
(10.33333333 9.333333333 -0.5)
(10.66666667 9.333333333 -0.5)
(11 9.333333333 -0.5)
(11.33333333 9.333333333 -0.5)
(11.66666667 9.333333333 -0.5)
(12 9.333333333 -0.5)
(12.33333333 9.333333333 -0.5)
(12.66666667 9.333333333 -0.5)
(13 9.333333333 -0.5)
(13.33333333 9.333333333 -0.5)
(13.66666667 9.333333333 -0.5)
(14 9.333333333 -0.5)
(14.33333333 9.333333333 -0.5)
(14.66666667 9.333333333 -0.5)
(15 9.333333333 -0.5)
(15.33333333 9.333333333 -0.5)
(15.66666667 9.333333333 -0.5)
(16 9.333333333 -0.5)
(16.33333333 9.333333333 -0.5)
(16.66666667 9.333333333 -0.5)
(17 9.333333333 -0.5)
(17.33333333 9.333333333 -0.5)
(17.66666667 9.333333333 -0.5)
(18 9.333333333 -0.5)
(18.33333333 9.333333333 -0.5)
(18.66666667 9.333333333 -0.5)
(19 9.333333333 -0.5)
(19.33333333 9.333333333 -0.5)
(19.66666667 9.333333333 -0.5)
(20 9.333333333 -0.5)
(0 9.666666667 -0.5)
(0.3333333333 9.666666667 -0.5)
(0.6666666667 9.666666667 -0.5)
(1 9.666666667 -0.5)
(1.333333333 9.666666667 -0.5)
(1.666666667 9.666666667 -0.5)
(2 9.666666667 -0.5)
(2.333333333 9.666666667 -0.5)
(2.666666667 9.666666667 -0.5)
(3 9.666666667 -0.5)
(3.333333333 9.666666667 -0.5)
(3.666666667 9.666666667 -0.5)
(4 9.666666667 -0.5)
(4.333333333 9.666666667 -0.5)
(4.666666667 9.666666667 -0.5)
(5 9.666666667 -0.5)
(5.333333333 9.666666667 -0.5)
(5.666666667 9.666666667 -0.5)
(6 9.666666667 -0.5)
(6.333333333 9.666666667 -0.5)
(6.666666667 9.666666667 -0.5)
(7 9.666666667 -0.5)
(7.333333333 9.666666667 -0.5)
(7.666666667 9.666666667 -0.5)
(8 9.666666667 -0.5)
(8.333333333 9.666666667 -0.5)
(8.666666667 9.666666667 -0.5)
(9 9.666666667 -0.5)
(9.333333333 9.666666667 -0.5)
(9.666666667 9.666666667 -0.5)
(10 9.666666667 -0.5)
(10.33333333 9.666666667 -0.5)
(10.66666667 9.666666667 -0.5)
(11 9.666666667 -0.5)
(11.33333333 9.666666667 -0.5)
(11.66666667 9.666666667 -0.5)
(12 9.666666667 -0.5)
(12.33333333 9.666666667 -0.5)
(12.66666667 9.666666667 -0.5)
(13 9.666666667 -0.5)
(13.33333333 9.666666667 -0.5)
(13.66666667 9.666666667 -0.5)
(14 9.666666667 -0.5)
(14.33333333 9.666666667 -0.5)
(14.66666667 9.666666667 -0.5)
(15 9.666666667 -0.5)
(15.33333333 9.666666667 -0.5)
(15.66666667 9.666666667 -0.5)
(16 9.666666667 -0.5)
(16.33333333 9.666666667 -0.5)
(16.66666667 9.666666667 -0.5)
(17 9.666666667 -0.5)
(17.33333333 9.666666667 -0.5)
(17.66666667 9.666666667 -0.5)
(18 9.666666667 -0.5)
(18.33333333 9.666666667 -0.5)
(18.66666667 9.666666667 -0.5)
(19 9.666666667 -0.5)
(19.33333333 9.666666667 -0.5)
(19.66666667 9.666666667 -0.5)
(20 9.666666667 -0.5)
(0 10 -0.5)
(0.3333333333 10 -0.5)
(0.6666666667 10 -0.5)
(1 10 -0.5)
(1.333333333 10 -0.5)
(1.666666667 10 -0.5)
(2 10 -0.5)
(2.333333333 10 -0.5)
(2.666666667 10 -0.5)
(3 10 -0.5)
(3.333333333 10 -0.5)
(3.666666667 10 -0.5)
(4 10 -0.5)
(4.333333333 10 -0.5)
(4.666666667 10 -0.5)
(5 10 -0.5)
(5.333333333 10 -0.5)
(5.666666667 10 -0.5)
(6 10 -0.5)
(6.333333333 10 -0.5)
(6.666666667 10 -0.5)
(7 10 -0.5)
(7.333333333 10 -0.5)
(7.666666667 10 -0.5)
(8 10 -0.5)
(8.333333333 10 -0.5)
(8.666666667 10 -0.5)
(9 10 -0.5)
(9.333333333 10 -0.5)
(9.666666667 10 -0.5)
(10 10 -0.5)
(10.33333333 10 -0.5)
(10.66666667 10 -0.5)
(11 10 -0.5)
(11.33333333 10 -0.5)
(11.66666667 10 -0.5)
(12 10 -0.5)
(12.33333333 10 -0.5)
(12.66666667 10 -0.5)
(13 10 -0.5)
(13.33333333 10 -0.5)
(13.66666667 10 -0.5)
(14 10 -0.5)
(14.33333333 10 -0.5)
(14.66666667 10 -0.5)
(15 10 -0.5)
(15.33333333 10 -0.5)
(15.66666667 10 -0.5)
(16 10 -0.5)
(16.33333333 10 -0.5)
(16.66666667 10 -0.5)
(17 10 -0.5)
(17.33333333 10 -0.5)
(17.66666667 10 -0.5)
(18 10 -0.5)
(18.33333333 10 -0.5)
(18.66666667 10 -0.5)
(19 10 -0.5)
(19.33333333 10 -0.5)
(19.66666667 10 -0.5)
(20 10 -0.5)
(0 0 0.5)
(0.3333333333 0 0.5)
(0.6666666667 0 0.5)
(1 0 0.5)
(1.333333333 0 0.5)
(1.666666667 0 0.5)
(2 0 0.5)
(2.333333333 0 0.5)
(2.666666667 0 0.5)
(3 0 0.5)
(3.333333333 0 0.5)
(3.666666667 0 0.5)
(4 0 0.5)
(4.333333333 0 0.5)
(4.666666667 0 0.5)
(5 0 0.5)
(5.333333333 0 0.5)
(5.666666667 0 0.5)
(6 0 0.5)
(6.333333333 0 0.5)
(6.666666667 0 0.5)
(7 0 0.5)
(7.333333333 0 0.5)
(7.666666667 0 0.5)
(8 0 0.5)
(8.333333333 0 0.5)
(8.666666667 0 0.5)
(9 0 0.5)
(9.333333333 0 0.5)
(9.666666667 0 0.5)
(10 0 0.5)
(10.33333333 0 0.5)
(10.66666667 0 0.5)
(11 0 0.5)
(11.33333333 0 0.5)
(11.66666667 0 0.5)
(12 0 0.5)
(12.33333333 0 0.5)
(12.66666667 0 0.5)
(13 0 0.5)
(13.33333333 0 0.5)
(13.66666667 0 0.5)
(14 0 0.5)
(14.33333333 0 0.5)
(14.66666667 0 0.5)
(15 0 0.5)
(15.33333333 0 0.5)
(15.66666667 0 0.5)
(16 0 0.5)
(16.33333333 0 0.5)
(16.66666667 0 0.5)
(17 0 0.5)
(17.33333333 0 0.5)
(17.66666667 0 0.5)
(18 0 0.5)
(18.33333333 0 0.5)
(18.66666667 0 0.5)
(19 0 0.5)
(19.33333333 0 0.5)
(19.66666667 0 0.5)
(20 0 0.5)
(0 0.3333333333 0.5)
(0.3333333333 0.3333333333 0.5)
(0.6666666667 0.3333333333 0.5)
(1 0.3333333333 0.5)
(1.333333333 0.3333333333 0.5)
(1.666666667 0.3333333333 0.5)
(2 0.3333333333 0.5)
(2.333333333 0.3333333333 0.5)
(2.666666667 0.3333333333 0.5)
(3 0.3333333333 0.5)
(3.333333333 0.3333333333 0.5)
(3.666666667 0.3333333333 0.5)
(4 0.3333333333 0.5)
(4.333333333 0.3333333333 0.5)
(4.666666667 0.3333333333 0.5)
(5 0.3333333333 0.5)
(5.333333333 0.3333333333 0.5)
(5.666666667 0.3333333333 0.5)
(6 0.3333333333 0.5)
(6.333333333 0.3333333333 0.5)
(6.666666667 0.3333333333 0.5)
(7 0.3333333333 0.5)
(7.333333333 0.3333333333 0.5)
(7.666666667 0.3333333333 0.5)
(8 0.3333333333 0.5)
(8.333333333 0.3333333333 0.5)
(8.666666667 0.3333333333 0.5)
(9 0.3333333333 0.5)
(9.333333333 0.3333333333 0.5)
(9.666666667 0.3333333333 0.5)
(10 0.3333333333 0.5)
(10.33333333 0.3333333333 0.5)
(10.66666667 0.3333333333 0.5)
(11 0.3333333333 0.5)
(11.33333333 0.3333333333 0.5)
(11.66666667 0.3333333333 0.5)
(12 0.3333333333 0.5)
(12.33333333 0.3333333333 0.5)
(12.66666667 0.3333333333 0.5)
(13 0.3333333333 0.5)
(13.33333333 0.3333333333 0.5)
(13.66666667 0.3333333333 0.5)
(14 0.3333333333 0.5)
(14.33333333 0.3333333333 0.5)
(14.66666667 0.3333333333 0.5)
(15 0.3333333333 0.5)
(15.33333333 0.3333333333 0.5)
(15.66666667 0.3333333333 0.5)
(16 0.3333333333 0.5)
(16.33333333 0.3333333333 0.5)
(16.66666667 0.3333333333 0.5)
(17 0.3333333333 0.5)
(17.33333333 0.3333333333 0.5)
(17.66666667 0.3333333333 0.5)
(18 0.3333333333 0.5)
(18.33333333 0.3333333333 0.5)
(18.66666667 0.3333333333 0.5)
(19 0.3333333333 0.5)
(19.33333333 0.3333333333 0.5)
(19.66666667 0.3333333333 0.5)
(20 0.3333333333 0.5)
(0 0.6666666667 0.5)
(0.3333333333 0.6666666667 0.5)
(0.6666666667 0.6666666667 0.5)
(1 0.6666666667 0.5)
(1.333333333 0.6666666667 0.5)
(1.666666667 0.6666666667 0.5)
(2 0.6666666667 0.5)
(2.333333333 0.6666666667 0.5)
(2.666666667 0.6666666667 0.5)
(3 0.6666666667 0.5)
(3.333333333 0.6666666667 0.5)
(3.666666667 0.6666666667 0.5)
(4 0.6666666667 0.5)
(4.333333333 0.6666666667 0.5)
(4.666666667 0.6666666667 0.5)
(5 0.6666666667 0.5)
(5.333333333 0.6666666667 0.5)
(5.666666667 0.6666666667 0.5)
(6 0.6666666667 0.5)
(6.333333333 0.6666666667 0.5)
(6.666666667 0.6666666667 0.5)
(7 0.6666666667 0.5)
(7.333333333 0.6666666667 0.5)
(7.666666667 0.6666666667 0.5)
(8 0.6666666667 0.5)
(8.333333333 0.6666666667 0.5)
(8.666666667 0.6666666667 0.5)
(9 0.6666666667 0.5)
(9.333333333 0.6666666667 0.5)
(9.666666667 0.6666666667 0.5)
(10 0.6666666667 0.5)
(10.33333333 0.6666666667 0.5)
(10.66666667 0.6666666667 0.5)
(11 0.6666666667 0.5)
(11.33333333 0.6666666667 0.5)
(11.66666667 0.6666666667 0.5)
(12 0.6666666667 0.5)
(12.33333333 0.6666666667 0.5)
(12.66666667 0.6666666667 0.5)
(13 0.6666666667 0.5)
(13.33333333 0.6666666667 0.5)
(13.66666667 0.6666666667 0.5)
(14 0.6666666667 0.5)
(14.33333333 0.6666666667 0.5)
(14.66666667 0.6666666667 0.5)
(15 0.6666666667 0.5)
(15.33333333 0.6666666667 0.5)
(15.66666667 0.6666666667 0.5)
(16 0.6666666667 0.5)
(16.33333333 0.6666666667 0.5)
(16.66666667 0.6666666667 0.5)
(17 0.6666666667 0.5)
(17.33333333 0.6666666667 0.5)
(17.66666667 0.6666666667 0.5)
(18 0.6666666667 0.5)
(18.33333333 0.6666666667 0.5)
(18.66666667 0.6666666667 0.5)
(19 0.6666666667 0.5)
(19.33333333 0.6666666667 0.5)
(19.66666667 0.6666666667 0.5)
(20 0.6666666667 0.5)
(0 1 0.5)
(0.3333333333 1 0.5)
(0.6666666667 1 0.5)
(1 1 0.5)
(1.333333333 1 0.5)
(1.666666667 1 0.5)
(2 1 0.5)
(2.333333333 1 0.5)
(2.666666667 1 0.5)
(3 1 0.5)
(3.333333333 1 0.5)
(3.666666667 1 0.5)
(4 1 0.5)
(4.333333333 1 0.5)
(4.666666667 1 0.5)
(5 1 0.5)
(5.333333333 1 0.5)
(5.666666667 1 0.5)
(6 1 0.5)
(6.333333333 1 0.5)
(6.666666667 1 0.5)
(7 1 0.5)
(7.333333333 1 0.5)
(7.666666667 1 0.5)
(8 1 0.5)
(8.333333333 1 0.5)
(8.666666667 1 0.5)
(9 1 0.5)
(9.333333333 1 0.5)
(9.666666667 1 0.5)
(10 1 0.5)
(10.33333333 1 0.5)
(10.66666667 1 0.5)
(11 1 0.5)
(11.33333333 1 0.5)
(11.66666667 1 0.5)
(12 1 0.5)
(12.33333333 1 0.5)
(12.66666667 1 0.5)
(13 1 0.5)
(13.33333333 1 0.5)
(13.66666667 1 0.5)
(14 1 0.5)
(14.33333333 1 0.5)
(14.66666667 1 0.5)
(15 1 0.5)
(15.33333333 1 0.5)
(15.66666667 1 0.5)
(16 1 0.5)
(16.33333333 1 0.5)
(16.66666667 1 0.5)
(17 1 0.5)
(17.33333333 1 0.5)
(17.66666667 1 0.5)
(18 1 0.5)
(18.33333333 1 0.5)
(18.66666667 1 0.5)
(19 1 0.5)
(19.33333333 1 0.5)
(19.66666667 1 0.5)
(20 1 0.5)
(0 1.333333333 0.5)
(0.3333333333 1.333333333 0.5)
(0.6666666667 1.333333333 0.5)
(1 1.333333333 0.5)
(1.333333333 1.333333333 0.5)
(1.666666667 1.333333333 0.5)
(2 1.333333333 0.5)
(2.333333333 1.333333333 0.5)
(2.666666667 1.333333333 0.5)
(3 1.333333333 0.5)
(3.333333333 1.333333333 0.5)
(3.666666667 1.333333333 0.5)
(4 1.333333333 0.5)
(4.333333333 1.333333333 0.5)
(4.666666667 1.333333333 0.5)
(5 1.333333333 0.5)
(5.333333333 1.333333333 0.5)
(5.666666667 1.333333333 0.5)
(6 1.333333333 0.5)
(6.333333333 1.333333333 0.5)
(6.666666667 1.333333333 0.5)
(7 1.333333333 0.5)
(7.333333333 1.333333333 0.5)
(7.666666667 1.333333333 0.5)
(8 1.333333333 0.5)
(8.333333333 1.333333333 0.5)
(8.666666667 1.333333333 0.5)
(9 1.333333333 0.5)
(9.333333333 1.333333333 0.5)
(9.666666667 1.333333333 0.5)
(10 1.333333333 0.5)
(10.33333333 1.333333333 0.5)
(10.66666667 1.333333333 0.5)
(11 1.333333333 0.5)
(11.33333333 1.333333333 0.5)
(11.66666667 1.333333333 0.5)
(12 1.333333333 0.5)
(12.33333333 1.333333333 0.5)
(12.66666667 1.333333333 0.5)
(13 1.333333333 0.5)
(13.33333333 1.333333333 0.5)
(13.66666667 1.333333333 0.5)
(14 1.333333333 0.5)
(14.33333333 1.333333333 0.5)
(14.66666667 1.333333333 0.5)
(15 1.333333333 0.5)
(15.33333333 1.333333333 0.5)
(15.66666667 1.333333333 0.5)
(16 1.333333333 0.5)
(16.33333333 1.333333333 0.5)
(16.66666667 1.333333333 0.5)
(17 1.333333333 0.5)
(17.33333333 1.333333333 0.5)
(17.66666667 1.333333333 0.5)
(18 1.333333333 0.5)
(18.33333333 1.333333333 0.5)
(18.66666667 1.333333333 0.5)
(19 1.333333333 0.5)
(19.33333333 1.333333333 0.5)
(19.66666667 1.333333333 0.5)
(20 1.333333333 0.5)
(0 1.666666667 0.5)
(0.3333333333 1.666666667 0.5)
(0.6666666667 1.666666667 0.5)
(1 1.666666667 0.5)
(1.333333333 1.666666667 0.5)
(1.666666667 1.666666667 0.5)
(2 1.666666667 0.5)
(2.333333333 1.666666667 0.5)
(2.666666667 1.666666667 0.5)
(3 1.666666667 0.5)
(3.333333333 1.666666667 0.5)
(3.666666667 1.666666667 0.5)
(4 1.666666667 0.5)
(4.333333333 1.666666667 0.5)
(4.666666667 1.666666667 0.5)
(5 1.666666667 0.5)
(5.333333333 1.666666667 0.5)
(5.666666667 1.666666667 0.5)
(6 1.666666667 0.5)
(6.333333333 1.666666667 0.5)
(6.666666667 1.666666667 0.5)
(7 1.666666667 0.5)
(7.333333333 1.666666667 0.5)
(7.666666667 1.666666667 0.5)
(8 1.666666667 0.5)
(8.333333333 1.666666667 0.5)
(8.666666667 1.666666667 0.5)
(9 1.666666667 0.5)
(9.333333333 1.666666667 0.5)
(9.666666667 1.666666667 0.5)
(10 1.666666667 0.5)
(10.33333333 1.666666667 0.5)
(10.66666667 1.666666667 0.5)
(11 1.666666667 0.5)
(11.33333333 1.666666667 0.5)
(11.66666667 1.666666667 0.5)
(12 1.666666667 0.5)
(12.33333333 1.666666667 0.5)
(12.66666667 1.666666667 0.5)
(13 1.666666667 0.5)
(13.33333333 1.666666667 0.5)
(13.66666667 1.666666667 0.5)
(14 1.666666667 0.5)
(14.33333333 1.666666667 0.5)
(14.66666667 1.666666667 0.5)
(15 1.666666667 0.5)
(15.33333333 1.666666667 0.5)
(15.66666667 1.666666667 0.5)
(16 1.666666667 0.5)
(16.33333333 1.666666667 0.5)
(16.66666667 1.666666667 0.5)
(17 1.666666667 0.5)
(17.33333333 1.666666667 0.5)
(17.66666667 1.666666667 0.5)
(18 1.666666667 0.5)
(18.33333333 1.666666667 0.5)
(18.66666667 1.666666667 0.5)
(19 1.666666667 0.5)
(19.33333333 1.666666667 0.5)
(19.66666667 1.666666667 0.5)
(20 1.666666667 0.5)
(0 2 0.5)
(0.3333333333 2 0.5)
(0.6666666667 2 0.5)
(1 2 0.5)
(1.333333333 2 0.5)
(1.666666667 2 0.5)
(2 2 0.5)
(2.333333333 2 0.5)
(2.666666667 2 0.5)
(3 2 0.5)
(3.333333333 2 0.5)
(3.666666667 2 0.5)
(4 2 0.5)
(4.333333333 2 0.5)
(4.666666667 2 0.5)
(5 2 0.5)
(5.333333333 2 0.5)
(5.666666667 2 0.5)
(6 2 0.5)
(6.333333333 2 0.5)
(6.666666667 2 0.5)
(7 2 0.5)
(7.333333333 2 0.5)
(7.666666667 2 0.5)
(8 2 0.5)
(8.333333333 2 0.5)
(8.666666667 2 0.5)
(9 2 0.5)
(9.333333333 2 0.5)
(9.666666667 2 0.5)
(10 2 0.5)
(10.33333333 2 0.5)
(10.66666667 2 0.5)
(11 2 0.5)
(11.33333333 2 0.5)
(11.66666667 2 0.5)
(12 2 0.5)
(12.33333333 2 0.5)
(12.66666667 2 0.5)
(13 2 0.5)
(13.33333333 2 0.5)
(13.66666667 2 0.5)
(14 2 0.5)
(14.33333333 2 0.5)
(14.66666667 2 0.5)
(15 2 0.5)
(15.33333333 2 0.5)
(15.66666667 2 0.5)
(16 2 0.5)
(16.33333333 2 0.5)
(16.66666667 2 0.5)
(17 2 0.5)
(17.33333333 2 0.5)
(17.66666667 2 0.5)
(18 2 0.5)
(18.33333333 2 0.5)
(18.66666667 2 0.5)
(19 2 0.5)
(19.33333333 2 0.5)
(19.66666667 2 0.5)
(20 2 0.5)
(0 2.333333333 0.5)
(0.3333333333 2.333333333 0.5)
(0.6666666667 2.333333333 0.5)
(1 2.333333333 0.5)
(1.333333333 2.333333333 0.5)
(1.666666667 2.333333333 0.5)
(2 2.333333333 0.5)
(2.333333333 2.333333333 0.5)
(2.666666667 2.333333333 0.5)
(3 2.333333333 0.5)
(3.333333333 2.333333333 0.5)
(3.666666667 2.333333333 0.5)
(4 2.333333333 0.5)
(4.333333333 2.333333333 0.5)
(4.666666667 2.333333333 0.5)
(5 2.333333333 0.5)
(5.333333333 2.333333333 0.5)
(5.666666667 2.333333333 0.5)
(6 2.333333333 0.5)
(6.333333333 2.333333333 0.5)
(6.666666667 2.333333333 0.5)
(7 2.333333333 0.5)
(7.333333333 2.333333333 0.5)
(7.666666667 2.333333333 0.5)
(8 2.333333333 0.5)
(8.333333333 2.333333333 0.5)
(8.666666667 2.333333333 0.5)
(9 2.333333333 0.5)
(9.333333333 2.333333333 0.5)
(9.666666667 2.333333333 0.5)
(10 2.333333333 0.5)
(10.33333333 2.333333333 0.5)
(10.66666667 2.333333333 0.5)
(11 2.333333333 0.5)
(11.33333333 2.333333333 0.5)
(11.66666667 2.333333333 0.5)
(12 2.333333333 0.5)
(12.33333333 2.333333333 0.5)
(12.66666667 2.333333333 0.5)
(13 2.333333333 0.5)
(13.33333333 2.333333333 0.5)
(13.66666667 2.333333333 0.5)
(14 2.333333333 0.5)
(14.33333333 2.333333333 0.5)
(14.66666667 2.333333333 0.5)
(15 2.333333333 0.5)
(15.33333333 2.333333333 0.5)
(15.66666667 2.333333333 0.5)
(16 2.333333333 0.5)
(16.33333333 2.333333333 0.5)
(16.66666667 2.333333333 0.5)
(17 2.333333333 0.5)
(17.33333333 2.333333333 0.5)
(17.66666667 2.333333333 0.5)
(18 2.333333333 0.5)
(18.33333333 2.333333333 0.5)
(18.66666667 2.333333333 0.5)
(19 2.333333333 0.5)
(19.33333333 2.333333333 0.5)
(19.66666667 2.333333333 0.5)
(20 2.333333333 0.5)
(0 2.666666667 0.5)
(0.3333333333 2.666666667 0.5)
(0.6666666667 2.666666667 0.5)
(1 2.666666667 0.5)
(1.333333333 2.666666667 0.5)
(1.666666667 2.666666667 0.5)
(2 2.666666667 0.5)
(2.333333333 2.666666667 0.5)
(2.666666667 2.666666667 0.5)
(3 2.666666667 0.5)
(3.333333333 2.666666667 0.5)
(3.666666667 2.666666667 0.5)
(4 2.666666667 0.5)
(4.333333333 2.666666667 0.5)
(4.666666667 2.666666667 0.5)
(5 2.666666667 0.5)
(5.333333333 2.666666667 0.5)
(5.666666667 2.666666667 0.5)
(6 2.666666667 0.5)
(6.333333333 2.666666667 0.5)
(6.666666667 2.666666667 0.5)
(7 2.666666667 0.5)
(7.333333333 2.666666667 0.5)
(7.666666667 2.666666667 0.5)
(8 2.666666667 0.5)
(8.333333333 2.666666667 0.5)
(8.666666667 2.666666667 0.5)
(9 2.666666667 0.5)
(9.333333333 2.666666667 0.5)
(9.666666667 2.666666667 0.5)
(10 2.666666667 0.5)
(10.33333333 2.666666667 0.5)
(10.66666667 2.666666667 0.5)
(11 2.666666667 0.5)
(11.33333333 2.666666667 0.5)
(11.66666667 2.666666667 0.5)
(12 2.666666667 0.5)
(12.33333333 2.666666667 0.5)
(12.66666667 2.666666667 0.5)
(13 2.666666667 0.5)
(13.33333333 2.666666667 0.5)
(13.66666667 2.666666667 0.5)
(14 2.666666667 0.5)
(14.33333333 2.666666667 0.5)
(14.66666667 2.666666667 0.5)
(15 2.666666667 0.5)
(15.33333333 2.666666667 0.5)
(15.66666667 2.666666667 0.5)
(16 2.666666667 0.5)
(16.33333333 2.666666667 0.5)
(16.66666667 2.666666667 0.5)
(17 2.666666667 0.5)
(17.33333333 2.666666667 0.5)
(17.66666667 2.666666667 0.5)
(18 2.666666667 0.5)
(18.33333333 2.666666667 0.5)
(18.66666667 2.666666667 0.5)
(19 2.666666667 0.5)
(19.33333333 2.666666667 0.5)
(19.66666667 2.666666667 0.5)
(20 2.666666667 0.5)
(0 3 0.5)
(0.3333333333 3 0.5)
(0.6666666667 3 0.5)
(1 3 0.5)
(1.333333333 3 0.5)
(1.666666667 3 0.5)
(2 3 0.5)
(2.333333333 3 0.5)
(2.666666667 3 0.5)
(3 3 0.5)
(3.333333333 3 0.5)
(3.666666667 3 0.5)
(4 3 0.5)
(4.333333333 3 0.5)
(4.666666667 3 0.5)
(5 3 0.5)
(5.333333333 3 0.5)
(5.666666667 3 0.5)
(6 3 0.5)
(6.333333333 3 0.5)
(6.666666667 3 0.5)
(7 3 0.5)
(7.333333333 3 0.5)
(7.666666667 3 0.5)
(8 3 0.5)
(8.333333333 3 0.5)
(8.666666667 3 0.5)
(9 3 0.5)
(9.333333333 3 0.5)
(9.666666667 3 0.5)
(10 3 0.5)
(10.33333333 3 0.5)
(10.66666667 3 0.5)
(11 3 0.5)
(11.33333333 3 0.5)
(11.66666667 3 0.5)
(12 3 0.5)
(12.33333333 3 0.5)
(12.66666667 3 0.5)
(13 3 0.5)
(13.33333333 3 0.5)
(13.66666667 3 0.5)
(14 3 0.5)
(14.33333333 3 0.5)
(14.66666667 3 0.5)
(15 3 0.5)
(15.33333333 3 0.5)
(15.66666667 3 0.5)
(16 3 0.5)
(16.33333333 3 0.5)
(16.66666667 3 0.5)
(17 3 0.5)
(17.33333333 3 0.5)
(17.66666667 3 0.5)
(18 3 0.5)
(18.33333333 3 0.5)
(18.66666667 3 0.5)
(19 3 0.5)
(19.33333333 3 0.5)
(19.66666667 3 0.5)
(20 3 0.5)
(0 3.333333333 0.5)
(0.3333333333 3.333333333 0.5)
(0.6666666667 3.333333333 0.5)
(1 3.333333333 0.5)
(1.333333333 3.333333333 0.5)
(1.666666667 3.333333333 0.5)
(2 3.333333333 0.5)
(2.333333333 3.333333333 0.5)
(2.666666667 3.333333333 0.5)
(3 3.333333333 0.5)
(3.333333333 3.333333333 0.5)
(3.666666667 3.333333333 0.5)
(4 3.333333333 0.5)
(4.333333333 3.333333333 0.5)
(4.666666667 3.333333333 0.5)
(5 3.333333333 0.5)
(5.333333333 3.333333333 0.5)
(5.666666667 3.333333333 0.5)
(6 3.333333333 0.5)
(6.333333333 3.333333333 0.5)
(6.666666667 3.333333333 0.5)
(7 3.333333333 0.5)
(7.333333333 3.333333333 0.5)
(7.666666667 3.333333333 0.5)
(8 3.333333333 0.5)
(8.333333333 3.333333333 0.5)
(8.666666667 3.333333333 0.5)
(9 3.333333333 0.5)
(9.333333333 3.333333333 0.5)
(9.666666667 3.333333333 0.5)
(10 3.333333333 0.5)
(10.33333333 3.333333333 0.5)
(10.66666667 3.333333333 0.5)
(11 3.333333333 0.5)
(11.33333333 3.333333333 0.5)
(11.66666667 3.333333333 0.5)
(12 3.333333333 0.5)
(12.33333333 3.333333333 0.5)
(12.66666667 3.333333333 0.5)
(13 3.333333333 0.5)
(13.33333333 3.333333333 0.5)
(13.66666667 3.333333333 0.5)
(14 3.333333333 0.5)
(14.33333333 3.333333333 0.5)
(14.66666667 3.333333333 0.5)
(15 3.333333333 0.5)
(15.33333333 3.333333333 0.5)
(15.66666667 3.333333333 0.5)
(16 3.333333333 0.5)
(16.33333333 3.333333333 0.5)
(16.66666667 3.333333333 0.5)
(17 3.333333333 0.5)
(17.33333333 3.333333333 0.5)
(17.66666667 3.333333333 0.5)
(18 3.333333333 0.5)
(18.33333333 3.333333333 0.5)
(18.66666667 3.333333333 0.5)
(19 3.333333333 0.5)
(19.33333333 3.333333333 0.5)
(19.66666667 3.333333333 0.5)
(20 3.333333333 0.5)
(0 3.666666667 0.5)
(0.3333333333 3.666666667 0.5)
(0.6666666667 3.666666667 0.5)
(1 3.666666667 0.5)
(1.333333333 3.666666667 0.5)
(1.666666667 3.666666667 0.5)
(2 3.666666667 0.5)
(2.333333333 3.666666667 0.5)
(2.666666667 3.666666667 0.5)
(3 3.666666667 0.5)
(3.333333333 3.666666667 0.5)
(3.666666667 3.666666667 0.5)
(4 3.666666667 0.5)
(4.333333333 3.666666667 0.5)
(4.666666667 3.666666667 0.5)
(5 3.666666667 0.5)
(5.333333333 3.666666667 0.5)
(5.666666667 3.666666667 0.5)
(6 3.666666667 0.5)
(6.333333333 3.666666667 0.5)
(6.666666667 3.666666667 0.5)
(7 3.666666667 0.5)
(7.333333333 3.666666667 0.5)
(7.666666667 3.666666667 0.5)
(8 3.666666667 0.5)
(8.333333333 3.666666667 0.5)
(8.666666667 3.666666667 0.5)
(9 3.666666667 0.5)
(9.333333333 3.666666667 0.5)
(9.666666667 3.666666667 0.5)
(10 3.666666667 0.5)
(10.33333333 3.666666667 0.5)
(10.66666667 3.666666667 0.5)
(11 3.666666667 0.5)
(11.33333333 3.666666667 0.5)
(11.66666667 3.666666667 0.5)
(12 3.666666667 0.5)
(12.33333333 3.666666667 0.5)
(12.66666667 3.666666667 0.5)
(13 3.666666667 0.5)
(13.33333333 3.666666667 0.5)
(13.66666667 3.666666667 0.5)
(14 3.666666667 0.5)
(14.33333333 3.666666667 0.5)
(14.66666667 3.666666667 0.5)
(15 3.666666667 0.5)
(15.33333333 3.666666667 0.5)
(15.66666667 3.666666667 0.5)
(16 3.666666667 0.5)
(16.33333333 3.666666667 0.5)
(16.66666667 3.666666667 0.5)
(17 3.666666667 0.5)
(17.33333333 3.666666667 0.5)
(17.66666667 3.666666667 0.5)
(18 3.666666667 0.5)
(18.33333333 3.666666667 0.5)
(18.66666667 3.666666667 0.5)
(19 3.666666667 0.5)
(19.33333333 3.666666667 0.5)
(19.66666667 3.666666667 0.5)
(20 3.666666667 0.5)
(0 4 0.5)
(0.3333333333 4 0.5)
(0.6666666667 4 0.5)
(1 4 0.5)
(1.333333333 4 0.5)
(1.666666667 4 0.5)
(2 4 0.5)
(2.333333333 4 0.5)
(2.666666667 4 0.5)
(3 4 0.5)
(3.333333333 4 0.5)
(3.666666667 4 0.5)
(4 4 0.5)
(4.333333333 4 0.5)
(4.666666667 4 0.5)
(5 4 0.5)
(5.333333333 4 0.5)
(5.666666667 4 0.5)
(6 4 0.5)
(6.333333333 4 0.5)
(6.666666667 4 0.5)
(7 4 0.5)
(7.333333333 4 0.5)
(7.666666667 4 0.5)
(8 4 0.5)
(8.333333333 4 0.5)
(8.666666667 4 0.5)
(9 4 0.5)
(9.333333333 4 0.5)
(9.666666667 4 0.5)
(10 4 0.5)
(10.33333333 4 0.5)
(10.66666667 4 0.5)
(11 4 0.5)
(11.33333333 4 0.5)
(11.66666667 4 0.5)
(12 4 0.5)
(12.33333333 4 0.5)
(12.66666667 4 0.5)
(13 4 0.5)
(13.33333333 4 0.5)
(13.66666667 4 0.5)
(14 4 0.5)
(14.33333333 4 0.5)
(14.66666667 4 0.5)
(15 4 0.5)
(15.33333333 4 0.5)
(15.66666667 4 0.5)
(16 4 0.5)
(16.33333333 4 0.5)
(16.66666667 4 0.5)
(17 4 0.5)
(17.33333333 4 0.5)
(17.66666667 4 0.5)
(18 4 0.5)
(18.33333333 4 0.5)
(18.66666667 4 0.5)
(19 4 0.5)
(19.33333333 4 0.5)
(19.66666667 4 0.5)
(20 4 0.5)
(0 4.333333333 0.5)
(0.3333333333 4.333333333 0.5)
(0.6666666667 4.333333333 0.5)
(1 4.333333333 0.5)
(1.333333333 4.333333333 0.5)
(1.666666667 4.333333333 0.5)
(2 4.333333333 0.5)
(2.333333333 4.333333333 0.5)
(2.666666667 4.333333333 0.5)
(3 4.333333333 0.5)
(3.333333333 4.333333333 0.5)
(3.666666667 4.333333333 0.5)
(4 4.333333333 0.5)
(4.333333333 4.333333333 0.5)
(4.666666667 4.333333333 0.5)
(5 4.333333333 0.5)
(5.333333333 4.333333333 0.5)
(5.666666667 4.333333333 0.5)
(6 4.333333333 0.5)
(6.333333333 4.333333333 0.5)
(6.666666667 4.333333333 0.5)
(7 4.333333333 0.5)
(7.333333333 4.333333333 0.5)
(7.666666667 4.333333333 0.5)
(8 4.333333333 0.5)
(8.333333333 4.333333333 0.5)
(8.666666667 4.333333333 0.5)
(9 4.333333333 0.5)
(9.333333333 4.333333333 0.5)
(9.666666667 4.333333333 0.5)
(10 4.333333333 0.5)
(10.33333333 4.333333333 0.5)
(10.66666667 4.333333333 0.5)
(11 4.333333333 0.5)
(11.33333333 4.333333333 0.5)
(11.66666667 4.333333333 0.5)
(12 4.333333333 0.5)
(12.33333333 4.333333333 0.5)
(12.66666667 4.333333333 0.5)
(13 4.333333333 0.5)
(13.33333333 4.333333333 0.5)
(13.66666667 4.333333333 0.5)
(14 4.333333333 0.5)
(14.33333333 4.333333333 0.5)
(14.66666667 4.333333333 0.5)
(15 4.333333333 0.5)
(15.33333333 4.333333333 0.5)
(15.66666667 4.333333333 0.5)
(16 4.333333333 0.5)
(16.33333333 4.333333333 0.5)
(16.66666667 4.333333333 0.5)
(17 4.333333333 0.5)
(17.33333333 4.333333333 0.5)
(17.66666667 4.333333333 0.5)
(18 4.333333333 0.5)
(18.33333333 4.333333333 0.5)
(18.66666667 4.333333333 0.5)
(19 4.333333333 0.5)
(19.33333333 4.333333333 0.5)
(19.66666667 4.333333333 0.5)
(20 4.333333333 0.5)
(0 4.666666667 0.5)
(0.3333333333 4.666666667 0.5)
(0.6666666667 4.666666667 0.5)
(1 4.666666667 0.5)
(1.333333333 4.666666667 0.5)
(1.666666667 4.666666667 0.5)
(2 4.666666667 0.5)
(2.333333333 4.666666667 0.5)
(2.666666667 4.666666667 0.5)
(3 4.666666667 0.5)
(3.333333333 4.666666667 0.5)
(3.666666667 4.666666667 0.5)
(4 4.666666667 0.5)
(4.333333333 4.666666667 0.5)
(4.666666667 4.666666667 0.5)
(5 4.666666667 0.5)
(5.333333333 4.666666667 0.5)
(5.666666667 4.666666667 0.5)
(6 4.666666667 0.5)
(6.333333333 4.666666667 0.5)
(6.666666667 4.666666667 0.5)
(7 4.666666667 0.5)
(7.333333333 4.666666667 0.5)
(7.666666667 4.666666667 0.5)
(8 4.666666667 0.5)
(8.333333333 4.666666667 0.5)
(8.666666667 4.666666667 0.5)
(9 4.666666667 0.5)
(9.333333333 4.666666667 0.5)
(9.666666667 4.666666667 0.5)
(10 4.666666667 0.5)
(10.33333333 4.666666667 0.5)
(10.66666667 4.666666667 0.5)
(11 4.666666667 0.5)
(11.33333333 4.666666667 0.5)
(11.66666667 4.666666667 0.5)
(12 4.666666667 0.5)
(12.33333333 4.666666667 0.5)
(12.66666667 4.666666667 0.5)
(13 4.666666667 0.5)
(13.33333333 4.666666667 0.5)
(13.66666667 4.666666667 0.5)
(14 4.666666667 0.5)
(14.33333333 4.666666667 0.5)
(14.66666667 4.666666667 0.5)
(15 4.666666667 0.5)
(15.33333333 4.666666667 0.5)
(15.66666667 4.666666667 0.5)
(16 4.666666667 0.5)
(16.33333333 4.666666667 0.5)
(16.66666667 4.666666667 0.5)
(17 4.666666667 0.5)
(17.33333333 4.666666667 0.5)
(17.66666667 4.666666667 0.5)
(18 4.666666667 0.5)
(18.33333333 4.666666667 0.5)
(18.66666667 4.666666667 0.5)
(19 4.666666667 0.5)
(19.33333333 4.666666667 0.5)
(19.66666667 4.666666667 0.5)
(20 4.666666667 0.5)
(0 5 0.5)
(0.3333333333 5 0.5)
(0.6666666667 5 0.5)
(1 5 0.5)
(1.333333333 5 0.5)
(1.666666667 5 0.5)
(2 5 0.5)
(2.333333333 5 0.5)
(2.666666667 5 0.5)
(3 5 0.5)
(3.333333333 5 0.5)
(3.666666667 5 0.5)
(4 5 0.5)
(4.333333333 5 0.5)
(4.666666667 5 0.5)
(5 5 0.5)
(5.333333333 5 0.5)
(5.666666667 5 0.5)
(6 5 0.5)
(6.333333333 5 0.5)
(6.666666667 5 0.5)
(7 5 0.5)
(7.333333333 5 0.5)
(7.666666667 5 0.5)
(8 5 0.5)
(8.333333333 5 0.5)
(8.666666667 5 0.5)
(9 5 0.5)
(9.333333333 5 0.5)
(9.666666667 5 0.5)
(10 5 0.5)
(10.33333333 5 0.5)
(10.66666667 5 0.5)
(11 5 0.5)
(11.33333333 5 0.5)
(11.66666667 5 0.5)
(12 5 0.5)
(12.33333333 5 0.5)
(12.66666667 5 0.5)
(13 5 0.5)
(13.33333333 5 0.5)
(13.66666667 5 0.5)
(14 5 0.5)
(14.33333333 5 0.5)
(14.66666667 5 0.5)
(15 5 0.5)
(15.33333333 5 0.5)
(15.66666667 5 0.5)
(16 5 0.5)
(16.33333333 5 0.5)
(16.66666667 5 0.5)
(17 5 0.5)
(17.33333333 5 0.5)
(17.66666667 5 0.5)
(18 5 0.5)
(18.33333333 5 0.5)
(18.66666667 5 0.5)
(19 5 0.5)
(19.33333333 5 0.5)
(19.66666667 5 0.5)
(20 5 0.5)
(0 5.333333333 0.5)
(0.3333333333 5.333333333 0.5)
(0.6666666667 5.333333333 0.5)
(1 5.333333333 0.5)
(1.333333333 5.333333333 0.5)
(1.666666667 5.333333333 0.5)
(2 5.333333333 0.5)
(2.333333333 5.333333333 0.5)
(2.666666667 5.333333333 0.5)
(3 5.333333333 0.5)
(3.333333333 5.333333333 0.5)
(3.666666667 5.333333333 0.5)
(4 5.333333333 0.5)
(4.333333333 5.333333333 0.5)
(4.666666667 5.333333333 0.5)
(5 5.333333333 0.5)
(5.333333333 5.333333333 0.5)
(5.666666667 5.333333333 0.5)
(6 5.333333333 0.5)
(6.333333333 5.333333333 0.5)
(6.666666667 5.333333333 0.5)
(7 5.333333333 0.5)
(7.333333333 5.333333333 0.5)
(7.666666667 5.333333333 0.5)
(8 5.333333333 0.5)
(8.333333333 5.333333333 0.5)
(8.666666667 5.333333333 0.5)
(9 5.333333333 0.5)
(9.333333333 5.333333333 0.5)
(9.666666667 5.333333333 0.5)
(10 5.333333333 0.5)
(10.33333333 5.333333333 0.5)
(10.66666667 5.333333333 0.5)
(11 5.333333333 0.5)
(11.33333333 5.333333333 0.5)
(11.66666667 5.333333333 0.5)
(12 5.333333333 0.5)
(12.33333333 5.333333333 0.5)
(12.66666667 5.333333333 0.5)
(13 5.333333333 0.5)
(13.33333333 5.333333333 0.5)
(13.66666667 5.333333333 0.5)
(14 5.333333333 0.5)
(14.33333333 5.333333333 0.5)
(14.66666667 5.333333333 0.5)
(15 5.333333333 0.5)
(15.33333333 5.333333333 0.5)
(15.66666667 5.333333333 0.5)
(16 5.333333333 0.5)
(16.33333333 5.333333333 0.5)
(16.66666667 5.333333333 0.5)
(17 5.333333333 0.5)
(17.33333333 5.333333333 0.5)
(17.66666667 5.333333333 0.5)
(18 5.333333333 0.5)
(18.33333333 5.333333333 0.5)
(18.66666667 5.333333333 0.5)
(19 5.333333333 0.5)
(19.33333333 5.333333333 0.5)
(19.66666667 5.333333333 0.5)
(20 5.333333333 0.5)
(0 5.666666667 0.5)
(0.3333333333 5.666666667 0.5)
(0.6666666667 5.666666667 0.5)
(1 5.666666667 0.5)
(1.333333333 5.666666667 0.5)
(1.666666667 5.666666667 0.5)
(2 5.666666667 0.5)
(2.333333333 5.666666667 0.5)
(2.666666667 5.666666667 0.5)
(3 5.666666667 0.5)
(3.333333333 5.666666667 0.5)
(3.666666667 5.666666667 0.5)
(4 5.666666667 0.5)
(4.333333333 5.666666667 0.5)
(4.666666667 5.666666667 0.5)
(5 5.666666667 0.5)
(5.333333333 5.666666667 0.5)
(5.666666667 5.666666667 0.5)
(6 5.666666667 0.5)
(6.333333333 5.666666667 0.5)
(6.666666667 5.666666667 0.5)
(7 5.666666667 0.5)
(7.333333333 5.666666667 0.5)
(7.666666667 5.666666667 0.5)
(8 5.666666667 0.5)
(8.333333333 5.666666667 0.5)
(8.666666667 5.666666667 0.5)
(9 5.666666667 0.5)
(9.333333333 5.666666667 0.5)
(9.666666667 5.666666667 0.5)
(10 5.666666667 0.5)
(10.33333333 5.666666667 0.5)
(10.66666667 5.666666667 0.5)
(11 5.666666667 0.5)
(11.33333333 5.666666667 0.5)
(11.66666667 5.666666667 0.5)
(12 5.666666667 0.5)
(12.33333333 5.666666667 0.5)
(12.66666667 5.666666667 0.5)
(13 5.666666667 0.5)
(13.33333333 5.666666667 0.5)
(13.66666667 5.666666667 0.5)
(14 5.666666667 0.5)
(14.33333333 5.666666667 0.5)
(14.66666667 5.666666667 0.5)
(15 5.666666667 0.5)
(15.33333333 5.666666667 0.5)
(15.66666667 5.666666667 0.5)
(16 5.666666667 0.5)
(16.33333333 5.666666667 0.5)
(16.66666667 5.666666667 0.5)
(17 5.666666667 0.5)
(17.33333333 5.666666667 0.5)
(17.66666667 5.666666667 0.5)
(18 5.666666667 0.5)
(18.33333333 5.666666667 0.5)
(18.66666667 5.666666667 0.5)
(19 5.666666667 0.5)
(19.33333333 5.666666667 0.5)
(19.66666667 5.666666667 0.5)
(20 5.666666667 0.5)
(0 6 0.5)
(0.3333333333 6 0.5)
(0.6666666667 6 0.5)
(1 6 0.5)
(1.333333333 6 0.5)
(1.666666667 6 0.5)
(2 6 0.5)
(2.333333333 6 0.5)
(2.666666667 6 0.5)
(3 6 0.5)
(3.333333333 6 0.5)
(3.666666667 6 0.5)
(4 6 0.5)
(4.333333333 6 0.5)
(4.666666667 6 0.5)
(5 6 0.5)
(5.333333333 6 0.5)
(5.666666667 6 0.5)
(6 6 0.5)
(6.333333333 6 0.5)
(6.666666667 6 0.5)
(7 6 0.5)
(7.333333333 6 0.5)
(7.666666667 6 0.5)
(8 6 0.5)
(8.333333333 6 0.5)
(8.666666667 6 0.5)
(9 6 0.5)
(9.333333333 6 0.5)
(9.666666667 6 0.5)
(10 6 0.5)
(10.33333333 6 0.5)
(10.66666667 6 0.5)
(11 6 0.5)
(11.33333333 6 0.5)
(11.66666667 6 0.5)
(12 6 0.5)
(12.33333333 6 0.5)
(12.66666667 6 0.5)
(13 6 0.5)
(13.33333333 6 0.5)
(13.66666667 6 0.5)
(14 6 0.5)
(14.33333333 6 0.5)
(14.66666667 6 0.5)
(15 6 0.5)
(15.33333333 6 0.5)
(15.66666667 6 0.5)
(16 6 0.5)
(16.33333333 6 0.5)
(16.66666667 6 0.5)
(17 6 0.5)
(17.33333333 6 0.5)
(17.66666667 6 0.5)
(18 6 0.5)
(18.33333333 6 0.5)
(18.66666667 6 0.5)
(19 6 0.5)
(19.33333333 6 0.5)
(19.66666667 6 0.5)
(20 6 0.5)
(0 6.333333333 0.5)
(0.3333333333 6.333333333 0.5)
(0.6666666667 6.333333333 0.5)
(1 6.333333333 0.5)
(1.333333333 6.333333333 0.5)
(1.666666667 6.333333333 0.5)
(2 6.333333333 0.5)
(2.333333333 6.333333333 0.5)
(2.666666667 6.333333333 0.5)
(3 6.333333333 0.5)
(3.333333333 6.333333333 0.5)
(3.666666667 6.333333333 0.5)
(4 6.333333333 0.5)
(4.333333333 6.333333333 0.5)
(4.666666667 6.333333333 0.5)
(5 6.333333333 0.5)
(5.333333333 6.333333333 0.5)
(5.666666667 6.333333333 0.5)
(6 6.333333333 0.5)
(6.333333333 6.333333333 0.5)
(6.666666667 6.333333333 0.5)
(7 6.333333333 0.5)
(7.333333333 6.333333333 0.5)
(7.666666667 6.333333333 0.5)
(8 6.333333333 0.5)
(8.333333333 6.333333333 0.5)
(8.666666667 6.333333333 0.5)
(9 6.333333333 0.5)
(9.333333333 6.333333333 0.5)
(9.666666667 6.333333333 0.5)
(10 6.333333333 0.5)
(10.33333333 6.333333333 0.5)
(10.66666667 6.333333333 0.5)
(11 6.333333333 0.5)
(11.33333333 6.333333333 0.5)
(11.66666667 6.333333333 0.5)
(12 6.333333333 0.5)
(12.33333333 6.333333333 0.5)
(12.66666667 6.333333333 0.5)
(13 6.333333333 0.5)
(13.33333333 6.333333333 0.5)
(13.66666667 6.333333333 0.5)
(14 6.333333333 0.5)
(14.33333333 6.333333333 0.5)
(14.66666667 6.333333333 0.5)
(15 6.333333333 0.5)
(15.33333333 6.333333333 0.5)
(15.66666667 6.333333333 0.5)
(16 6.333333333 0.5)
(16.33333333 6.333333333 0.5)
(16.66666667 6.333333333 0.5)
(17 6.333333333 0.5)
(17.33333333 6.333333333 0.5)
(17.66666667 6.333333333 0.5)
(18 6.333333333 0.5)
(18.33333333 6.333333333 0.5)
(18.66666667 6.333333333 0.5)
(19 6.333333333 0.5)
(19.33333333 6.333333333 0.5)
(19.66666667 6.333333333 0.5)
(20 6.333333333 0.5)
(0 6.666666667 0.5)
(0.3333333333 6.666666667 0.5)
(0.6666666667 6.666666667 0.5)
(1 6.666666667 0.5)
(1.333333333 6.666666667 0.5)
(1.666666667 6.666666667 0.5)
(2 6.666666667 0.5)
(2.333333333 6.666666667 0.5)
(2.666666667 6.666666667 0.5)
(3 6.666666667 0.5)
(3.333333333 6.666666667 0.5)
(3.666666667 6.666666667 0.5)
(4 6.666666667 0.5)
(4.333333333 6.666666667 0.5)
(4.666666667 6.666666667 0.5)
(5 6.666666667 0.5)
(5.333333333 6.666666667 0.5)
(5.666666667 6.666666667 0.5)
(6 6.666666667 0.5)
(6.333333333 6.666666667 0.5)
(6.666666667 6.666666667 0.5)
(7 6.666666667 0.5)
(7.333333333 6.666666667 0.5)
(7.666666667 6.666666667 0.5)
(8 6.666666667 0.5)
(8.333333333 6.666666667 0.5)
(8.666666667 6.666666667 0.5)
(9 6.666666667 0.5)
(9.333333333 6.666666667 0.5)
(9.666666667 6.666666667 0.5)
(10 6.666666667 0.5)
(10.33333333 6.666666667 0.5)
(10.66666667 6.666666667 0.5)
(11 6.666666667 0.5)
(11.33333333 6.666666667 0.5)
(11.66666667 6.666666667 0.5)
(12 6.666666667 0.5)
(12.33333333 6.666666667 0.5)
(12.66666667 6.666666667 0.5)
(13 6.666666667 0.5)
(13.33333333 6.666666667 0.5)
(13.66666667 6.666666667 0.5)
(14 6.666666667 0.5)
(14.33333333 6.666666667 0.5)
(14.66666667 6.666666667 0.5)
(15 6.666666667 0.5)
(15.33333333 6.666666667 0.5)
(15.66666667 6.666666667 0.5)
(16 6.666666667 0.5)
(16.33333333 6.666666667 0.5)
(16.66666667 6.666666667 0.5)
(17 6.666666667 0.5)
(17.33333333 6.666666667 0.5)
(17.66666667 6.666666667 0.5)
(18 6.666666667 0.5)
(18.33333333 6.666666667 0.5)
(18.66666667 6.666666667 0.5)
(19 6.666666667 0.5)
(19.33333333 6.666666667 0.5)
(19.66666667 6.666666667 0.5)
(20 6.666666667 0.5)
(0 7 0.5)
(0.3333333333 7 0.5)
(0.6666666667 7 0.5)
(1 7 0.5)
(1.333333333 7 0.5)
(1.666666667 7 0.5)
(2 7 0.5)
(2.333333333 7 0.5)
(2.666666667 7 0.5)
(3 7 0.5)
(3.333333333 7 0.5)
(3.666666667 7 0.5)
(4 7 0.5)
(4.333333333 7 0.5)
(4.666666667 7 0.5)
(5 7 0.5)
(5.333333333 7 0.5)
(5.666666667 7 0.5)
(6 7 0.5)
(6.333333333 7 0.5)
(6.666666667 7 0.5)
(7 7 0.5)
(7.333333333 7 0.5)
(7.666666667 7 0.5)
(8 7 0.5)
(8.333333333 7 0.5)
(8.666666667 7 0.5)
(9 7 0.5)
(9.333333333 7 0.5)
(9.666666667 7 0.5)
(10 7 0.5)
(10.33333333 7 0.5)
(10.66666667 7 0.5)
(11 7 0.5)
(11.33333333 7 0.5)
(11.66666667 7 0.5)
(12 7 0.5)
(12.33333333 7 0.5)
(12.66666667 7 0.5)
(13 7 0.5)
(13.33333333 7 0.5)
(13.66666667 7 0.5)
(14 7 0.5)
(14.33333333 7 0.5)
(14.66666667 7 0.5)
(15 7 0.5)
(15.33333333 7 0.5)
(15.66666667 7 0.5)
(16 7 0.5)
(16.33333333 7 0.5)
(16.66666667 7 0.5)
(17 7 0.5)
(17.33333333 7 0.5)
(17.66666667 7 0.5)
(18 7 0.5)
(18.33333333 7 0.5)
(18.66666667 7 0.5)
(19 7 0.5)
(19.33333333 7 0.5)
(19.66666667 7 0.5)
(20 7 0.5)
(0 7.333333333 0.5)
(0.3333333333 7.333333333 0.5)
(0.6666666667 7.333333333 0.5)
(1 7.333333333 0.5)
(1.333333333 7.333333333 0.5)
(1.666666667 7.333333333 0.5)
(2 7.333333333 0.5)
(2.333333333 7.333333333 0.5)
(2.666666667 7.333333333 0.5)
(3 7.333333333 0.5)
(3.333333333 7.333333333 0.5)
(3.666666667 7.333333333 0.5)
(4 7.333333333 0.5)
(4.333333333 7.333333333 0.5)
(4.666666667 7.333333333 0.5)
(5 7.333333333 0.5)
(5.333333333 7.333333333 0.5)
(5.666666667 7.333333333 0.5)
(6 7.333333333 0.5)
(6.333333333 7.333333333 0.5)
(6.666666667 7.333333333 0.5)
(7 7.333333333 0.5)
(7.333333333 7.333333333 0.5)
(7.666666667 7.333333333 0.5)
(8 7.333333333 0.5)
(8.333333333 7.333333333 0.5)
(8.666666667 7.333333333 0.5)
(9 7.333333333 0.5)
(9.333333333 7.333333333 0.5)
(9.666666667 7.333333333 0.5)
(10 7.333333333 0.5)
(10.33333333 7.333333333 0.5)
(10.66666667 7.333333333 0.5)
(11 7.333333333 0.5)
(11.33333333 7.333333333 0.5)
(11.66666667 7.333333333 0.5)
(12 7.333333333 0.5)
(12.33333333 7.333333333 0.5)
(12.66666667 7.333333333 0.5)
(13 7.333333333 0.5)
(13.33333333 7.333333333 0.5)
(13.66666667 7.333333333 0.5)
(14 7.333333333 0.5)
(14.33333333 7.333333333 0.5)
(14.66666667 7.333333333 0.5)
(15 7.333333333 0.5)
(15.33333333 7.333333333 0.5)
(15.66666667 7.333333333 0.5)
(16 7.333333333 0.5)
(16.33333333 7.333333333 0.5)
(16.66666667 7.333333333 0.5)
(17 7.333333333 0.5)
(17.33333333 7.333333333 0.5)
(17.66666667 7.333333333 0.5)
(18 7.333333333 0.5)
(18.33333333 7.333333333 0.5)
(18.66666667 7.333333333 0.5)
(19 7.333333333 0.5)
(19.33333333 7.333333333 0.5)
(19.66666667 7.333333333 0.5)
(20 7.333333333 0.5)
(0 7.666666667 0.5)
(0.3333333333 7.666666667 0.5)
(0.6666666667 7.666666667 0.5)
(1 7.666666667 0.5)
(1.333333333 7.666666667 0.5)
(1.666666667 7.666666667 0.5)
(2 7.666666667 0.5)
(2.333333333 7.666666667 0.5)
(2.666666667 7.666666667 0.5)
(3 7.666666667 0.5)
(3.333333333 7.666666667 0.5)
(3.666666667 7.666666667 0.5)
(4 7.666666667 0.5)
(4.333333333 7.666666667 0.5)
(4.666666667 7.666666667 0.5)
(5 7.666666667 0.5)
(5.333333333 7.666666667 0.5)
(5.666666667 7.666666667 0.5)
(6 7.666666667 0.5)
(6.333333333 7.666666667 0.5)
(6.666666667 7.666666667 0.5)
(7 7.666666667 0.5)
(7.333333333 7.666666667 0.5)
(7.666666667 7.666666667 0.5)
(8 7.666666667 0.5)
(8.333333333 7.666666667 0.5)
(8.666666667 7.666666667 0.5)
(9 7.666666667 0.5)
(9.333333333 7.666666667 0.5)
(9.666666667 7.666666667 0.5)
(10 7.666666667 0.5)
(10.33333333 7.666666667 0.5)
(10.66666667 7.666666667 0.5)
(11 7.666666667 0.5)
(11.33333333 7.666666667 0.5)
(11.66666667 7.666666667 0.5)
(12 7.666666667 0.5)
(12.33333333 7.666666667 0.5)
(12.66666667 7.666666667 0.5)
(13 7.666666667 0.5)
(13.33333333 7.666666667 0.5)
(13.66666667 7.666666667 0.5)
(14 7.666666667 0.5)
(14.33333333 7.666666667 0.5)
(14.66666667 7.666666667 0.5)
(15 7.666666667 0.5)
(15.33333333 7.666666667 0.5)
(15.66666667 7.666666667 0.5)
(16 7.666666667 0.5)
(16.33333333 7.666666667 0.5)
(16.66666667 7.666666667 0.5)
(17 7.666666667 0.5)
(17.33333333 7.666666667 0.5)
(17.66666667 7.666666667 0.5)
(18 7.666666667 0.5)
(18.33333333 7.666666667 0.5)
(18.66666667 7.666666667 0.5)
(19 7.666666667 0.5)
(19.33333333 7.666666667 0.5)
(19.66666667 7.666666667 0.5)
(20 7.666666667 0.5)
(0 8 0.5)
(0.3333333333 8 0.5)
(0.6666666667 8 0.5)
(1 8 0.5)
(1.333333333 8 0.5)
(1.666666667 8 0.5)
(2 8 0.5)
(2.333333333 8 0.5)
(2.666666667 8 0.5)
(3 8 0.5)
(3.333333333 8 0.5)
(3.666666667 8 0.5)
(4 8 0.5)
(4.333333333 8 0.5)
(4.666666667 8 0.5)
(5 8 0.5)
(5.333333333 8 0.5)
(5.666666667 8 0.5)
(6 8 0.5)
(6.333333333 8 0.5)
(6.666666667 8 0.5)
(7 8 0.5)
(7.333333333 8 0.5)
(7.666666667 8 0.5)
(8 8 0.5)
(8.333333333 8 0.5)
(8.666666667 8 0.5)
(9 8 0.5)
(9.333333333 8 0.5)
(9.666666667 8 0.5)
(10 8 0.5)
(10.33333333 8 0.5)
(10.66666667 8 0.5)
(11 8 0.5)
(11.33333333 8 0.5)
(11.66666667 8 0.5)
(12 8 0.5)
(12.33333333 8 0.5)
(12.66666667 8 0.5)
(13 8 0.5)
(13.33333333 8 0.5)
(13.66666667 8 0.5)
(14 8 0.5)
(14.33333333 8 0.5)
(14.66666667 8 0.5)
(15 8 0.5)
(15.33333333 8 0.5)
(15.66666667 8 0.5)
(16 8 0.5)
(16.33333333 8 0.5)
(16.66666667 8 0.5)
(17 8 0.5)
(17.33333333 8 0.5)
(17.66666667 8 0.5)
(18 8 0.5)
(18.33333333 8 0.5)
(18.66666667 8 0.5)
(19 8 0.5)
(19.33333333 8 0.5)
(19.66666667 8 0.5)
(20 8 0.5)
(0 8.333333333 0.5)
(0.3333333333 8.333333333 0.5)
(0.6666666667 8.333333333 0.5)
(1 8.333333333 0.5)
(1.333333333 8.333333333 0.5)
(1.666666667 8.333333333 0.5)
(2 8.333333333 0.5)
(2.333333333 8.333333333 0.5)
(2.666666667 8.333333333 0.5)
(3 8.333333333 0.5)
(3.333333333 8.333333333 0.5)
(3.666666667 8.333333333 0.5)
(4 8.333333333 0.5)
(4.333333333 8.333333333 0.5)
(4.666666667 8.333333333 0.5)
(5 8.333333333 0.5)
(5.333333333 8.333333333 0.5)
(5.666666667 8.333333333 0.5)
(6 8.333333333 0.5)
(6.333333333 8.333333333 0.5)
(6.666666667 8.333333333 0.5)
(7 8.333333333 0.5)
(7.333333333 8.333333333 0.5)
(7.666666667 8.333333333 0.5)
(8 8.333333333 0.5)
(8.333333333 8.333333333 0.5)
(8.666666667 8.333333333 0.5)
(9 8.333333333 0.5)
(9.333333333 8.333333333 0.5)
(9.666666667 8.333333333 0.5)
(10 8.333333333 0.5)
(10.33333333 8.333333333 0.5)
(10.66666667 8.333333333 0.5)
(11 8.333333333 0.5)
(11.33333333 8.333333333 0.5)
(11.66666667 8.333333333 0.5)
(12 8.333333333 0.5)
(12.33333333 8.333333333 0.5)
(12.66666667 8.333333333 0.5)
(13 8.333333333 0.5)
(13.33333333 8.333333333 0.5)
(13.66666667 8.333333333 0.5)
(14 8.333333333 0.5)
(14.33333333 8.333333333 0.5)
(14.66666667 8.333333333 0.5)
(15 8.333333333 0.5)
(15.33333333 8.333333333 0.5)
(15.66666667 8.333333333 0.5)
(16 8.333333333 0.5)
(16.33333333 8.333333333 0.5)
(16.66666667 8.333333333 0.5)
(17 8.333333333 0.5)
(17.33333333 8.333333333 0.5)
(17.66666667 8.333333333 0.5)
(18 8.333333333 0.5)
(18.33333333 8.333333333 0.5)
(18.66666667 8.333333333 0.5)
(19 8.333333333 0.5)
(19.33333333 8.333333333 0.5)
(19.66666667 8.333333333 0.5)
(20 8.333333333 0.5)
(0 8.666666667 0.5)
(0.3333333333 8.666666667 0.5)
(0.6666666667 8.666666667 0.5)
(1 8.666666667 0.5)
(1.333333333 8.666666667 0.5)
(1.666666667 8.666666667 0.5)
(2 8.666666667 0.5)
(2.333333333 8.666666667 0.5)
(2.666666667 8.666666667 0.5)
(3 8.666666667 0.5)
(3.333333333 8.666666667 0.5)
(3.666666667 8.666666667 0.5)
(4 8.666666667 0.5)
(4.333333333 8.666666667 0.5)
(4.666666667 8.666666667 0.5)
(5 8.666666667 0.5)
(5.333333333 8.666666667 0.5)
(5.666666667 8.666666667 0.5)
(6 8.666666667 0.5)
(6.333333333 8.666666667 0.5)
(6.666666667 8.666666667 0.5)
(7 8.666666667 0.5)
(7.333333333 8.666666667 0.5)
(7.666666667 8.666666667 0.5)
(8 8.666666667 0.5)
(8.333333333 8.666666667 0.5)
(8.666666667 8.666666667 0.5)
(9 8.666666667 0.5)
(9.333333333 8.666666667 0.5)
(9.666666667 8.666666667 0.5)
(10 8.666666667 0.5)
(10.33333333 8.666666667 0.5)
(10.66666667 8.666666667 0.5)
(11 8.666666667 0.5)
(11.33333333 8.666666667 0.5)
(11.66666667 8.666666667 0.5)
(12 8.666666667 0.5)
(12.33333333 8.666666667 0.5)
(12.66666667 8.666666667 0.5)
(13 8.666666667 0.5)
(13.33333333 8.666666667 0.5)
(13.66666667 8.666666667 0.5)
(14 8.666666667 0.5)
(14.33333333 8.666666667 0.5)
(14.66666667 8.666666667 0.5)
(15 8.666666667 0.5)
(15.33333333 8.666666667 0.5)
(15.66666667 8.666666667 0.5)
(16 8.666666667 0.5)
(16.33333333 8.666666667 0.5)
(16.66666667 8.666666667 0.5)
(17 8.666666667 0.5)
(17.33333333 8.666666667 0.5)
(17.66666667 8.666666667 0.5)
(18 8.666666667 0.5)
(18.33333333 8.666666667 0.5)
(18.66666667 8.666666667 0.5)
(19 8.666666667 0.5)
(19.33333333 8.666666667 0.5)
(19.66666667 8.666666667 0.5)
(20 8.666666667 0.5)
(0 9 0.5)
(0.3333333333 9 0.5)
(0.6666666667 9 0.5)
(1 9 0.5)
(1.333333333 9 0.5)
(1.666666667 9 0.5)
(2 9 0.5)
(2.333333333 9 0.5)
(2.666666667 9 0.5)
(3 9 0.5)
(3.333333333 9 0.5)
(3.666666667 9 0.5)
(4 9 0.5)
(4.333333333 9 0.5)
(4.666666667 9 0.5)
(5 9 0.5)
(5.333333333 9 0.5)
(5.666666667 9 0.5)
(6 9 0.5)
(6.333333333 9 0.5)
(6.666666667 9 0.5)
(7 9 0.5)
(7.333333333 9 0.5)
(7.666666667 9 0.5)
(8 9 0.5)
(8.333333333 9 0.5)
(8.666666667 9 0.5)
(9 9 0.5)
(9.333333333 9 0.5)
(9.666666667 9 0.5)
(10 9 0.5)
(10.33333333 9 0.5)
(10.66666667 9 0.5)
(11 9 0.5)
(11.33333333 9 0.5)
(11.66666667 9 0.5)
(12 9 0.5)
(12.33333333 9 0.5)
(12.66666667 9 0.5)
(13 9 0.5)
(13.33333333 9 0.5)
(13.66666667 9 0.5)
(14 9 0.5)
(14.33333333 9 0.5)
(14.66666667 9 0.5)
(15 9 0.5)
(15.33333333 9 0.5)
(15.66666667 9 0.5)
(16 9 0.5)
(16.33333333 9 0.5)
(16.66666667 9 0.5)
(17 9 0.5)
(17.33333333 9 0.5)
(17.66666667 9 0.5)
(18 9 0.5)
(18.33333333 9 0.5)
(18.66666667 9 0.5)
(19 9 0.5)
(19.33333333 9 0.5)
(19.66666667 9 0.5)
(20 9 0.5)
(0 9.333333333 0.5)
(0.3333333333 9.333333333 0.5)
(0.6666666667 9.333333333 0.5)
(1 9.333333333 0.5)
(1.333333333 9.333333333 0.5)
(1.666666667 9.333333333 0.5)
(2 9.333333333 0.5)
(2.333333333 9.333333333 0.5)
(2.666666667 9.333333333 0.5)
(3 9.333333333 0.5)
(3.333333333 9.333333333 0.5)
(3.666666667 9.333333333 0.5)
(4 9.333333333 0.5)
(4.333333333 9.333333333 0.5)
(4.666666667 9.333333333 0.5)
(5 9.333333333 0.5)
(5.333333333 9.333333333 0.5)
(5.666666667 9.333333333 0.5)
(6 9.333333333 0.5)
(6.333333333 9.333333333 0.5)
(6.666666667 9.333333333 0.5)
(7 9.333333333 0.5)
(7.333333333 9.333333333 0.5)
(7.666666667 9.333333333 0.5)
(8 9.333333333 0.5)
(8.333333333 9.333333333 0.5)
(8.666666667 9.333333333 0.5)
(9 9.333333333 0.5)
(9.333333333 9.333333333 0.5)
(9.666666667 9.333333333 0.5)
(10 9.333333333 0.5)
(10.33333333 9.333333333 0.5)
(10.66666667 9.333333333 0.5)
(11 9.333333333 0.5)
(11.33333333 9.333333333 0.5)
(11.66666667 9.333333333 0.5)
(12 9.333333333 0.5)
(12.33333333 9.333333333 0.5)
(12.66666667 9.333333333 0.5)
(13 9.333333333 0.5)
(13.33333333 9.333333333 0.5)
(13.66666667 9.333333333 0.5)
(14 9.333333333 0.5)
(14.33333333 9.333333333 0.5)
(14.66666667 9.333333333 0.5)
(15 9.333333333 0.5)
(15.33333333 9.333333333 0.5)
(15.66666667 9.333333333 0.5)
(16 9.333333333 0.5)
(16.33333333 9.333333333 0.5)
(16.66666667 9.333333333 0.5)
(17 9.333333333 0.5)
(17.33333333 9.333333333 0.5)
(17.66666667 9.333333333 0.5)
(18 9.333333333 0.5)
(18.33333333 9.333333333 0.5)
(18.66666667 9.333333333 0.5)
(19 9.333333333 0.5)
(19.33333333 9.333333333 0.5)
(19.66666667 9.333333333 0.5)
(20 9.333333333 0.5)
(0 9.666666667 0.5)
(0.3333333333 9.666666667 0.5)
(0.6666666667 9.666666667 0.5)
(1 9.666666667 0.5)
(1.333333333 9.666666667 0.5)
(1.666666667 9.666666667 0.5)
(2 9.666666667 0.5)
(2.333333333 9.666666667 0.5)
(2.666666667 9.666666667 0.5)
(3 9.666666667 0.5)
(3.333333333 9.666666667 0.5)
(3.666666667 9.666666667 0.5)
(4 9.666666667 0.5)
(4.333333333 9.666666667 0.5)
(4.666666667 9.666666667 0.5)
(5 9.666666667 0.5)
(5.333333333 9.666666667 0.5)
(5.666666667 9.666666667 0.5)
(6 9.666666667 0.5)
(6.333333333 9.666666667 0.5)
(6.666666667 9.666666667 0.5)
(7 9.666666667 0.5)
(7.333333333 9.666666667 0.5)
(7.666666667 9.666666667 0.5)
(8 9.666666667 0.5)
(8.333333333 9.666666667 0.5)
(8.666666667 9.666666667 0.5)
(9 9.666666667 0.5)
(9.333333333 9.666666667 0.5)
(9.666666667 9.666666667 0.5)
(10 9.666666667 0.5)
(10.33333333 9.666666667 0.5)
(10.66666667 9.666666667 0.5)
(11 9.666666667 0.5)
(11.33333333 9.666666667 0.5)
(11.66666667 9.666666667 0.5)
(12 9.666666667 0.5)
(12.33333333 9.666666667 0.5)
(12.66666667 9.666666667 0.5)
(13 9.666666667 0.5)
(13.33333333 9.666666667 0.5)
(13.66666667 9.666666667 0.5)
(14 9.666666667 0.5)
(14.33333333 9.666666667 0.5)
(14.66666667 9.666666667 0.5)
(15 9.666666667 0.5)
(15.33333333 9.666666667 0.5)
(15.66666667 9.666666667 0.5)
(16 9.666666667 0.5)
(16.33333333 9.666666667 0.5)
(16.66666667 9.666666667 0.5)
(17 9.666666667 0.5)
(17.33333333 9.666666667 0.5)
(17.66666667 9.666666667 0.5)
(18 9.666666667 0.5)
(18.33333333 9.666666667 0.5)
(18.66666667 9.666666667 0.5)
(19 9.666666667 0.5)
(19.33333333 9.666666667 0.5)
(19.66666667 9.666666667 0.5)
(20 9.666666667 0.5)
(0 10 0.5)
(0.3333333333 10 0.5)
(0.6666666667 10 0.5)
(1 10 0.5)
(1.333333333 10 0.5)
(1.666666667 10 0.5)
(2 10 0.5)
(2.333333333 10 0.5)
(2.666666667 10 0.5)
(3 10 0.5)
(3.333333333 10 0.5)
(3.666666667 10 0.5)
(4 10 0.5)
(4.333333333 10 0.5)
(4.666666667 10 0.5)
(5 10 0.5)
(5.333333333 10 0.5)
(5.666666667 10 0.5)
(6 10 0.5)
(6.333333333 10 0.5)
(6.666666667 10 0.5)
(7 10 0.5)
(7.333333333 10 0.5)
(7.666666667 10 0.5)
(8 10 0.5)
(8.333333333 10 0.5)
(8.666666667 10 0.5)
(9 10 0.5)
(9.333333333 10 0.5)
(9.666666667 10 0.5)
(10 10 0.5)
(10.33333333 10 0.5)
(10.66666667 10 0.5)
(11 10 0.5)
(11.33333333 10 0.5)
(11.66666667 10 0.5)
(12 10 0.5)
(12.33333333 10 0.5)
(12.66666667 10 0.5)
(13 10 0.5)
(13.33333333 10 0.5)
(13.66666667 10 0.5)
(14 10 0.5)
(14.33333333 10 0.5)
(14.66666667 10 0.5)
(15 10 0.5)
(15.33333333 10 0.5)
(15.66666667 10 0.5)
(16 10 0.5)
(16.33333333 10 0.5)
(16.66666667 10 0.5)
(17 10 0.5)
(17.33333333 10 0.5)
(17.66666667 10 0.5)
(18 10 0.5)
(18.33333333 10 0.5)
(18.66666667 10 0.5)
(19 10 0.5)
(19.33333333 10 0.5)
(19.66666667 10 0.5)
(20 10 0.5)
)


// ************************************************************************* //
