/*--------------------------------*- C++ -*----------------------------------*\
  =========                 |
  \\      /  F ield         | OpenFOAM: The Open Source CFD Toolbox
   \\    /   O peration     | Website:  https://openfoam.org
    \\  /    A nd           | Version:  6
     \\/     M anipulation  |
\*---------------------------------------------------------------------------*/
FoamFile
{
    version     2.0;
    format      ascii;
    class       volScalarField;
    location    "2";
    object      T;
}
// * * * * * * * * * * * * * * * * * * * * * * * * * * * * * * * * * * * * * //

dimensions      [0 0 0 1 0 0 0];

internalField   nonuniform List<scalar> 
5000
(
0.987503
0.987285
0.986846
0.986183
0.985289
0.984159
0.982784
0.981152
0.979253
0.977074
0.974599
0.971814
0.9687
0.965241
0.961417
0.957209
0.952598
0.947563
0.942084
0.936141
0.929715
0.922786
0.915337
0.907349
0.898808
0.889699
0.88001
0.869731
0.858854
0.847372
0.835285
0.822591
0.809294
0.795401
0.780921
0.765867
0.750256
0.734108
0.717446
0.700298
0.682692
0.664662
0.646243
0.627476
0.6084
0.58906
0.5695
0.549768
0.529913
0.509982
0.490029
0.470098
0.450242
0.43051
0.41095
0.391609
0.372533
0.353765
0.335346
0.317316
0.299709
0.28256
0.265897
0.249748
0.234137
0.219082
0.204602
0.190708
0.17741
0.164716
0.152627
0.141146
0.130268
0.119988
0.110298
0.101189
0.0926477
0.0846599
0.07721
0.0702809
0.0638544
0.0579115
0.0524326
0.0473976
0.0427863
0.0385787
0.0347549
0.0312956
0.0281822
0.0253966
0.0229221
0.0207428
0.0188441
0.0172129
0.0158373
0.0147072
0.0138138
0.0131502
0.0127111
0.0124926
0.987505
0.987287
0.986848
0.986184
0.985291
0.984161
0.982785
0.981154
0.979255
0.977076
0.974601
0.971816
0.968702
0.965243
0.961419
0.957212
0.952601
0.947566
0.942087
0.936144
0.929718
0.92279
0.91534
0.907353
0.898812
0.889703
0.880014
0.869735
0.858857
0.847376
0.835289
0.822595
0.809298
0.795405
0.780924
0.76587
0.75026
0.734111
0.717449
0.7003
0.682694
0.664664
0.646245
0.627477
0.608402
0.589061
0.569501
0.549769
0.529913
0.509982
0.490028
0.470097
0.450241
0.430508
0.410948
0.391607
0.372531
0.353763
0.335344
0.317313
0.299706
0.282556
0.265894
0.249745
0.234133
0.219079
0.204598
0.190704
0.177406
0.164712
0.152624
0.141142
0.130264
0.119984
0.110295
0.101186
0.0926443
0.0846566
0.0772068
0.0702779
0.0638515
0.0579088
0.0524299
0.047395
0.0427839
0.0385764
0.0347527
0.0312936
0.0281802
0.0253948
0.0229203
0.0207411
0.0188425
0.0172114
0.0158359
0.0147058
0.0138125
0.013149
0.01271
0.012492
0.987506
0.987288
0.986849
0.986186
0.985292
0.984162
0.982787
0.981156
0.979257
0.977078
0.974603
0.971818
0.968704
0.965245
0.961422
0.957214
0.952603
0.947568
0.94209
0.936147
0.929721
0.922793
0.915343
0.907356
0.898815
0.889706
0.880017
0.869738
0.858861
0.84738
0.835292
0.822598
0.809301
0.795408
0.780927
0.765873
0.750262
0.734114
0.717452
0.700303
0.682696
0.664666
0.646247
0.627479
0.608403
0.589062
0.569502
0.549769
0.529913
0.509982
0.490028
0.470096
0.45024
0.430507
0.410947
0.391606
0.372529
0.353761
0.335341
0.31731
0.299703
0.282553
0.265891
0.249742
0.23413
0.219075
0.204594
0.1907
0.177403
0.164708
0.15262
0.141138
0.130261
0.119981
0.110292
0.101183
0.0926413
0.0846537
0.0772041
0.0702752
0.063849
0.0579063
0.0524276
0.0473928
0.0427818
0.0385744
0.0347509
0.0312918
0.0281785
0.0253932
0.0229188
0.0207396
0.0188411
0.01721
0.0158346
0.0147046
0.0138114
0.013148
0.0127091
0.0124913
0.987507
0.987289
0.986851
0.986187
0.985294
0.984164
0.982788
0.981157
0.979259
0.977079
0.974605
0.97182
0.968706
0.965247
0.961424
0.957216
0.952606
0.947571
0.942092
0.93615
0.929724
0.922795
0.915346
0.907359
0.898818
0.889709
0.880021
0.869741
0.858864
0.847383
0.835295
0.822601
0.809304
0.795411
0.78093
0.765876
0.750265
0.734117
0.717454
0.700305
0.682698
0.664667
0.646249
0.62748
0.608404
0.589063
0.569502
0.54977
0.529913
0.509981
0.490027
0.470096
0.450239
0.430506
0.410945
0.391604
0.372527
0.353758
0.335339
0.317308
0.299701
0.282551
0.265888
0.249739
0.234127
0.219072
0.204591
0.190697
0.1774
0.164705
0.152617
0.141135
0.130257
0.119978
0.110289
0.10118
0.0926385
0.084651
0.0772014
0.0702727
0.0638465
0.057904
0.0524254
0.0473907
0.0427798
0.0385725
0.0347491
0.0312901
0.0281769
0.0253916
0.0229174
0.0207383
0.0188398
0.0172088
0.0158335
0.0147035
0.0138103
0.013147
0.0127082
0.0124904
0.987508
0.987291
0.986852
0.986188
0.985295
0.984165
0.98279
0.981159
0.97926
0.977081
0.974607
0.971821
0.968708
0.965249
0.961426
0.957219
0.952608
0.947573
0.942095
0.936153
0.929727
0.922798
0.915349
0.907362
0.898821
0.889712
0.880024
0.869744
0.858867
0.847386
0.835298
0.822604
0.809307
0.795414
0.780933
0.765879
0.750268
0.734119
0.717456
0.700307
0.6827
0.664669
0.64625
0.627482
0.608405
0.589064
0.569503
0.54977
0.529913
0.509981
0.490027
0.470095
0.450238
0.430505
0.410944
0.391602
0.372525
0.353756
0.335337
0.317306
0.299698
0.282548
0.265885
0.249736
0.234124
0.219069
0.204588
0.190694
0.177397
0.164702
0.152614
0.141132
0.130254
0.119975
0.110286
0.101177
0.0926358
0.0846484
0.0771989
0.0702703
0.0638442
0.0579018
0.0524233
0.0473887
0.0427779
0.0385707
0.0347474
0.0312885
0.0281754
0.0253902
0.022916
0.020737
0.0188386
0.0172077
0.0158324
0.0147025
0.0138094
0.0131461
0.0127073
0.0124896
0.98751
0.987292
0.986853
0.986189
0.985296
0.984166
0.982791
0.98116
0.979261
0.977082
0.974608
0.971823
0.96871
0.965251
0.961428
0.957221
0.95261
0.947575
0.942097
0.936155
0.929729
0.922801
0.915351
0.907364
0.898824
0.889715
0.880026
0.869747
0.85887
0.847389
0.835301
0.822607
0.80931
0.795416
0.780936
0.765881
0.75027
0.734121
0.717459
0.700309
0.682702
0.664671
0.646251
0.627483
0.608406
0.589064
0.569503
0.54977
0.529913
0.509981
0.490026
0.470094
0.450237
0.430504
0.410943
0.391601
0.372524
0.353755
0.335335
0.317303
0.299696
0.282546
0.265883
0.249733
0.234121
0.219066
0.204585
0.190691
0.177394
0.164699
0.152611
0.14113
0.130252
0.119972
0.110283
0.101174
0.0926333
0.084646
0.0771966
0.070268
0.0638421
0.0578997
0.0524213
0.0473868
0.0427761
0.038569
0.0347458
0.031287
0.028174
0.0253888
0.0229147
0.0207358
0.0188375
0.0172066
0.0158313
0.0147015
0.0138084
0.0131452
0.0127064
0.0124887
0.987511
0.987293
0.986854
0.986191
0.985297
0.984167
0.982792
0.981161
0.979263
0.977084
0.97461
0.971825
0.968712
0.965253
0.96143
0.957223
0.952612
0.947578
0.942099
0.936157
0.929731
0.922803
0.915354
0.907367
0.898826
0.889718
0.880029
0.86975
0.858873
0.847391
0.835304
0.82261
0.809313
0.795419
0.780938
0.765884
0.750272
0.734123
0.717461
0.700311
0.682704
0.664672
0.646253
0.627484
0.608407
0.589065
0.569504
0.549771
0.529913
0.509981
0.490026
0.470094
0.450236
0.430503
0.410941
0.391599
0.372522
0.353753
0.335333
0.317301
0.299694
0.282543
0.26588
0.249731
0.234119
0.219064
0.204583
0.190689
0.177391
0.164697
0.152608
0.141127
0.130249
0.11997
0.110281
0.101172
0.0926309
0.0846437
0.0771943
0.0702659
0.06384
0.0578978
0.0524195
0.0473851
0.0427744
0.0385674
0.0347443
0.0312855
0.0281726
0.0253876
0.0229135
0.0207346
0.0188364
0.0172056
0.0158304
0.0147006
0.0138075
0.0131443
0.0127056
0.0124879
0.987512
0.987294
0.986855
0.986192
0.985298
0.984169
0.982793
0.981162
0.979264
0.977085
0.974611
0.971826
0.968713
0.965254
0.961431
0.957224
0.952614
0.94758
0.942101
0.936159
0.929734
0.922805
0.915356
0.907369
0.898829
0.88972
0.880032
0.869753
0.858875
0.847394
0.835306
0.822612
0.809315
0.795421
0.780941
0.765886
0.750274
0.734125
0.717463
0.700312
0.682705
0.664674
0.646254
0.627485
0.608408
0.589066
0.569504
0.549771
0.529913
0.509981
0.490026
0.470093
0.450235
0.430502
0.41094
0.391598
0.37252
0.353751
0.335331
0.317299
0.299692
0.282541
0.265878
0.249728
0.234116
0.219061
0.20458
0.190686
0.177388
0.164694
0.152606
0.141124
0.130247
0.119967
0.110278
0.10117
0.0926287
0.0846415
0.0771923
0.0702639
0.0638381
0.0578959
0.0524177
0.0473834
0.0427728
0.0385659
0.0347428
0.0312842
0.0281714
0.0253864
0.0229124
0.0207336
0.0188354
0.0172046
0.0158295
0.0146997
0.0138067
0.0131435
0.0127049
0.0124872
0.987513
0.987295
0.986856
0.986193
0.9853
0.98417
0.982794
0.981164
0.979265
0.977086
0.974612
0.971827
0.968715
0.965256
0.961433
0.957226
0.952616
0.947581
0.942103
0.936161
0.929736
0.922808
0.915359
0.907372
0.898831
0.889723
0.880034
0.869755
0.858878
0.847396
0.835309
0.822615
0.809317
0.795423
0.780943
0.765888
0.750276
0.734127
0.717464
0.700314
0.682707
0.664675
0.646255
0.627486
0.608409
0.589066
0.569505
0.549771
0.529913
0.509981
0.490025
0.470093
0.450235
0.430501
0.410939
0.391597
0.372519
0.35375
0.335329
0.317297
0.29969
0.282539
0.265876
0.249726
0.234114
0.219059
0.204578
0.190684
0.177386
0.164692
0.152604
0.141122
0.130244
0.119965
0.110276
0.101167
0.0926266
0.0846395
0.0771903
0.070262
0.0638363
0.0578942
0.0524161
0.0473818
0.0427714
0.0385645
0.0347415
0.031283
0.0281702
0.0253853
0.0229113
0.0207326
0.0188345
0.0172037
0.0158286
0.0146989
0.0138059
0.0131428
0.0127041
0.0124865
0.987513
0.987296
0.986857
0.986194
0.9853
0.984171
0.982795
0.981165
0.979266
0.977088
0.974614
0.971829
0.968716
0.965257
0.961434
0.957228
0.952617
0.947583
0.942105
0.936163
0.929738
0.92281
0.915361
0.907374
0.898833
0.889725
0.880036
0.869757
0.85888
0.847399
0.835311
0.822617
0.809319
0.795426
0.780945
0.76589
0.750278
0.734129
0.717466
0.700316
0.682708
0.664676
0.646256
0.627487
0.608409
0.589067
0.569505
0.549771
0.529913
0.50998
0.490025
0.470092
0.450234
0.4305
0.410938
0.391596
0.372518
0.353748
0.335328
0.317296
0.299688
0.282537
0.265874
0.249724
0.234112
0.219057
0.204576
0.190681
0.177384
0.164689
0.152601
0.14112
0.130242
0.119963
0.110274
0.101165
0.0926246
0.0846376
0.0771885
0.0702602
0.0638346
0.0578926
0.0524145
0.0473804
0.04277
0.0385632
0.0347403
0.0312818
0.0281691
0.0253842
0.0229104
0.0207317
0.0188336
0.0172029
0.0158278
0.0146981
0.0138052
0.0131421
0.0127034
0.0124858
0.987514
0.987297
0.986858
0.986194
0.985301
0.984172
0.982796
0.981166
0.979267
0.977089
0.974615
0.97183
0.968717
0.965259
0.961436
0.957229
0.952619
0.947585
0.942107
0.936165
0.92974
0.922811
0.915363
0.907376
0.898835
0.889727
0.880038
0.869759
0.858882
0.847401
0.835313
0.822619
0.809321
0.795428
0.780947
0.765892
0.75028
0.734131
0.717468
0.700317
0.682709
0.664677
0.646257
0.627488
0.60841
0.589068
0.569506
0.549771
0.529913
0.50998
0.490025
0.470092
0.450233
0.430499
0.410937
0.391594
0.372517
0.353747
0.335326
0.317294
0.299686
0.282535
0.265872
0.249722
0.23411
0.219055
0.204574
0.190679
0.177382
0.164687
0.152599
0.141118
0.13024
0.119961
0.110272
0.101163
0.0926228
0.0846358
0.0771868
0.0702586
0.063833
0.0578911
0.0524131
0.047379
0.0427687
0.038562
0.0347391
0.0312807
0.0281681
0.0253833
0.0229095
0.0207308
0.0188328
0.0172021
0.0158271
0.0146974
0.0138045
0.0131414
0.0127028
0.0124851
0.987515
0.987297
0.986859
0.986195
0.985302
0.984172
0.982797
0.981167
0.979268
0.97709
0.974616
0.971831
0.968718
0.96526
0.961437
0.957231
0.95262
0.947586
0.942108
0.936167
0.929741
0.922813
0.915364
0.907378
0.898837
0.889729
0.88004
0.869761
0.858884
0.847403
0.835315
0.822621
0.809323
0.795429
0.780948
0.765894
0.750282
0.734132
0.717469
0.700318
0.682711
0.664679
0.646258
0.627489
0.608411
0.589068
0.569506
0.549772
0.529913
0.50998
0.490024
0.470091
0.450233
0.430498
0.410936
0.391593
0.372515
0.353745
0.335325
0.317293
0.299685
0.282534
0.26587
0.24972
0.234108
0.219053
0.204572
0.190677
0.17738
0.164685
0.152597
0.141116
0.130238
0.119959
0.11027
0.101162
0.0926211
0.0846342
0.0771852
0.0702571
0.0638316
0.0578897
0.0524118
0.0473778
0.0427675
0.0385609
0.0347381
0.0312797
0.0281671
0.0253824
0.0229086
0.02073
0.018832
0.0172014
0.0158264
0.0146968
0.0138039
0.0131408
0.0127022
0.0124846
0.987516
0.987298
0.986859
0.986196
0.985303
0.984173
0.982798
0.981167
0.979269
0.977091
0.974617
0.971832
0.96872
0.965261
0.961438
0.957232
0.952622
0.947588
0.94211
0.936168
0.929743
0.922815
0.915366
0.907379
0.898839
0.88973
0.880042
0.869763
0.858886
0.847404
0.835317
0.822622
0.809325
0.795431
0.78095
0.765895
0.750283
0.734134
0.71747
0.70032
0.682712
0.66468
0.646259
0.627489
0.608411
0.589068
0.569506
0.549772
0.529913
0.50998
0.490024
0.470091
0.450232
0.430498
0.410935
0.391593
0.372514
0.353744
0.335324
0.317291
0.299683
0.282532
0.265868
0.249719
0.234106
0.219051
0.20457
0.190676
0.177378
0.164684
0.152596
0.141114
0.130237
0.119957
0.110269
0.10116
0.0926196
0.0846327
0.0771838
0.0702557
0.0638303
0.0578885
0.0524106
0.0473767
0.0427665
0.0385599
0.0347371
0.0312788
0.0281663
0.0253816
0.0229079
0.0207293
0.0188313
0.0172008
0.0158258
0.0146962
0.0138034
0.0131403
0.0127017
0.012484
0.987516
0.987299
0.98686
0.986197
0.985304
0.984174
0.982799
0.981168
0.97927
0.977092
0.974618
0.971833
0.968721
0.965262
0.96144
0.957233
0.952623
0.947589
0.942111
0.936169
0.929744
0.922816
0.915367
0.907381
0.89884
0.889732
0.880044
0.869765
0.858887
0.847406
0.835318
0.822624
0.809327
0.795433
0.780952
0.765897
0.750284
0.734135
0.717471
0.700321
0.682713
0.66468
0.64626
0.62749
0.608412
0.589069
0.569507
0.549772
0.529913
0.50998
0.490024
0.47009
0.450232
0.430497
0.410935
0.391592
0.372513
0.353743
0.335323
0.31729
0.299682
0.282531
0.265867
0.249717
0.234105
0.21905
0.204568
0.190674
0.177376
0.164682
0.152594
0.141113
0.130235
0.119956
0.110267
0.101159
0.0926181
0.0846313
0.0771824
0.0702544
0.0638291
0.0578873
0.0524095
0.0473756
0.0427655
0.0385589
0.0347362
0.031278
0.0281655
0.0253808
0.0229072
0.0207286
0.0188307
0.0172002
0.0158252
0.0146957
0.0138028
0.0131398
0.0127012
0.0124835
0.987517
0.987299
0.986861
0.986197
0.985304
0.984175
0.9828
0.981169
0.979271
0.977092
0.974619
0.971834
0.968722
0.965263
0.961441
0.957234
0.952624
0.94759
0.942112
0.936171
0.929745
0.922818
0.915369
0.907382
0.898842
0.889734
0.880045
0.869766
0.858889
0.847407
0.83532
0.822625
0.809328
0.795434
0.780953
0.765898
0.750286
0.734136
0.717473
0.700322
0.682714
0.664681
0.646261
0.627491
0.608412
0.589069
0.569507
0.549772
0.529913
0.50998
0.490024
0.47009
0.450231
0.430496
0.410934
0.391591
0.372512
0.353742
0.335321
0.317289
0.299681
0.282529
0.265866
0.249716
0.234103
0.219048
0.204567
0.190673
0.177375
0.164681
0.152593
0.141111
0.130234
0.119954
0.110266
0.101157
0.0926169
0.0846301
0.0771813
0.0702533
0.063828
0.0578863
0.0524085
0.0473747
0.0427646
0.0385581
0.0347354
0.0312772
0.0281648
0.0253802
0.0229065
0.0207281
0.0188302
0.0171996
0.0158247
0.0146952
0.0138024
0.0131393
0.0127007
0.0124831
0.987518
0.9873
0.986861
0.986198
0.985305
0.984175
0.9828
0.98117
0.979272
0.977093
0.974619
0.971835
0.968722
0.965264
0.961441
0.957235
0.952625
0.947591
0.942113
0.936172
0.929747
0.922819
0.91537
0.907383
0.898843
0.889735
0.880046
0.869767
0.85889
0.847409
0.835321
0.822627
0.809329
0.795435
0.780954
0.765899
0.750287
0.734137
0.717473
0.700323
0.682714
0.664682
0.646261
0.627491
0.608413
0.58907
0.569507
0.549772
0.529913
0.50998
0.490023
0.47009
0.450231
0.430496
0.410933
0.39159
0.372512
0.353741
0.33532
0.317288
0.299679
0.282528
0.265864
0.249715
0.234102
0.219047
0.204566
0.190671
0.177374
0.164679
0.152591
0.14111
0.130232
0.119953
0.110265
0.101156
0.0926157
0.084629
0.0771802
0.0702523
0.063827
0.0578854
0.0524076
0.0473739
0.0427638
0.0385574
0.0347347
0.0312766
0.0281642
0.0253796
0.022906
0.0207275
0.0188297
0.0171992
0.0158243
0.0146948
0.013802
0.0131389
0.0127003
0.0124827
0.987518
0.9873
0.986862
0.986198
0.985305
0.984176
0.982801
0.98117
0.979272
0.977094
0.97462
0.971836
0.968723
0.965265
0.961442
0.957236
0.952626
0.947592
0.942114
0.936173
0.929748
0.92282
0.915371
0.907385
0.898844
0.889736
0.880048
0.869769
0.858891
0.84741
0.835322
0.822628
0.80933
0.795436
0.780955
0.7659
0.750288
0.734138
0.717474
0.700323
0.682715
0.664683
0.646262
0.627492
0.608413
0.58907
0.569507
0.549772
0.529913
0.50998
0.490023
0.470089
0.45023
0.430495
0.410933
0.391589
0.372511
0.35374
0.33532
0.317287
0.299678
0.282527
0.265863
0.249714
0.234101
0.219046
0.204564
0.19067
0.177372
0.164678
0.15259
0.141109
0.130231
0.119952
0.110263
0.101155
0.0926147
0.084628
0.0771793
0.0702514
0.0638262
0.0578845
0.0524069
0.0473731
0.0427631
0.0385567
0.0347341
0.031276
0.0281636
0.0253791
0.0229055
0.0207271
0.0188292
0.0171988
0.0158239
0.0146944
0.0138016
0.0131386
0.0127
0.0124824
0.987519
0.987301
0.986862
0.986199
0.985306
0.984176
0.982801
0.981171
0.979273
0.977094
0.974621
0.971836
0.968724
0.965266
0.961443
0.957237
0.952627
0.947593
0.942115
0.936174
0.929749
0.922821
0.915372
0.907386
0.898845
0.889737
0.880049
0.86977
0.858892
0.847411
0.835323
0.822629
0.809331
0.795437
0.780956
0.765901
0.750289
0.734139
0.717475
0.700324
0.682716
0.664683
0.646262
0.627492
0.608413
0.58907
0.569507
0.549772
0.529913
0.50998
0.490023
0.470089
0.45023
0.430495
0.410932
0.391589
0.37251
0.35374
0.335319
0.317286
0.299678
0.282526
0.265862
0.249713
0.2341
0.219045
0.204563
0.190669
0.177371
0.164677
0.152589
0.141108
0.13023
0.119951
0.110263
0.101154
0.0926138
0.0846272
0.0771784
0.0702506
0.0638254
0.0578838
0.0524062
0.0473725
0.0427625
0.0385561
0.0347336
0.0312755
0.0281631
0.0253786
0.0229051
0.0207267
0.0188289
0.0171984
0.0158236
0.0146941
0.0138013
0.0131383
0.0126997
0.0124821
0.987519
0.987301
0.986862
0.986199
0.985306
0.984177
0.982802
0.981171
0.979273
0.977095
0.974621
0.971837
0.968724
0.965266
0.961444
0.957237
0.952627
0.947594
0.942116
0.936175
0.929749
0.922822
0.915373
0.907386
0.898846
0.889738
0.880049
0.869771
0.858893
0.847412
0.835324
0.82263
0.809332
0.795438
0.780957
0.765902
0.750289
0.73414
0.717476
0.700325
0.682716
0.664684
0.646263
0.627492
0.608414
0.58907
0.569507
0.549772
0.529913
0.509979
0.490023
0.470089
0.45023
0.430495
0.410932
0.391588
0.37251
0.353739
0.335318
0.317285
0.299677
0.282526
0.265862
0.249712
0.234099
0.219044
0.204563
0.190668
0.177371
0.164676
0.152588
0.141107
0.130229
0.11995
0.110262
0.101153
0.0926131
0.0846264
0.0771778
0.0702499
0.0638248
0.0578832
0.0524056
0.0473719
0.042762
0.0385557
0.0347331
0.0312751
0.0281627
0.0253783
0.0229047
0.0207264
0.0188286
0.0171981
0.0158233
0.0146938
0.013801
0.013138
0.0126994
0.0124818
0.987519
0.987302
0.986863
0.9862
0.985307
0.984177
0.982802
0.981172
0.979274
0.977095
0.974622
0.971837
0.968725
0.965267
0.961444
0.957238
0.952628
0.947594
0.942117
0.936175
0.92975
0.922822
0.915374
0.907387
0.898847
0.889739
0.88005
0.869771
0.858894
0.847413
0.835325
0.82263
0.809333
0.795439
0.780958
0.765902
0.75029
0.73414
0.717476
0.700325
0.682717
0.664684
0.646263
0.627492
0.608414
0.58907
0.569508
0.549772
0.529913
0.509979
0.490023
0.470089
0.450229
0.430494
0.410931
0.391588
0.372509
0.353739
0.335318
0.317285
0.299676
0.282525
0.265861
0.249711
0.234098
0.219043
0.204562
0.190667
0.17737
0.164675
0.152587
0.141106
0.130229
0.11995
0.110261
0.101153
0.0926125
0.0846258
0.0771772
0.0702494
0.0638243
0.0578827
0.0524052
0.0473715
0.0427616
0.0385553
0.0347328
0.0312747
0.0281624
0.025378
0.0229045
0.0207261
0.0188283
0.0171979
0.0158231
0.0146936
0.0138008
0.0131378
0.0126992
0.0124816
0.98752
0.987302
0.986863
0.9862
0.985307
0.984177
0.982802
0.981172
0.979274
0.977096
0.974622
0.971838
0.968725
0.965267
0.961445
0.957238
0.952628
0.947595
0.942117
0.936176
0.929751
0.922823
0.915374
0.907388
0.898847
0.889739
0.880051
0.869772
0.858895
0.847413
0.835325
0.822631
0.809334
0.795439
0.780958
0.765903
0.75029
0.73414
0.717477
0.700325
0.682717
0.664684
0.646263
0.627493
0.608414
0.58907
0.569508
0.549772
0.529913
0.509979
0.490022
0.470088
0.450229
0.430494
0.410931
0.391587
0.372509
0.353738
0.335317
0.317284
0.299676
0.282524
0.26586
0.24971
0.234098
0.219043
0.204561
0.190667
0.177369
0.164675
0.152587
0.141106
0.130228
0.119949
0.110261
0.101152
0.092612
0.0846254
0.0771767
0.070249
0.0638239
0.0578824
0.0524048
0.0473712
0.0427613
0.038555
0.0347325
0.0312745
0.0281622
0.0253777
0.0229042
0.0207259
0.0188281
0.0171977
0.0158229
0.0146934
0.0138007
0.0131377
0.0126991
0.0124815
0.98752
0.987302
0.986863
0.9862
0.985307
0.984178
0.982803
0.981172
0.979274
0.977096
0.974622
0.971838
0.968726
0.965268
0.961445
0.957239
0.952629
0.947595
0.942118
0.936176
0.929751
0.922823
0.915375
0.907388
0.898848
0.88974
0.880051
0.869772
0.858895
0.847414
0.835326
0.822631
0.809334
0.79544
0.780958
0.765903
0.750291
0.734141
0.717477
0.700326
0.682717
0.664684
0.646263
0.627493
0.608414
0.58907
0.569508
0.549772
0.529913
0.509979
0.490022
0.470088
0.450229
0.430494
0.410931
0.391587
0.372508
0.353738
0.335317
0.317284
0.299675
0.282524
0.26586
0.24971
0.234097
0.219042
0.204561
0.190666
0.177369
0.164674
0.152586
0.141105
0.130228
0.119949
0.11026
0.101152
0.0926116
0.084625
0.0771764
0.0702487
0.0638236
0.0578821
0.0524046
0.0473709
0.042761
0.0385548
0.0347323
0.0312743
0.028162
0.0253776
0.0229041
0.0207258
0.018828
0.0171976
0.0158228
0.0146933
0.0138006
0.0131376
0.012699
0.0124814
0.98752
0.987302
0.986864
0.9862
0.985307
0.984178
0.982803
0.981172
0.979275
0.977096
0.974623
0.971838
0.968726
0.965268
0.961445
0.957239
0.952629
0.947595
0.942118
0.936176
0.929751
0.922824
0.915375
0.907389
0.898848
0.88974
0.880052
0.869773
0.858895
0.847414
0.835326
0.822632
0.809334
0.79544
0.780959
0.765903
0.750291
0.734141
0.717477
0.700326
0.682717
0.664684
0.646263
0.627493
0.608414
0.58907
0.569508
0.549772
0.529913
0.509979
0.490022
0.470088
0.450229
0.430493
0.410931
0.391587
0.372508
0.353737
0.335316
0.317284
0.299675
0.282524
0.26586
0.24971
0.234097
0.219042
0.20456
0.190666
0.177368
0.164674
0.152586
0.141105
0.130227
0.119948
0.11026
0.101152
0.0926114
0.0846248
0.0771762
0.0702485
0.0638234
0.0578819
0.0524044
0.0473708
0.0427609
0.0385546
0.0347322
0.0312742
0.0281619
0.0253775
0.022904
0.0207257
0.0188279
0.0171975
0.0158227
0.0146933
0.0138005
0.0131375
0.012699
0.0124814
0.98752
0.987302
0.986864
0.9862
0.985308
0.984178
0.982803
0.981173
0.979275
0.977096
0.974623
0.971838
0.968726
0.965268
0.961445
0.957239
0.952629
0.947596
0.942118
0.936177
0.929752
0.922824
0.915375
0.907389
0.898848
0.88974
0.880052
0.869773
0.858895
0.847414
0.835326
0.822632
0.809334
0.79544
0.780959
0.765904
0.750291
0.734141
0.717477
0.700326
0.682717
0.664684
0.646263
0.627493
0.608414
0.58907
0.569507
0.549772
0.529913
0.509979
0.490022
0.470088
0.450229
0.430493
0.41093
0.391587
0.372508
0.353737
0.335316
0.317283
0.299675
0.282523
0.265859
0.249709
0.234097
0.219042
0.20456
0.190666
0.177368
0.164674
0.152586
0.141105
0.130227
0.119948
0.11026
0.101152
0.0926113
0.0846247
0.0771761
0.0702484
0.0638233
0.0578819
0.0524044
0.0473707
0.0427609
0.0385546
0.0347322
0.0312742
0.0281619
0.0253775
0.022904
0.0207257
0.0188279
0.0171975
0.0158227
0.0146933
0.0138005
0.0131375
0.012699
0.0124814
0.98752
0.987302
0.986864
0.986201
0.985308
0.984178
0.982803
0.981173
0.979275
0.977096
0.974623
0.971838
0.968726
0.965268
0.961446
0.957239
0.952629
0.947596
0.942118
0.936177
0.929752
0.922824
0.915375
0.907389
0.898848
0.88974
0.880052
0.869773
0.858896
0.847414
0.835326
0.822632
0.809334
0.79544
0.780959
0.765904
0.750291
0.734141
0.717477
0.700326
0.682717
0.664684
0.646263
0.627493
0.608414
0.58907
0.569507
0.549772
0.529913
0.509979
0.490022
0.470088
0.450228
0.430493
0.41093
0.391587
0.372508
0.353737
0.335316
0.317283
0.299675
0.282523
0.265859
0.249709
0.234097
0.219042
0.20456
0.190666
0.177368
0.164674
0.152586
0.141105
0.130227
0.119948
0.11026
0.101152
0.0926113
0.0846248
0.0771762
0.0702485
0.0638234
0.0578819
0.0524044
0.0473708
0.0427609
0.0385547
0.0347322
0.0312742
0.028162
0.0253775
0.0229041
0.0207257
0.018828
0.0171976
0.0158228
0.0146933
0.0138006
0.0131376
0.012699
0.0124814
0.98752
0.987302
0.986864
0.986201
0.985308
0.984178
0.982803
0.981173
0.979275
0.977096
0.974623
0.971838
0.968726
0.965268
0.961446
0.957239
0.952629
0.947596
0.942118
0.936177
0.929752
0.922824
0.915375
0.907389
0.898848
0.88974
0.880052
0.869773
0.858895
0.847414
0.835326
0.822632
0.809334
0.79544
0.780959
0.765903
0.750291
0.734141
0.717477
0.700326
0.682717
0.664684
0.646263
0.627492
0.608414
0.58907
0.569507
0.549772
0.529913
0.509979
0.490022
0.470088
0.450228
0.430493
0.41093
0.391587
0.372508
0.353737
0.335316
0.317283
0.299675
0.282523
0.265859
0.249709
0.234097
0.219042
0.20456
0.190666
0.177368
0.164674
0.152586
0.141105
0.130227
0.119948
0.11026
0.101152
0.0926115
0.0846249
0.0771763
0.0702486
0.0638236
0.0578821
0.0524046
0.047371
0.0427611
0.0385548
0.0347324
0.0312744
0.0281621
0.0253777
0.0229042
0.0207259
0.0188281
0.0171977
0.0158229
0.0146934
0.0138007
0.0131377
0.0126991
0.0124815
0.98752
0.987302
0.986864
0.986201
0.985308
0.984178
0.982803
0.981173
0.979275
0.977096
0.974623
0.971838
0.968726
0.965268
0.961445
0.957239
0.952629
0.947596
0.942118
0.936177
0.929751
0.922824
0.915375
0.907389
0.898848
0.88974
0.880052
0.869773
0.858895
0.847414
0.835326
0.822632
0.809334
0.79544
0.780958
0.765903
0.750291
0.734141
0.717477
0.700325
0.682717
0.664684
0.646263
0.627492
0.608413
0.58907
0.569507
0.549772
0.529912
0.509978
0.490022
0.470088
0.450228
0.430493
0.41093
0.391587
0.372508
0.353737
0.335316
0.317283
0.299675
0.282523
0.26586
0.24971
0.234097
0.219042
0.204561
0.190666
0.177369
0.164674
0.152586
0.141105
0.130228
0.119949
0.11026
0.101152
0.0926118
0.0846252
0.0771766
0.0702489
0.0638238
0.0578824
0.0524048
0.0473712
0.0427613
0.0385551
0.0347326
0.0312746
0.0281623
0.0253779
0.0229044
0.0207261
0.0188283
0.0171979
0.0158231
0.0146936
0.0138009
0.0131379
0.0126993
0.0124817
0.98752
0.987302
0.986864
0.9862
0.985308
0.984178
0.982803
0.981172
0.979275
0.977096
0.974623
0.971838
0.968726
0.965268
0.961445
0.957239
0.952629
0.947595
0.942118
0.936176
0.929751
0.922823
0.915375
0.907388
0.898848
0.88974
0.880051
0.869772
0.858895
0.847413
0.835325
0.822631
0.809334
0.795439
0.780958
0.765903
0.75029
0.73414
0.717476
0.700325
0.682716
0.664684
0.646262
0.627492
0.608413
0.58907
0.569507
0.549771
0.529912
0.509978
0.490021
0.470087
0.450228
0.430493
0.41093
0.391587
0.372508
0.353737
0.335316
0.317284
0.299675
0.282524
0.26586
0.24971
0.234097
0.219042
0.204561
0.190667
0.177369
0.164675
0.152587
0.141106
0.130228
0.119949
0.110261
0.101153
0.0926122
0.0846257
0.0771771
0.0702493
0.0638242
0.0578827
0.0524052
0.0473716
0.0427617
0.0385554
0.0347329
0.0312749
0.0281626
0.0253782
0.0229047
0.0207263
0.0188285
0.0171981
0.0158233
0.0146938
0.0138011
0.0131381
0.0126995
0.0124819
0.98752
0.987302
0.986863
0.9862
0.985307
0.984178
0.982803
0.981172
0.979274
0.977096
0.974622
0.971838
0.968726
0.965267
0.961445
0.957239
0.952629
0.947595
0.942117
0.936176
0.929751
0.922823
0.915374
0.907388
0.898847
0.889739
0.880051
0.869772
0.858894
0.847413
0.835325
0.822631
0.809333
0.795439
0.780957
0.765902
0.75029
0.73414
0.717476
0.700324
0.682716
0.664683
0.646262
0.627492
0.608413
0.589069
0.569506
0.549771
0.529912
0.509978
0.490021
0.470087
0.450228
0.430493
0.41093
0.391587
0.372508
0.353738
0.335317
0.317284
0.299675
0.282524
0.26586
0.24971
0.234098
0.219043
0.204561
0.190667
0.17737
0.164675
0.152587
0.141106
0.130229
0.11995
0.110261
0.101153
0.0926128
0.0846262
0.0771776
0.0702498
0.0638247
0.0578832
0.0524057
0.047372
0.0427621
0.0385558
0.0347333
0.0312753
0.028163
0.0253785
0.022905
0.0207267
0.0188289
0.0171984
0.0158236
0.0146941
0.0138014
0.0131383
0.0126998
0.0124822
0.98752
0.987302
0.986863
0.9862
0.985307
0.984178
0.982803
0.981172
0.979274
0.977096
0.974622
0.971838
0.968725
0.965267
0.961445
0.957238
0.952628
0.947595
0.942117
0.936175
0.92975
0.922822
0.915374
0.907387
0.898847
0.889738
0.88005
0.869771
0.858894
0.847412
0.835324
0.82263
0.809332
0.795438
0.780957
0.765901
0.750289
0.734139
0.717475
0.700324
0.682715
0.664682
0.646262
0.627491
0.608412
0.589069
0.569506
0.549771
0.529912
0.509978
0.490021
0.470087
0.450228
0.430493
0.41093
0.391587
0.372508
0.353738
0.335317
0.317284
0.299676
0.282525
0.265861
0.249711
0.234098
0.219043
0.204562
0.190668
0.17737
0.164676
0.152588
0.141107
0.130229
0.11995
0.110262
0.101154
0.0926135
0.0846269
0.0771783
0.0702505
0.0638254
0.0578839
0.0524063
0.0473726
0.0427627
0.0385564
0.0347338
0.0312758
0.0281634
0.025379
0.0229054
0.0207271
0.0188293
0.0171988
0.015824
0.0146945
0.0138017
0.0131387
0.0127001
0.0124825
0.987519
0.987302
0.986863
0.9862
0.985307
0.984177
0.982802
0.981172
0.979274
0.977095
0.974622
0.971837
0.968725
0.965267
0.961444
0.957238
0.952628
0.947594
0.942116
0.936175
0.92975
0.922822
0.915373
0.907386
0.898846
0.889738
0.880049
0.86977
0.858893
0.847411
0.835323
0.822629
0.809331
0.795437
0.780956
0.765901
0.750288
0.734138
0.717474
0.700323
0.682715
0.664682
0.646261
0.62749
0.608412
0.589068
0.569506
0.549771
0.529912
0.509978
0.490021
0.470087
0.450228
0.430493
0.410931
0.391587
0.372509
0.353738
0.335317
0.317285
0.299676
0.282525
0.265861
0.249712
0.234099
0.219044
0.204563
0.190669
0.177371
0.164677
0.152589
0.141108
0.13023
0.119951
0.110263
0.101155
0.0926143
0.0846277
0.0771791
0.0702513
0.0638261
0.0578846
0.052407
0.0473733
0.0427633
0.038557
0.0347344
0.0312763
0.028164
0.0253795
0.0229059
0.0207275
0.0188297
0.0171992
0.0158244
0.0146949
0.0138021
0.0131391
0.0127005
0.0124829
0.987519
0.987301
0.986863
0.9862
0.985307
0.984177
0.982802
0.981171
0.979273
0.977095
0.974621
0.971837
0.968724
0.965266
0.961444
0.957237
0.952627
0.947593
0.942116
0.936174
0.929749
0.922821
0.915372
0.907386
0.898845
0.889737
0.880048
0.869769
0.858892
0.84741
0.835322
0.822628
0.80933
0.795436
0.780955
0.7659
0.750287
0.734137
0.717473
0.700322
0.682714
0.664681
0.64626
0.62749
0.608411
0.589068
0.569505
0.54977
0.529911
0.509978
0.490021
0.470087
0.450228
0.430493
0.410931
0.391587
0.372509
0.353739
0.335318
0.317285
0.299677
0.282526
0.265862
0.249712
0.2341
0.219045
0.204564
0.19067
0.177372
0.164678
0.15259
0.141109
0.130231
0.119952
0.110264
0.101156
0.0926153
0.0846287
0.07718
0.0702522
0.063827
0.0578854
0.0524078
0.0473741
0.0427641
0.0385577
0.0347351
0.031277
0.0281646
0.0253801
0.0229065
0.0207281
0.0188302
0.0171997
0.0158249
0.0146953
0.0138026
0.0131395
0.0127009
0.0124833
0.987519
0.987301
0.986862
0.986199
0.985306
0.984177
0.982802
0.981171
0.979273
0.977094
0.974621
0.971836
0.968724
0.965266
0.961443
0.957236
0.952626
0.947593
0.942115
0.936173
0.929748
0.92282
0.915371
0.907385
0.898844
0.889736
0.880047
0.869768
0.858891
0.847409
0.835321
0.822627
0.809329
0.795435
0.780954
0.765898
0.750286
0.734136
0.717472
0.700321
0.682713
0.66468
0.646259
0.627489
0.608411
0.589067
0.569505
0.54977
0.529911
0.509977
0.490021
0.470087
0.450228
0.430494
0.410931
0.391588
0.372509
0.353739
0.335319
0.317286
0.299678
0.282527
0.265863
0.249713
0.234101
0.219046
0.204565
0.190671
0.177373
0.164679
0.152591
0.14111
0.130233
0.119954
0.110265
0.101157
0.0926164
0.0846298
0.0771811
0.0702532
0.063828
0.0578864
0.0524087
0.047375
0.0427649
0.0385585
0.0347359
0.0312777
0.0281653
0.0253808
0.0229071
0.0207287
0.0188308
0.0172003
0.0158254
0.0146959
0.0138031
0.01314
0.0127014
0.0124838
0.987518
0.987301
0.986862
0.986199
0.985306
0.984176
0.982801
0.98117
0.979272
0.977094
0.97462
0.971836
0.968723
0.965265
0.961442
0.957236
0.952626
0.947592
0.942114
0.936172
0.929747
0.922819
0.91537
0.907383
0.898843
0.889734
0.880046
0.869767
0.858889
0.847408
0.83532
0.822625
0.809328
0.795434
0.780952
0.765897
0.750285
0.734135
0.717471
0.70032
0.682712
0.664679
0.646259
0.627488
0.60841
0.589067
0.569504
0.549769
0.529911
0.509977
0.490021
0.470087
0.450229
0.430494
0.410931
0.391588
0.37251
0.35374
0.335319
0.317287
0.299679
0.282528
0.265864
0.249715
0.234102
0.219047
0.204566
0.190672
0.177375
0.16468
0.152593
0.141111
0.130234
0.119955
0.110266
0.101158
0.0926177
0.084631
0.0771823
0.0702544
0.0638292
0.0578875
0.0524098
0.047376
0.0427659
0.0385594
0.0347368
0.0312786
0.0281661
0.0253815
0.0229079
0.0207294
0.0188315
0.0172009
0.015826
0.0146965
0.0138036
0.0131406
0.012702
0.0124844
0.987518
0.9873
0.986861
0.986198
0.985305
0.984176
0.982801
0.98117
0.979272
0.977093
0.97462
0.971835
0.968722
0.965264
0.961441
0.957235
0.952625
0.947591
0.942113
0.936171
0.929746
0.922818
0.915369
0.907382
0.898842
0.889733
0.880044
0.869765
0.858888
0.847406
0.835318
0.822624
0.809326
0.795432
0.780951
0.765896
0.750283
0.734134
0.71747
0.700319
0.682711
0.664678
0.646258
0.627487
0.608409
0.589066
0.569504
0.549769
0.52991
0.509977
0.490021
0.470087
0.450229
0.430494
0.410932
0.391589
0.372511
0.353741
0.33532
0.317288
0.29968
0.282529
0.265865
0.249716
0.234104
0.219049
0.204568
0.190673
0.177376
0.164682
0.152594
0.141113
0.130235
0.119956
0.110268
0.10116
0.0926191
0.0846324
0.0771836
0.0702557
0.0638304
0.0578887
0.052411
0.0473771
0.042767
0.0385605
0.0347378
0.0312795
0.028167
0.0253824
0.0229087
0.0207301
0.0188322
0.0172016
0.0158267
0.0146971
0.0138043
0.0131412
0.0127026
0.012485
0.987517
0.9873
0.986861
0.986198
0.985305
0.984175
0.9828
0.981169
0.979271
0.977093
0.974619
0.971834
0.968721
0.965263
0.96144
0.957234
0.952623
0.94759
0.942112
0.93617
0.929744
0.922816
0.915367
0.907381
0.89884
0.889732
0.880043
0.869764
0.858886
0.847405
0.835317
0.822622
0.809325
0.79543
0.780949
0.765894
0.750282
0.734132
0.717468
0.700318
0.682709
0.664677
0.646256
0.627486
0.608408
0.589065
0.569503
0.549768
0.52991
0.509977
0.490021
0.470087
0.450229
0.430494
0.410932
0.391589
0.372511
0.353741
0.335321
0.317289
0.299681
0.28253
0.265867
0.249717
0.234105
0.21905
0.204569
0.190675
0.177378
0.164683
0.152596
0.141114
0.130237
0.119958
0.110269
0.101161
0.0926207
0.0846339
0.0771851
0.0702571
0.0638318
0.0578901
0.0524122
0.0473783
0.0427681
0.0385616
0.0347388
0.0312805
0.028168
0.0253833
0.0229096
0.020731
0.018833
0.0172024
0.0158274
0.0146978
0.013805
0.0131419
0.0127033
0.0124856
0.987517
0.987299
0.98686
0.986197
0.985304
0.984174
0.982799
0.981169
0.97927
0.977092
0.974618
0.971833
0.968721
0.965262
0.961439
0.957233
0.952622
0.947588
0.94211
0.936168
0.929743
0.922815
0.915366
0.907379
0.898838
0.88973
0.880041
0.869762
0.858884
0.847403
0.835315
0.82262
0.809323
0.795429
0.780947
0.765892
0.75028
0.73413
0.717467
0.700316
0.682708
0.664676
0.646255
0.627485
0.608407
0.589064
0.569502
0.549768
0.52991
0.509976
0.490021
0.470087
0.450229
0.430495
0.410933
0.39159
0.372512
0.353742
0.335322
0.31729
0.299682
0.282531
0.265868
0.249719
0.234107
0.219052
0.204571
0.190677
0.177379
0.164685
0.152597
0.141116
0.130239
0.11996
0.110271
0.101163
0.0926224
0.0846356
0.0771867
0.0702587
0.0638333
0.0578915
0.0524137
0.0473797
0.0427694
0.0385628
0.03474
0.0312817
0.028169
0.0253843
0.0229105
0.0207319
0.0188339
0.0172033
0.0158282
0.0146986
0.0138057
0.0131426
0.012704
0.0124864
0.987516
0.987299
0.98686
0.986196
0.985303
0.984174
0.982799
0.981168
0.97927
0.977091
0.974617
0.971832
0.968719
0.965261
0.961438
0.957231
0.952621
0.947587
0.942109
0.936167
0.929741
0.922813
0.915364
0.907377
0.898837
0.889728
0.880039
0.86976
0.858882
0.847401
0.835313
0.822619
0.809321
0.795427
0.780946
0.765891
0.750278
0.734129
0.717465
0.700314
0.682706
0.664674
0.646254
0.627484
0.608406
0.589064
0.569502
0.549767
0.529909
0.509976
0.49002
0.470087
0.450229
0.430495
0.410933
0.391591
0.372513
0.353743
0.335323
0.317291
0.299683
0.282533
0.26587
0.24972
0.234108
0.219054
0.204573
0.190679
0.177381
0.164687
0.152599
0.141118
0.130241
0.119962
0.110273
0.101165
0.0926243
0.0846374
0.0771885
0.0702604
0.063835
0.0578931
0.0524152
0.0473812
0.0427708
0.0385642
0.0347413
0.0312829
0.0281702
0.0253854
0.0229116
0.0207329
0.0188348
0.0172042
0.0158291
0.0146995
0.0138066
0.0131434
0.0127048
0.0124871
0.987516
0.987298
0.986859
0.986196
0.985303
0.984173
0.982798
0.981167
0.979269
0.97709
0.974616
0.971831
0.968718
0.96526
0.961437
0.95723
0.95262
0.947585
0.942107
0.936165
0.92974
0.922812
0.915362
0.907375
0.898835
0.889726
0.880037
0.869758
0.85888
0.847399
0.835311
0.822616
0.809319
0.795425
0.780943
0.765889
0.750276
0.734127
0.717463
0.700313
0.682705
0.664673
0.646253
0.627483
0.608405
0.589063
0.569501
0.549767
0.529909
0.509976
0.49002
0.470088
0.450229
0.430495
0.410934
0.391591
0.372514
0.353744
0.335324
0.317293
0.299685
0.282535
0.265871
0.249722
0.23411
0.219056
0.204575
0.190681
0.177384
0.164689
0.152602
0.14112
0.130243
0.119964
0.110275
0.101167
0.0926263
0.0846394
0.0771904
0.0702623
0.0638368
0.0578949
0.0524169
0.0473827
0.0427724
0.0385656
0.0347427
0.0312842
0.0281715
0.0253866
0.0229127
0.020734
0.0188359
0.0172052
0.0158301
0.0147004
0.0138075
0.0131443
0.0127057
0.012488
0.987515
0.987297
0.986858
0.986195
0.985302
0.984172
0.982797
0.981166
0.979268
0.977089
0.974615
0.97183
0.968717
0.965259
0.961435
0.957229
0.952618
0.947584
0.942106
0.936164
0.929738
0.92281
0.91536
0.907373
0.898833
0.889724
0.880035
0.869756
0.858878
0.847397
0.835308
0.822614
0.809317
0.795422
0.780941
0.765886
0.750274
0.734125
0.717461
0.700311
0.682703
0.664671
0.646251
0.627482
0.608404
0.589062
0.5695
0.549766
0.529908
0.509975
0.49002
0.470088
0.45023
0.430496
0.410934
0.391592
0.372515
0.353746
0.335326
0.317294
0.299687
0.282536
0.265873
0.249724
0.234112
0.219058
0.204577
0.190683
0.177386
0.164692
0.152604
0.141123
0.130245
0.119966
0.110278
0.101169
0.0926285
0.0846415
0.0771925
0.0702643
0.0638387
0.0578967
0.0524186
0.0473845
0.042774
0.0385672
0.0347442
0.0312856
0.0281728
0.0253879
0.0229139
0.0207351
0.018837
0.0172062
0.0158311
0.0147014
0.0138084
0.0131452
0.0127066
0.0124889
0.987514
0.987296
0.986857
0.986194
0.985301
0.984171
0.982796
0.981165
0.979267
0.977088
0.974614
0.971829
0.968716
0.965257
0.961434
0.957227
0.952616
0.947582
0.942104
0.936162
0.929736
0.922808
0.915358
0.907371
0.89883
0.889722
0.880033
0.869753
0.858876
0.847394
0.835306
0.822612
0.809314
0.79542
0.780939
0.765884
0.750272
0.734123
0.717459
0.700309
0.682701
0.664669
0.646249
0.62748
0.608403
0.58906
0.569499
0.549765
0.529908
0.509975
0.49002
0.470088
0.45023
0.430496
0.410935
0.391593
0.372516
0.353747
0.335327
0.317296
0.299688
0.282538
0.265875
0.249726
0.234114
0.21906
0.204579
0.190685
0.177388
0.164694
0.152606
0.141125
0.130248
0.119969
0.11028
0.101171
0.0926308
0.0846438
0.0771947
0.0702665
0.0638408
0.0578987
0.0524206
0.0473863
0.0427758
0.0385689
0.0347458
0.0312871
0.0281742
0.0253892
0.0229152
0.0207364
0.0188382
0.0172074
0.0158322
0.0147024
0.0138094
0.0131462
0.0127076
0.0124899
0.987513
0.987296
0.986857
0.986193
0.9853
0.98417
0.982795
0.981164
0.979266
0.977087
0.974613
0.971827
0.968714
0.965256
0.961432
0.957225
0.952615
0.94758
0.942102
0.93616
0.929734
0.922805
0.915356
0.907369
0.898828
0.889719
0.88003
0.869751
0.858873
0.847391
0.835303
0.822609
0.809311
0.795417
0.780936
0.765881
0.750269
0.73412
0.717457
0.700307
0.682699
0.664668
0.646248
0.627479
0.608401
0.589059
0.569498
0.549765
0.529907
0.509975
0.49002
0.470088
0.45023
0.430497
0.410936
0.391594
0.372517
0.353748
0.335329
0.317297
0.29969
0.28254
0.265877
0.249728
0.234117
0.219062
0.204582
0.190688
0.177391
0.164697
0.152609
0.141128
0.13025
0.119971
0.110283
0.101174
0.0926333
0.0846462
0.0771971
0.0702688
0.063843
0.0579009
0.0524226
0.0473883
0.0427776
0.0385707
0.0347475
0.0312887
0.0281758
0.0253907
0.0229166
0.0207377
0.0188394
0.0172086
0.0158334
0.0147035
0.0138105
0.0131473
0.0127086
0.0124909
0.987512
0.987295
0.986856
0.986192
0.985299
0.984169
0.982794
0.981163
0.979264
0.977085
0.974611
0.971826
0.968713
0.965254
0.961431
0.957224
0.952613
0.947578
0.9421
0.936158
0.929732
0.922803
0.915354
0.907366
0.898825
0.889716
0.880027
0.869748
0.85887
0.847389
0.835301
0.822606
0.809309
0.795414
0.780934
0.765879
0.750267
0.734118
0.717455
0.700304
0.682697
0.664666
0.646246
0.627477
0.6084
0.589058
0.569497
0.549764
0.529906
0.509974
0.49002
0.470088
0.450231
0.430498
0.410937
0.391595
0.372518
0.35375
0.33533
0.317299
0.299692
0.282542
0.26588
0.249731
0.234119
0.219065
0.204584
0.190691
0.177394
0.1647
0.152612
0.141131
0.130253
0.119974
0.110285
0.101177
0.092636
0.0846488
0.0771996
0.0702712
0.0638454
0.0579031
0.0524248
0.0473904
0.0427796
0.0385726
0.0347493
0.0312905
0.0281774
0.0253923
0.0229181
0.0207391
0.0188408
0.0172099
0.0158346
0.0147047
0.0138117
0.0131484
0.0127097
0.012492
0.987511
0.987294
0.986855
0.986191
0.985298
0.984168
0.982793
0.981162
0.979263
0.977084
0.97461
0.971824
0.968711
0.965252
0.961429
0.957222
0.952611
0.947576
0.942098
0.936155
0.929729
0.922801
0.915351
0.907364
0.898823
0.889714
0.880025
0.869745
0.858867
0.847386
0.835297
0.822603
0.809306
0.795412
0.780931
0.765876
0.750264
0.734115
0.717452
0.700302
0.682695
0.664663
0.646244
0.627475
0.608398
0.589057
0.569496
0.549763
0.529906
0.509974
0.49002
0.470088
0.450231
0.430498
0.410938
0.391596
0.37252
0.353751
0.335332
0.317301
0.299694
0.282545
0.265882
0.249733
0.234122
0.219068
0.204587
0.190694
0.177397
0.164703
0.152615
0.141134
0.130256
0.119977
0.110288
0.10118
0.0926388
0.0846516
0.0772023
0.0702738
0.0638479
0.0579056
0.0524271
0.0473926
0.0427818
0.0385746
0.0347512
0.0312923
0.0281792
0.0253939
0.0229197
0.0207406
0.0188422
0.0172112
0.0158359
0.014706
0.0138129
0.0131496
0.0127109
0.0124932
0.98751
0.987293
0.986854
0.98619
0.985297
0.984167
0.982791
0.98116
0.979262
0.977083
0.974608
0.971823
0.96871
0.965251
0.961427
0.95722
0.952609
0.947574
0.942095
0.936153
0.929727
0.922798
0.915348
0.907361
0.89882
0.889711
0.880022
0.869742
0.858864
0.847382
0.835294
0.8226
0.809302
0.795408
0.780927
0.765873
0.750261
0.734112
0.717449
0.700299
0.682692
0.664661
0.646242
0.627473
0.608397
0.589055
0.569495
0.549762
0.529905
0.509974
0.49002
0.470088
0.450231
0.430499
0.410938
0.391597
0.372521
0.353753
0.335334
0.317303
0.299696
0.282547
0.265885
0.249736
0.234125
0.219071
0.20459
0.190697
0.1774
0.164706
0.152618
0.141137
0.130259
0.11998
0.110291
0.101183
0.0926418
0.0846545
0.0772052
0.0702766
0.0638506
0.0579081
0.0524296
0.0473949
0.042784
0.0385767
0.0347533
0.0312942
0.028181
0.0253957
0.0229213
0.0207422
0.0188437
0.0172127
0.0158373
0.0147073
0.0138142
0.0131509
0.0127121
0.0124944
0.987509
0.987292
0.986853
0.986189
0.985296
0.984166
0.98279
0.981159
0.97926
0.977081
0.974607
0.971821
0.968708
0.965249
0.961425
0.957218
0.952607
0.947572
0.942093
0.93615
0.929724
0.922795
0.915345
0.907358
0.898817
0.889707
0.880018
0.869739
0.858861
0.847379
0.835291
0.822596
0.809299
0.795405
0.780924
0.76587
0.750258
0.734109
0.717446
0.700297
0.68269
0.664659
0.64624
0.627471
0.608395
0.589054
0.569494
0.549761
0.529904
0.509973
0.490019
0.470088
0.450232
0.430499
0.410939
0.391599
0.372522
0.353754
0.335336
0.317305
0.299699
0.28255
0.265887
0.249739
0.234128
0.219074
0.204594
0.1907
0.177403
0.164709
0.152622
0.14114
0.130263
0.119984
0.110295
0.101186
0.092645
0.0846576
0.0772082
0.0702795
0.0638534
0.0579108
0.0524322
0.0473974
0.0427864
0.038579
0.0347554
0.0312963
0.028183
0.0253975
0.0229231
0.0207439
0.0188453
0.0172142
0.0158387
0.0147087
0.0138156
0.0131522
0.0127134
0.0124957
0.987508
0.987291
0.986852
0.986188
0.985295
0.984164
0.982789
0.981157
0.979259
0.977079
0.974605
0.971819
0.968706
0.965247
0.961423
0.957215
0.952604
0.947569
0.94209
0.936148
0.929721
0.922792
0.915342
0.907355
0.898813
0.889704
0.880015
0.869735
0.858857
0.847376
0.835287
0.822593
0.809295
0.795402
0.780921
0.765866
0.750255
0.734106
0.717443
0.700294
0.682687
0.664656
0.646237
0.627469
0.608393
0.589052
0.569492
0.54976
0.529904
0.509973
0.490019
0.470088
0.450232
0.4305
0.41094
0.3916
0.372524
0.353756
0.335338
0.317308
0.299701
0.282552
0.26589
0.249742
0.234131
0.219077
0.204597
0.190704
0.177407
0.164713
0.152625
0.141144
0.130266
0.119987
0.110298
0.101189
0.0926483
0.0846609
0.0772113
0.0702826
0.0638563
0.0579137
0.0524349
0.0474001
0.0427889
0.0385814
0.0347577
0.0312984
0.028185
0.0253995
0.0229249
0.0207456
0.018847
0.0172158
0.0158403
0.0147102
0.013817
0.0131536
0.0127148
0.0124971
0.987507
0.987289
0.98685
0.986187
0.985293
0.984163
0.982787
0.981156
0.979257
0.977078
0.974603
0.971817
0.968704
0.965245
0.961421
0.957213
0.952602
0.947567
0.942088
0.936145
0.929718
0.922789
0.915339
0.907351
0.89881
0.889701
0.880011
0.869732
0.858854
0.847372
0.835284
0.822589
0.809292
0.795398
0.780917
0.765863
0.750251
0.734103
0.71744
0.700291
0.682684
0.664654
0.646235
0.627467
0.608391
0.589051
0.569491
0.549759
0.529903
0.509972
0.490019
0.470089
0.450233
0.430501
0.410941
0.391601
0.372526
0.353758
0.33534
0.31731
0.299704
0.282555
0.265893
0.249745
0.234134
0.219081
0.2046
0.190707
0.17741
0.164717
0.152629
0.141148
0.13027
0.119991
0.110302
0.101193
0.0926519
0.0846643
0.0772147
0.0702858
0.0638595
0.0579167
0.0524378
0.0474028
0.0427915
0.0385839
0.0347601
0.0313007
0.0281872
0.0254015
0.0229269
0.0207475
0.0188487
0.0172174
0.0158419
0.0147117
0.0138185
0.0131551
0.0127162
0.0124985
0.987506
0.987288
0.986849
0.986185
0.985292
0.984161
0.982786
0.981154
0.979255
0.977076
0.974601
0.971815
0.968702
0.965242
0.961418
0.95721
0.952599
0.947564
0.942085
0.936142
0.929715
0.922786
0.915336
0.907348
0.898806
0.889697
0.880008
0.869728
0.85885
0.847368
0.83528
0.822585
0.809288
0.795394
0.780913
0.765859
0.750248
0.734099
0.717437
0.700288
0.682681
0.664651
0.646233
0.627465
0.608389
0.589049
0.569489
0.549758
0.529902
0.509972
0.490019
0.470089
0.450233
0.430502
0.410943
0.391603
0.372527
0.35376
0.335342
0.317312
0.299707
0.282558
0.265896
0.249749
0.234138
0.219084
0.204604
0.190711
0.177414
0.16472
0.152633
0.141152
0.130274
0.119995
0.110306
0.101197
0.0926555
0.0846679
0.0772182
0.0702892
0.0638627
0.0579198
0.0524408
0.0474057
0.0427943
0.0385865
0.0347626
0.0313031
0.0281894
0.0254036
0.0229289
0.0207494
0.0188506
0.0172192
0.0158435
0.0147134
0.01382
0.0131566
0.0127177
0.0125
0.987506
0.987287
0.986848
0.986184
0.98529
0.98416
0.982784
0.981153
0.979254
0.977074
0.974599
0.971813
0.9687
0.96524
0.961416
0.957208
0.952596
0.947561
0.942082
0.936138
0.929712
0.922782
0.915332
0.907344
0.898803
0.889693
0.880004
0.869724
0.858846
0.847364
0.835276
0.822581
0.809284
0.79539
0.780909
0.765855
0.750244
0.734096
0.717433
0.700284
0.682678
0.664648
0.64623
0.627463
0.608387
0.589047
0.569488
0.549757
0.529901
0.509971
0.490019
0.470089
0.450234
0.430503
0.410944
0.391604
0.372529
0.353762
0.335345
0.317315
0.29971
0.282561
0.2659
0.249752
0.234141
0.219088
0.204608
0.190715
0.177418
0.164725
0.152637
0.141156
0.130278
0.119999
0.11031
0.101201
0.0926594
0.0846717
0.0772218
0.0702927
0.0638662
0.0579231
0.052444
0.0474087
0.0427972
0.0385893
0.0347652
0.0313056
0.0281918
0.0254059
0.022931
0.0207514
0.0188525
0.017221
0.0158453
0.014715
0.0138216
0.0131581
0.0127193
0.0125015
)
;

boundaryField
{
    xmin
    {
        type            zeroGradient;
    }
    xmax
    {
        type            zeroGradient;
    }
    ymin
    {
        type            zeroGradient;
    }
    ymax
    {
        type            zeroGradient;
    }
    zmin
    {
        type            empty;
    }
    zmax
    {
        type            empty;
    }
}


// ************************************************************************* //
