#Tiempo [fms]     Presion [Atm]
50100 78.2971924426409
50200 78.1716920440229
50300 78.9327015478588
50400 78.5196607062357
50500 78.1560760255249
50600 79.1181352741506
50700 78.8784578664902
50800 78.976287101217
50900 79.0570920415148
51000 80.2852118219997
51100 79.2704815953473
51200 79.8100212879366
51300 79.6899250800438
51400 79.536609832123
51500 80.9427703536841
51600 79.5895305092098
51700 79.3110864998861
51800 79.0839475341735
51900 79.1920100436954
52000 78.2313609997174
52100 77.6725643533861
52200 78.2173294435758
52300 77.848200006449
52400 78.249010820122
52500 78.4553726524369
52600 77.7199167534103
52700 78.7779270265326
52800 78.9151616590924
52900 79.2693486557086
53000 78.8168760535767
53100 78.5655429587574
53200 78.8054383982665
53300 79.4207404337628
53400 79.4626148346919
53500 79.1221876937112
53600 78.1277811736453
53700 78.1895155481855
53800 78.2751944954198
53900 79.1217909437369
54000 77.595827022977
54100 77.8986682179954
54200 77.4333550202904
54300 76.4871983786156
54400 76.8294655148513
54500 76.018777978631
54600 76.5294683785082
54700 77.7576689789817
54800 77.8365586468117
54900 77.8842452239255
55000 77.6865909765149
55100 78.2853388395578
55200 79.1369139543863
55300 78.8663131738613
55400 78.5489026013306
55500 78.902512924528
55600 79.2364822643057
55700 79.4599963957974
55800 78.744773104643
55900 79.7905120731963
56000 78.8472566089379
56100 77.8879714903251
56200 79.3767239661926
56300 78.8417874000269
56400 78.290889139821
56500 78.07305293514
56600 77.2934354073351
56700 76.4736673457952
56800 77.4033802686476
56900 77.3513482416659
57000 76.8995098464492
57100 77.306978262422
57200 77.3730197170238
57300 77.5418672297726
57400 78.7166252069243
57500 77.9154681594669
57600 77.9739805010598
57700 78.6329687774551
57800 78.5918659269727
57900 78.9531704305759
58000 79.3865176691655
58100 79.270797211847
58200 80.5553246801902
58300 78.5933303833662
58400 78.7386803668883
58500 77.8993030609806
58600 78.6330487226928
58700 78.22862421852
58800 77.4675879272229
58900 78.0283719561294
59000 78.1818190733867
59100 77.7895009722091
59200 77.8674134854454
59300 77.8107912639557
59400 78.8974319538357
59500 78.6444558277049
59600 77.9247792104484
59700 77.9408818499372
59800 78.5117673377781
59900 78.6653970743034
60000 79.1280010917119
60100 78.5660688923766
60200 78.7615685739554
60300 78.4695753432212
60400 79.4562828976021
60500 78.7903456185185
60600 78.9935339313968
60700 78.6966892351377
60800 78.2963972685862
60900 78.233788212471
61000 78.2977249803425
61100 79.7023156730723
61200 78.9104880444032
61300 78.7916392173069
61400 77.8844453137586
61500 78.3193873228609
61600 78.1007195431225
61700 77.9262566684839
61800 78.2673722362439
61900 79.1954061698179
62000 78.5197133273552
62100 78.5506124963031
62200 78.3876851664481
62300 78.0521632924523
62400 78.2398741426672
62500 77.5289937465208
62600 78.2634133521513
62700 78.0294313717455
62800 77.9393629929579
62900 78.8059313492132
63000 77.8104255464866
63100 79.1822191204924
63200 79.9433418834367
63300 80.0607788526732
63400 80.2421927953367
63500 79.5164275412651
63600 79.958418791371
63700 79.2801470117949
63800 78.5071503520911
63900 78.273197233767
64000 78.5394819542478
64100 78.0615757652702
64200 77.1197085575387
64300 77.1163281809341
64400 76.5466906184184
64500 77.3289240456576
64600 76.9624061186741
64700 78.546193520276
64800 79.0259588424208
64900 78.3939471372072
65000 79.553769450943
65100 78.504115318126
65200 78.6971435807037
65300 79.3057814931346
65400 79.1204689356408
65500 79.100409023375
65600 79.9038686317621
65700 79.0582725428805
65800 78.8955478992874
65900 79.8042122823688
66000 78.6074996317475
66100 78.3985022505134
66200 77.9137088083737
66300 78.2051448557443
66400 77.3537207416719
66500 78.5538625945876
66600 78.4244748868952
66700 78.1704486481834
66800 78.4346082873853
66900 78.1396436505563
67000 78.5340808237282
67100 78.6550063247832
67200 78.843791289295
67300 78.9447893507044
67400 80.3254535492433
67500 79.7440095309455
67600 79.3854383225198
67700 79.7207666454964
67800 80.1631711842409
67900 79.6580864604158
68000 79.5873414008463
68100 78.5172069899034
68200 78.7021577111241
68300 78.5328343719646
68400 78.0283560872429
68500 77.5117320795044
68600 77.1814842629022
68700 76.9780657383423
68800 77.7344526778297
68900 78.3024166309786
69000 78.1071418210677
69100 77.8872869174872
69200 77.8153893076253
69300 78.5547801880108
69400 78.1201833259468
69500 78.5637485032656
69600 79.4007367557513
69700 79.0266605600874
69800 78.619612869192
69900 78.8056057530873
70000 78.5445028227082
70100 78.6855035546184
70200 78.8601615378271
70300 78.910096050483
70400 79.4816847582978
70500 78.7231033932141
70600 78.4408557838557
70700 78.2672680647466
70800 77.5995508154828
70900 78.1060095105127
71000 77.9791115928053
71100 79.2998881932491
71200 78.1575327542324
71300 77.788329492064
71400 78.7218092340059
71500 78.8615923251668
71600 78.8380945604943
71700 79.2336978965971
71800 79.3883870755753
71900 79.8122478885358
72000 80.522559644201
72100 80.2653211521847
72200 80.2628430661936
72300 80.1922614835376
72400 80.612641290706
72500 79.9688531717705
72600 79.148961087661
72700 77.4263163942234
72800 77.5651833568169
72900 78.6694400203994
73000 77.6089143734189
73100 77.630654726518
73200 77.5854926525531
73300 76.9888855485928
73400 77.7351272566273
73500 77.9036096427785
73600 77.482536084392
73700 78.472490922813
73800 78.4033376501167
73900 78.7273488752608
74000 79.024332595519
74100 80.2227984553276
74200 79.2570800399754
74300 78.5152156300641
74400 79.3570926808147
74500 79.4141444297528
74600 79.3196157614914
74700 79.6862513663895
74800 78.8007923346619
74900 77.6893179560472
75000 77.1248190895855
75100 77.2860316929705
75200 77.2096399372702
75300 76.4130917718385
75400 76.9630103419191
75500 76.519738729316
75600 77.6965953904062
75700 78.1063538791449
75800 77.1653687245721
75900 77.6368665013206
76000 77.8310832163553
76100 79.1732672893464
76200 78.5485367563198
76300 78.2313465144214
76400 79.9520900421623
76500 79.5296021501387
76600 78.9666843450985
76700 80.0368254295043
76800 78.7014872460644
76900 78.3303768312386
77000 78.8595594921451
77100 79.3504853845468
77200 78.774738823885
77300 78.0893819525638
77400 77.6435725242563
77500 76.9543711410622
77600 77.4079320583545
77700 77.3408380686416
77800 77.7633189506136
77900 76.9733762259059
78000 76.2739926587387
78100 75.9497781658623
78200 76.2671100895127
78300 77.8200268152651
78400 78.7500022174434
78500 79.1544143692421
78600 78.4977329377172
78700 78.6095918089337
78800 79.5666510903742
78900 78.8123990791579
79000 79.01620032775
79100 79.150925494665
79200 79.2335284578218
79300 79.4229369111711
79400 78.5025020538518
79500 79.1467272376002
79600 78.4304987351963
79700 77.3865828156277
79800 77.7276163818159
79900 77.4640108561026
80000 77.3254886279381
80100 77.7071252995985
80200 78.7071494744614
80300 78.4650528048304
80400 77.8298090969494
80500 78.4695510732715
80600 78.5629397292963
80700 80.2104903029545
80800 80.1275569371615
80900 79.9813740577148
81000 79.8495613488821
81100 80.2483078523871
81200 79.8710349124798
81300 79.466878979041
81400 78.4783918693456
81500 78.6434257651723
81600 78.8093677099134
81700 77.6830112856908
81800 78.1480447302427
81900 78.7482983461368
82000 77.9231408384997
82100 77.9980127870825
82200 77.8401861316514
82300 77.7801953137925
82400 79.5805051285399
82500 78.7170505718616
82600 77.8945985608609
82700 79.0673015298918
82800 78.7958085543153
82900 78.7609650149624
83000 78.0067320603907
83100 78.3243503633883
83200 78.3903378911209
83300 80.1042841804624
83400 80.4972485418359
83500 79.8380748124575
83600 80.5444287043806
83700 80.5378473894123
83800 80.7186399300494
83900 79.84674151215
84000 79.7789168299914
84100 78.1792975914548
84200 79.1762725192998
84300 77.6678271887464
84400 77.2330197300228
84500 77.1248884417802
84600 77.580737622226
84700 78.5601993364054
84800 78.0020875692949
84900 77.5596460388421
85000 77.644310010966
85100 78.3405437435296
85200 78.4358715959695
85300 78.8730934957654
85400 77.8697759750156
85500 78.8322333503286
85600 78.7645049712176
85700 80.3427252749078
85800 78.9608918367155
85900 79.1412222435465
86000 79.7105622142096
86100 78.6297055064117
86200 78.2420092096917
86300 78.8315152684012
86400 77.8742836833105
86500 77.1973674780401
86600 77.392975797384
86700 77.7028120040608
86800 77.3917259188138
86900 77.1856941518508
87000 77.9332673305186
87100 77.5926420255313
87200 77.7542150446871
87300 78.3409000884285
87400 79.0286662045726
87500 78.3989154487553
87600 78.0478610366603
87700 77.9046019285574
87800 78.95303110873
87900 79.0956187226369
88000 78.8728647105414
88100 78.6715407774738
88200 78.2372155867876
88300 78.3858906669479
88400 79.0113947215056
88500 79.1127514756693
88600 77.8975235048707
88700 78.36167232013
88800 78.0019769803035
88900 76.990939474405
89000 76.4655748973993
89100 76.8204993359811
89200 76.8265238842863
89300 76.8110444738884
89400 77.667188694432
89500 77.2869786489126
89600 77.650129782901
89700 77.7606360291672
89800 78.4680738226832
89900 79.5574377036497
90000 79.0476626409618
90100 79.0726562060045
90200 78.5673566533557
90300 79.132566548005
90400 79.6137438033398
90500 78.8903152121764
90600 79.1422349350022
90700 78.728473473909
90800 78.0079627778419
90900 78.9182322423637
91000 77.9970525496738
91100 78.0205703204749
91200 77.4891030377206
91300 77.5425223943823
91400 77.54443540678
91500 77.74459175705
91600 77.30983067973
91700 77.1861770481577
91800 77.6118647935047
91900 77.9658198270769
92000 79.6758620402487
92100 79.2178459488018
92200 79.6090923147013
92300 79.8634307912107
92400 79.5410723395916
92500 79.9464898423783
92600 79.7667635720098
92700 79.9888911458496
92800 79.4189285928792
92900 79.1952408419631
93000 79.3438243684999
93100 78.5404038021955
93200 77.8955045916327
93300 77.89444385697
93400 78.428729534456
93500 78.3796614339609
93600 78.4516459309334
93700 78.7309818367388
93800 78.0530517277935
93900 78.2415819382244
94000 78.1079130229059
94100 78.2549979536658
94200 78.4634516186529
94300 78.4734447439454
94400 77.7998039603326
94500 79.1646415293967
94600 79.9964777089054
94700 79.5296946796074
94800 80.0758860980717
94900 80.6407501331305
95000 79.9717406616202
95100 79.9204354793286
95200 78.6093554331624
95300 79.5076845278993
95400 79.0171629309221
95500 78.1689608193451
95600 77.5915473198304
95700 77.7579823971685
95800 77.9132552793943
95900 78.3925327352167
96000 78.1066754471536
96100 77.1003049245067
96200 78.2523164776069
96300 78.4101586750015
96400 77.8650774984622
96500 78.1870097481389
96600 78.5126666708955
96700 78.2271974910276
96800 78.5461756386847
96900 79.1656945831436
97000 78.7019251029457
97100 78.9584802625984
97200 78.3501908825034
97300 77.8963187641005
97400 78.5786673102105
97500 78.5449142560285
97600 77.741362407037
97700 77.3350994974388
97800 76.6853293744112
97900 75.9203419374641
98000 76.6349738619607
98100 76.7276040270689
98200 76.0131438081985
98300 77.0970426762412
98400 77.050192333394
98500 77.1831703248408
98600 77.7016596118007
98700 78.0024026367903
98800 77.477683177507
98900 78.3130395976985
99000 78.2443766582454
99100 77.9111161091063
99200 78.4448092945933
99300 79.0482827592051
99400 80.2997672232527
99500 78.8255482904388
99600 79.1809561195505
99700 78.3381610658245
99800 78.7185796249256
99900 77.8381935274365
100000 77.1488922742869
100100 78.0618400643955
100200 77.9290621887317
100300 77.5330127016345
100400 77.8930569512622
100500 77.1391960360189
100600 77.3016230661949
100700 77.4459992312446
100800 77.6056626128962
100900 77.6650128458337
101000 77.7802526312076
101100 78.5167644350025
101200 78.1601206180514
101300 78.4511043783649
101400 79.6919811958449
101500 79.5718467331675
101600 79.155997517811
101700 79.3736614053025
101800 79.3843591823831
101900 79.3609521034513
102000 79.0996003285463
102100 79.343457918773
102200 79.0670577571222
102300 78.9590262573186
102400 78.6130618821277
102500 79.1078248375326
102600 77.8530816591498
102700 77.7542872147247
102800 77.3475699734068
102900 77.9272850154965
103000 77.7964608913997
103100 78.2024711385772
103200 79.0797468679766
103300 79.3319725502554
103400 79.3344926159321
103500 79.6976990359044
103600 81.0268345789491
103700 80.329392508192
103800 80.9286002578591
103900 80.8518038246686
104000 81.41676823888
104100 80.4284335751331
104200 80.7305417466108
104300 79.5796747465152
104400 79.2355725050881
104500 79.5493724885085
104600 79.4417997625972
104700 79.378460814895
104800 79.8967465363947
104900 78.4836897734462
105000 78.4993088065858
105100 77.6262637631399
105200 77.9502892275437
105300 77.3557571304892
105400 77.1696643872021
105500 77.0767500527171
105600 78.0681096987112
105700 78.4088411304918
105800 77.0186083359795
105900 78.6719267253103
106000 78.3584487315549
106100 79.2963528223998
106200 78.7305368377198
106300 78.172417642213
106400 79.5845867756932
106500 79.0183292512399
106600 78.9941912963464
106700 78.7516899506871
106800 79.1486355788908
106900 78.5852374994843
107000 77.9628827295376
107100 77.3975366662631
107200 77.4662728165213
107300 77.7482205046931
107400 76.8194056346516
107500 77.0513801222359
107600 77.1312360125724
107700 78.2105673335927
107800 78.2337670204676
107900 78.2091106227905
108000 78.3838427365145
108100 78.3669047871566
108200 78.3577708069533
108300 78.9496741482099
108400 79.14785232401
108500 79.6403369244719
108600 78.9694531784716
108700 78.8894124847025
108800 79.411700039794
108900 80.2615699939529
109000 79.1597084651815
109100 78.150583581145
109200 78.2956592415167
109300 79.4080441574031
109400 77.2896157569523
109500 78.3487987650039
109600 77.9100311859951
109700 76.2815343503879
109800 75.8413086063903
109900 76.9214903476879
110000 76.5481073256284
110100 76.3118264670567
110200 77.0391396185851
110300 77.7853945863957
110400 78.3647039899158
110500 77.8239136223429
110600 79.0835269953583
110700 79.1377385220511
110800 78.9947154969407
110900 78.7959832927913
111000 78.7522191916145
111100 78.8269971062812
111200 78.9315842433806
111300 79.2728893608708
111400 78.6552525569933
111500 77.8736644862329
111600 78.0368290596971
111700 78.3768281219851
111800 77.276717201524
111900 77.5260082877087
112000 77.5216765749413
112100 77.9576180574395
112200 77.7174920829258
112300 78.2815821493034
112400 77.9300056435823
112500 77.5825895433576
112600 79.0474735300342
112700 79.0787007460305
112800 79.6746746411436
112900 80.2818113245559
113000 79.7353636402148
113100 80.0800392584844
113200 79.0111484934326
113300 78.7190750026623
113400 78.7627266969884
113500 79.7438647875796
113600 78.937543379714
113700 78.1159498858051
113800 77.8470743927465
113900 78.2822493484111
114000 78.6778514163382
114100 79.4339382721317
114200 78.5242012950186
114300 79.0973226806962
114400 78.8486826624402
114500 78.6525426785754
114600 77.9722264245481
114700 77.7238817100046
114800 78.0919849169966
114900 78.6170908204077
115000 78.4653522580677
115100 78.803031519169
115200 79.7384222780944
115300 79.4873950031823
115400 79.3060999932613
115500 80.4723528640162
115600 78.5047276068665
115700 79.663746887749
115800 79.736688681404
115900 78.9788255610581
116000 79.1354604328331
116100 78.6114236643784
116200 77.6717512035991
116300 78.3335006381247
116400 77.4344869202531
116500 78.4459819894285
116600 77.6396379644909
116700 77.5620087195926
116800 78.4006929906866
116900 78.535684618975
117000 78.0605790219091
117100 77.4456439319348
117200 77.8254279240152
117300 77.6549338214886
117400 79.3601600027254
117500 79.0515014975269
117600 79.5410513147834
117700 79.7495606546314
117800 79.5622252916668
117900 79.2799815077727
118000 79.407186007046
118100 80.3420936077012
118200 79.2145213618369
118300 77.9517384540311
118400 78.7444715011466
118500 78.1692549559404
118600 78.2440518370827
118700 78.1880184207114
118800 77.3705716163117
118900 77.6328288909184
119000 77.8673770415596
119100 77.3647802709066
119200 78.2430840503292
119300 78.2390266158712
119400 77.6226938651137
119500 77.8809303686368
119600 77.9719963880964
119700 78.7782836194645
119800 78.2454954645714
119900 78.5831492079123
120000 78.3347467054537
120100 78.9016633493561
120200 79.0639694267749
120300 79.1911938747634
120400 79.8351755250923
120500 79.6883890115944
120600 78.4974542729926
120700 78.3382945183531
120800 78.3627448234007
120900 78.0403150202588
121000 76.9796842907288
121100 77.2729011881058
121200 77.5008743507263
121300 77.649366783178
121400 77.3445946349219
121500 77.8701753290437
121600 77.275326394004
121700 79.4828414119354
121800 78.9054549958158
121900 79.2832331876727
122000 79.2694692899423
122100 79.874187328196
122200 79.5488152638997
122300 79.1406547723628
122400 78.5312203754594
122500 79.177185057514
122600 78.1366383154746
122700 78.3973369261832
122800 78.754078423232
122900 78.65677420044
123000 78.2081050978324
123100 77.3630107949267
123200 77.7508369029368
123300 77.5188864263411
123400 77.862470385417
123500 78.9798146582218
123600 77.5159330986647
123700 77.1257800687046
123800 78.5686335163419
123900 78.6309140414174
124000 78.4937302865187
124100 79.1625670946921
124200 78.7998831423814
124300 79.4401001055554
124400 78.2233169547725
124500 78.5397887346196
124600 78.4688752301341
124700 78.3696647337107
124800 78.0696984132648
124900 77.6298007225708
125000 78.0113671026267
125100 77.5006648603608
125200 77.4569526494175
125300 77.7553629071847
125400 76.9024839600209
125500 77.3311578154575
125600 76.6382065313004
125700 77.9694141956959
125800 77.0727905338016
125900 77.8162470288405
126000 78.6650901886647
126100 79.0335553319473
126200 80.3290760184185
126300 78.7604048383481
126400 79.047203633383
126500 79.4565110004793
126600 79.7261628643852
126700 79.7617170879024
126800 78.5657421254309
126900 78.6491855439835
127000 79.3799970684147
127100 79.5609778350257
127200 78.4561565502906
127300 77.4197682052552
127400 77.0740294111974
127500 77.4214171573808
127600 76.9781269639287
127700 78.4395292481456
127800 78.227258585259
127900 77.855160721829
128000 77.3251931777586
128100 78.883449156033
128200 79.5602329007872
128300 79.1191268600386
128400 78.9619879748179
128500 80.3028454421807
128600 80.0236198724472
128700 80.5188070613091
128800 79.8267877438777
128900 79.7394226035818
129000 78.7533937967389
129100 77.8389323386536
129200 77.9364285660839
129300 78.037531023763
129400 77.4358926147302
129500 77.6609158156594
129600 77.4648558553221
129700 77.1426548211656
129800 78.2312815829264
129900 77.9497391072593
130000 77.4840916355307
130100 77.718847308316
130200 80.2575300373086
130300 77.9042681808154
130400 78.033328432654
130500 78.1456017733964
130600 79.2867723843132
130700 79.5820981235573
130800 79.4500138278582
130900 79.5991710738777
131000 79.2360586129752
131100 80.5239612072401
131200 80.3569393117052
131300 79.365687961687
131400 78.8987704644289
131500 79.2877913326783
131600 79.0670998531011
131700 79.6667374684642
131800 77.9661678235822
131900 78.5323040463507
132000 77.307600447193
132100 78.4993004831563
132200 78.0212782714347
132300 77.645441810383
132400 78.2071579323313
132500 77.7132265283395
132600 78.1875913759742
132700 79.3484081251708
132800 79.5818042877927
132900 80.6057142109491
133000 80.1115604854004
133100 79.1352786707571
133200 79.1245935161782
133300 78.7677956866404
133400 79.5079138475349
133500 78.0473954717374
133600 78.7214277744839
133700 77.3805575967067
133800 77.6000107641956
133900 77.4401722721501
134000 76.9185131320137
134100 77.2868965094364
134200 77.9882522858161
134300 77.3678223119556
134400 77.0832137041203
134500 77.1959934983957
134600 77.5560920869031
134700 77.6698324805667
134800 78.3600770739971
134900 78.8084025076873
135000 78.925776471312
135100 78.399020657739
135200 78.5996541050858
135300 78.453283407857
135400 78.4411695617565
135500 78.6879788181508
135600 79.0169810519515
135700 79.0755994969211
135800 78.9628686369177
135900 79.3318715144155
136000 78.7249060828973
136100 78.5019675461713
136200 78.0805301554473
136300 77.8521520091293
136400 78.4261356723472
136500 78.1050613009438
136600 79.1706175865755
136700 78.0776286985592
136800 78.836597955604
136900 78.8129454789981
137000 77.8528394550137
137100 77.9900791715931
137200 77.518779203527
137300 78.0360607000822
137400 78.4921667845147
137500 78.5042970677958
137600 77.9045814725569
137700 78.4412863716292
137800 80.3042269515329
137900 79.9553495763811
138000 78.7774720482431
138100 79.6821095475542
138200 79.6992691549197
138300 79.9365139350289
138400 79.8707599137399
138500 79.3152571827031
138600 77.8829129319136
138700 78.1177912556554
138800 77.3945574261212
138900 77.0501498665204
139000 76.4673039551052
139100 77.8838986467244
139200 78.7631001398843
139300 78.9148480640594
139400 77.5409600430648
139500 78.2049715494262
139600 78.7402016147141
139700 78.8758214820536
139800 79.1538849089226
139900 78.1471051109611
140000 79.3972584116415
140100 79.5071392847923
140200 78.5794879056383
140300 78.0872158222789
140400 78.432025925734
140500 78.3885312571729
140600 79.4955147751093
140700 78.2818983352991
140800 77.9144323547814
140900 78.637963832704
141000 78.4964994718403
141100 78.4582454860624
141200 77.2945055379092
141300 77.3680499560272
141400 77.0452363712236
141500 76.2032650722469
141600 76.5434917742992
141700 75.9119481513641
141800 76.507054492456
141900 76.4843904811396
142000 76.9890501257735
142100 76.8800616811718
142200 78.2014676342532
142300 77.3837497733639
142400 78.484574217141
142500 79.2320353844128
142600 78.6127207766158
142700 78.9144635925389
142800 78.391444833067
142900 79.1713361907167
143000 78.9371357298896
143100 78.4011435240259
143200 78.297128816119
143300 78.1684823117274
143400 78.3537426191751
143500 78.5263609261054
143600 77.6087975132339
143700 77.8024132212069
143800 77.5799607121994
143900 76.8752287072189
144000 78.0132790663261
144100 78.0641988782693
144200 78.3158856954919
144300 78.4020821647057
144400 79.3871504584348
144500 79.3784250893439
144600 79.8677070904355
144700 80.1551184155342
144800 78.9601863659067
144900 78.9458070583958
145000 80.1608196285226
145100 78.7245315281414
145200 79.6454583633095
145300 78.9669580091498
145400 78.9974288110961
145500 79.2700854957306
145600 77.7223012990941
145700 78.0942309986481
145800 78.4094037075174
145900 78.6883974475777
146000 78.365449635593
146100 79.7309525828442
146200 78.2106348261089
146300 77.3935865216456
146400 78.1257109790345
146500 78.5024626208626
146600 78.0330166324417
146700 77.8220409992105
146800 78.4306780248473
146900 78.4770364531383
147000 78.9095230033815
147100 79.3013673546903
147200 79.0937817758417
147300 78.3811509130492
147400 78.2204701446201
147500 78.3806070804986
147600 78.3395572168215
147700 78.1802833603652
147800 77.9440788230387
147900 78.2660883892246
148000 77.4347677606802
148100 77.3840401213843
148200 77.0170147649432
148300 77.1321987956192
148400 77.1684806159167
148500 76.9294224098621
148600 77.4156581242138
148700 78.1271476394505
148800 79.4922357811711
148900 78.5153213474882
149000 78.5735816817006
149100 80.3667524843352
149200 80.1827704655667
149300 80.3436468673261
149400 79.6135797145264
149500 80.1455715748956
149600 79.6722971604757
149700 79.321803797171
149800 78.046757168614
149900 78.1387364433021
150000 78.1716029249464
