#Tiempo [fms]    VolumenMolar [lts/mol]
50100 0.536613054132324
50200 0.536613054132324
50300 0.536613054132324
50400 0.536613054132324
50500 0.536613054132324
50600 0.536613054132324
50700 0.536613054132324
50800 0.536613054132324
50900 0.536613054132324
51000 0.536613054132324
51100 0.536613054132324
51200 0.536613054132324
51300 0.536613054132324
51400 0.536613054132324
51500 0.536613054132324
51600 0.536613054132324
51700 0.536613054132324
51800 0.536613054132324
51900 0.536613054132324
52000 0.536613054132324
52100 0.536613054132324
52200 0.536613054132324
52300 0.536613054132324
52400 0.536613054132324
52500 0.536613054132324
52600 0.536613054132324
52700 0.536613054132324
52800 0.536613054132324
52900 0.536613054132324
53000 0.536613054132324
53100 0.536613054132324
53200 0.536613054132324
53300 0.536613054132324
53400 0.536613054132324
53500 0.536613054132324
53600 0.536613054132324
53700 0.536613054132324
53800 0.536613054132324
53900 0.536613054132324
54000 0.536613054132324
54100 0.536613054132324
54200 0.536613054132324
54300 0.536613054132324
54400 0.536613054132324
54500 0.536613054132324
54600 0.536613054132324
54700 0.536613054132324
54800 0.536613054132324
54900 0.536613054132324
55000 0.536613054132324
55100 0.536613054132324
55200 0.536613054132324
55300 0.536613054132324
55400 0.536613054132324
55500 0.536613054132324
55600 0.536613054132324
55700 0.536613054132324
55800 0.536613054132324
55900 0.536613054132324
56000 0.536613054132324
56100 0.536613054132324
56200 0.536613054132324
56300 0.536613054132324
56400 0.536613054132324
56500 0.536613054132324
56600 0.536613054132324
56700 0.536613054132324
56800 0.536613054132324
56900 0.536613054132324
57000 0.536613054132324
57100 0.536613054132324
57200 0.536613054132324
57300 0.536613054132324
57400 0.536613054132324
57500 0.536613054132324
57600 0.536613054132324
57700 0.536613054132324
57800 0.536613054132324
57900 0.536613054132324
58000 0.536613054132324
58100 0.536613054132324
58200 0.536613054132324
58300 0.536613054132324
58400 0.536613054132324
58500 0.536613054132324
58600 0.536613054132324
58700 0.536613054132324
58800 0.536613054132324
58900 0.536613054132324
59000 0.536613054132324
59100 0.536613054132324
59200 0.536613054132324
59300 0.536613054132324
59400 0.536613054132324
59500 0.536613054132324
59600 0.536613054132324
59700 0.536613054132324
59800 0.536613054132324
59900 0.536613054132324
60000 0.536613054132324
60100 0.536613054132324
60200 0.536613054132324
60300 0.536613054132324
60400 0.536613054132324
60500 0.536613054132324
60600 0.536613054132324
60700 0.536613054132324
60800 0.536613054132324
60900 0.536613054132324
61000 0.536613054132324
61100 0.536613054132324
61200 0.536613054132324
61300 0.536613054132324
61400 0.536613054132324
61500 0.536613054132324
61600 0.536613054132324
61700 0.536613054132324
61800 0.536613054132324
61900 0.536613054132324
62000 0.536613054132324
62100 0.536613054132324
62200 0.536613054132324
62300 0.536613054132324
62400 0.536613054132324
62500 0.536613054132324
62600 0.536613054132324
62700 0.536613054132324
62800 0.536613054132324
62900 0.536613054132324
63000 0.536613054132324
63100 0.536613054132324
63200 0.536613054132324
63300 0.536613054132324
63400 0.536613054132324
63500 0.536613054132324
63600 0.536613054132324
63700 0.536613054132324
63800 0.536613054132324
63900 0.536613054132324
64000 0.536613054132324
64100 0.536613054132324
64200 0.536613054132324
64300 0.536613054132324
64400 0.536613054132324
64500 0.536613054132324
64600 0.536613054132324
64700 0.536613054132324
64800 0.536613054132324
64900 0.536613054132324
65000 0.536613054132324
65100 0.536613054132324
65200 0.536613054132324
65300 0.536613054132324
65400 0.536613054132324
65500 0.536613054132324
65600 0.536613054132324
65700 0.536613054132324
65800 0.536613054132324
65900 0.536613054132324
66000 0.536613054132324
66100 0.536613054132324
66200 0.536613054132324
66300 0.536613054132324
66400 0.536613054132324
66500 0.536613054132324
66600 0.536613054132324
66700 0.536613054132324
66800 0.536613054132324
66900 0.536613054132324
67000 0.536613054132324
67100 0.536613054132324
67200 0.536613054132324
67300 0.536613054132324
67400 0.536613054132324
67500 0.536613054132324
67600 0.536613054132324
67700 0.536613054132324
67800 0.536613054132324
67900 0.536613054132324
68000 0.536613054132324
68100 0.536613054132324
68200 0.536613054132324
68300 0.536613054132324
68400 0.536613054132324
68500 0.536613054132324
68600 0.536613054132324
68700 0.536613054132324
68800 0.536613054132324
68900 0.536613054132324
69000 0.536613054132324
69100 0.536613054132324
69200 0.536613054132324
69300 0.536613054132324
69400 0.536613054132324
69500 0.536613054132324
69600 0.536613054132324
69700 0.536613054132324
69800 0.536613054132324
69900 0.536613054132324
70000 0.536613054132324
70100 0.536613054132324
70200 0.536613054132324
70300 0.536613054132324
70400 0.536613054132324
70500 0.536613054132324
70600 0.536613054132324
70700 0.536613054132324
70800 0.536613054132324
70900 0.536613054132324
71000 0.536613054132324
71100 0.536613054132324
71200 0.536613054132324
71300 0.536613054132324
71400 0.536613054132324
71500 0.536613054132324
71600 0.536613054132324
71700 0.536613054132324
71800 0.536613054132324
71900 0.536613054132324
72000 0.536613054132324
72100 0.536613054132324
72200 0.536613054132324
72300 0.536613054132324
72400 0.536613054132324
72500 0.536613054132324
72600 0.536613054132324
72700 0.536613054132324
72800 0.536613054132324
72900 0.536613054132324
73000 0.536613054132324
73100 0.536613054132324
73200 0.536613054132324
73300 0.536613054132324
73400 0.536613054132324
73500 0.536613054132324
73600 0.536613054132324
73700 0.536613054132324
73800 0.536613054132324
73900 0.536613054132324
74000 0.536613054132324
74100 0.536613054132324
74200 0.536613054132324
74300 0.536613054132324
74400 0.536613054132324
74500 0.536613054132324
74600 0.536613054132324
74700 0.536613054132324
74800 0.536613054132324
74900 0.536613054132324
75000 0.536613054132324
75100 0.536613054132324
75200 0.536613054132324
75300 0.536613054132324
75400 0.536613054132324
75500 0.536613054132324
75600 0.536613054132324
75700 0.536613054132324
75800 0.536613054132324
75900 0.536613054132324
76000 0.536613054132324
76100 0.536613054132324
76200 0.536613054132324
76300 0.536613054132324
76400 0.536613054132324
76500 0.536613054132324
76600 0.536613054132324
76700 0.536613054132324
76800 0.536613054132324
76900 0.536613054132324
77000 0.536613054132324
77100 0.536613054132324
77200 0.536613054132324
77300 0.536613054132324
77400 0.536613054132324
77500 0.536613054132324
77600 0.536613054132324
77700 0.536613054132324
77800 0.536613054132324
77900 0.536613054132324
78000 0.536613054132324
78100 0.536613054132324
78200 0.536613054132324
78300 0.536613054132324
78400 0.536613054132324
78500 0.536613054132324
78600 0.536613054132324
78700 0.536613054132324
78800 0.536613054132324
78900 0.536613054132324
79000 0.536613054132324
79100 0.536613054132324
79200 0.536613054132324
79300 0.536613054132324
79400 0.536613054132324
79500 0.536613054132324
79600 0.536613054132324
79700 0.536613054132324
79800 0.536613054132324
79900 0.536613054132324
80000 0.536613054132324
80100 0.536613054132324
80200 0.536613054132324
80300 0.536613054132324
80400 0.536613054132324
80500 0.536613054132324
80600 0.536613054132324
80700 0.536613054132324
80800 0.536613054132324
80900 0.536613054132324
81000 0.536613054132324
81100 0.536613054132324
81200 0.536613054132324
81300 0.536613054132324
81400 0.536613054132324
81500 0.536613054132324
81600 0.536613054132324
81700 0.536613054132324
81800 0.536613054132324
81900 0.536613054132324
82000 0.536613054132324
82100 0.536613054132324
82200 0.536613054132324
82300 0.536613054132324
82400 0.536613054132324
82500 0.536613054132324
82600 0.536613054132324
82700 0.536613054132324
82800 0.536613054132324
82900 0.536613054132324
83000 0.536613054132324
83100 0.536613054132324
83200 0.536613054132324
83300 0.536613054132324
83400 0.536613054132324
83500 0.536613054132324
83600 0.536613054132324
83700 0.536613054132324
83800 0.536613054132324
83900 0.536613054132324
84000 0.536613054132324
84100 0.536613054132324
84200 0.536613054132324
84300 0.536613054132324
84400 0.536613054132324
84500 0.536613054132324
84600 0.536613054132324
84700 0.536613054132324
84800 0.536613054132324
84900 0.536613054132324
85000 0.536613054132324
85100 0.536613054132324
85200 0.536613054132324
85300 0.536613054132324
85400 0.536613054132324
85500 0.536613054132324
85600 0.536613054132324
85700 0.536613054132324
85800 0.536613054132324
85900 0.536613054132324
86000 0.536613054132324
86100 0.536613054132324
86200 0.536613054132324
86300 0.536613054132324
86400 0.536613054132324
86500 0.536613054132324
86600 0.536613054132324
86700 0.536613054132324
86800 0.536613054132324
86900 0.536613054132324
87000 0.536613054132324
87100 0.536613054132324
87200 0.536613054132324
87300 0.536613054132324
87400 0.536613054132324
87500 0.536613054132324
87600 0.536613054132324
87700 0.536613054132324
87800 0.536613054132324
87900 0.536613054132324
88000 0.536613054132324
88100 0.536613054132324
88200 0.536613054132324
88300 0.536613054132324
88400 0.536613054132324
88500 0.536613054132324
88600 0.536613054132324
88700 0.536613054132324
88800 0.536613054132324
88900 0.536613054132324
89000 0.536613054132324
89100 0.536613054132324
89200 0.536613054132324
89300 0.536613054132324
89400 0.536613054132324
89500 0.536613054132324
89600 0.536613054132324
89700 0.536613054132324
89800 0.536613054132324
89900 0.536613054132324
90000 0.536613054132324
90100 0.536613054132324
90200 0.536613054132324
90300 0.536613054132324
90400 0.536613054132324
90500 0.536613054132324
90600 0.536613054132324
90700 0.536613054132324
90800 0.536613054132324
90900 0.536613054132324
91000 0.536613054132324
91100 0.536613054132324
91200 0.536613054132324
91300 0.536613054132324
91400 0.536613054132324
91500 0.536613054132324
91600 0.536613054132324
91700 0.536613054132324
91800 0.536613054132324
91900 0.536613054132324
92000 0.536613054132324
92100 0.536613054132324
92200 0.536613054132324
92300 0.536613054132324
92400 0.536613054132324
92500 0.536613054132324
92600 0.536613054132324
92700 0.536613054132324
92800 0.536613054132324
92900 0.536613054132324
93000 0.536613054132324
93100 0.536613054132324
93200 0.536613054132324
93300 0.536613054132324
93400 0.536613054132324
93500 0.536613054132324
93600 0.536613054132324
93700 0.536613054132324
93800 0.536613054132324
93900 0.536613054132324
94000 0.536613054132324
94100 0.536613054132324
94200 0.536613054132324
94300 0.536613054132324
94400 0.536613054132324
94500 0.536613054132324
94600 0.536613054132324
94700 0.536613054132324
94800 0.536613054132324
94900 0.536613054132324
95000 0.536613054132324
95100 0.536613054132324
95200 0.536613054132324
95300 0.536613054132324
95400 0.536613054132324
95500 0.536613054132324
95600 0.536613054132324
95700 0.536613054132324
95800 0.536613054132324
95900 0.536613054132324
96000 0.536613054132324
96100 0.536613054132324
96200 0.536613054132324
96300 0.536613054132324
96400 0.536613054132324
96500 0.536613054132324
96600 0.536613054132324
96700 0.536613054132324
96800 0.536613054132324
96900 0.536613054132324
97000 0.536613054132324
97100 0.536613054132324
97200 0.536613054132324
97300 0.536613054132324
97400 0.536613054132324
97500 0.536613054132324
97600 0.536613054132324
97700 0.536613054132324
97800 0.536613054132324
97900 0.536613054132324
98000 0.536613054132324
98100 0.536613054132324
98200 0.536613054132324
98300 0.536613054132324
98400 0.536613054132324
98500 0.536613054132324
98600 0.536613054132324
98700 0.536613054132324
98800 0.536613054132324
98900 0.536613054132324
99000 0.536613054132324
99100 0.536613054132324
99200 0.536613054132324
99300 0.536613054132324
99400 0.536613054132324
99500 0.536613054132324
99600 0.536613054132324
99700 0.536613054132324
99800 0.536613054132324
99900 0.536613054132324
100000 0.536613054132324
100100 0.536613054132324
100200 0.536613054132324
100300 0.536613054132324
100400 0.536613054132324
100500 0.536613054132324
100600 0.536613054132324
100700 0.536613054132324
100800 0.536613054132324
100900 0.536613054132324
101000 0.536613054132324
101100 0.536613054132324
101200 0.536613054132324
101300 0.536613054132324
101400 0.536613054132324
101500 0.536613054132324
101600 0.536613054132324
101700 0.536613054132324
101800 0.536613054132324
101900 0.536613054132324
102000 0.536613054132324
102100 0.536613054132324
102200 0.536613054132324
102300 0.536613054132324
102400 0.536613054132324
102500 0.536613054132324
102600 0.536613054132324
102700 0.536613054132324
102800 0.536613054132324
102900 0.536613054132324
103000 0.536613054132324
103100 0.536613054132324
103200 0.536613054132324
103300 0.536613054132324
103400 0.536613054132324
103500 0.536613054132324
103600 0.536613054132324
103700 0.536613054132324
103800 0.536613054132324
103900 0.536613054132324
104000 0.536613054132324
104100 0.536613054132324
104200 0.536613054132324
104300 0.536613054132324
104400 0.536613054132324
104500 0.536613054132324
104600 0.536613054132324
104700 0.536613054132324
104800 0.536613054132324
104900 0.536613054132324
105000 0.536613054132324
105100 0.536613054132324
105200 0.536613054132324
105300 0.536613054132324
105400 0.536613054132324
105500 0.536613054132324
105600 0.536613054132324
105700 0.536613054132324
105800 0.536613054132324
105900 0.536613054132324
106000 0.536613054132324
106100 0.536613054132324
106200 0.536613054132324
106300 0.536613054132324
106400 0.536613054132324
106500 0.536613054132324
106600 0.536613054132324
106700 0.536613054132324
106800 0.536613054132324
106900 0.536613054132324
107000 0.536613054132324
107100 0.536613054132324
107200 0.536613054132324
107300 0.536613054132324
107400 0.536613054132324
107500 0.536613054132324
107600 0.536613054132324
107700 0.536613054132324
107800 0.536613054132324
107900 0.536613054132324
108000 0.536613054132324
108100 0.536613054132324
108200 0.536613054132324
108300 0.536613054132324
108400 0.536613054132324
108500 0.536613054132324
108600 0.536613054132324
108700 0.536613054132324
108800 0.536613054132324
108900 0.536613054132324
109000 0.536613054132324
109100 0.536613054132324
109200 0.536613054132324
109300 0.536613054132324
109400 0.536613054132324
109500 0.536613054132324
109600 0.536613054132324
109700 0.536613054132324
109800 0.536613054132324
109900 0.536613054132324
110000 0.536613054132324
110100 0.536613054132324
110200 0.536613054132324
110300 0.536613054132324
110400 0.536613054132324
110500 0.536613054132324
110600 0.536613054132324
110700 0.536613054132324
110800 0.536613054132324
110900 0.536613054132324
111000 0.536613054132324
111100 0.536613054132324
111200 0.536613054132324
111300 0.536613054132324
111400 0.536613054132324
111500 0.536613054132324
111600 0.536613054132324
111700 0.536613054132324
111800 0.536613054132324
111900 0.536613054132324
112000 0.536613054132324
112100 0.536613054132324
112200 0.536613054132324
112300 0.536613054132324
112400 0.536613054132324
112500 0.536613054132324
112600 0.536613054132324
112700 0.536613054132324
112800 0.536613054132324
112900 0.536613054132324
113000 0.536613054132324
113100 0.536613054132324
113200 0.536613054132324
113300 0.536613054132324
113400 0.536613054132324
113500 0.536613054132324
113600 0.536613054132324
113700 0.536613054132324
113800 0.536613054132324
113900 0.536613054132324
114000 0.536613054132324
114100 0.536613054132324
114200 0.536613054132324
114300 0.536613054132324
114400 0.536613054132324
114500 0.536613054132324
114600 0.536613054132324
114700 0.536613054132324
114800 0.536613054132324
114900 0.536613054132324
115000 0.536613054132324
115100 0.536613054132324
115200 0.536613054132324
115300 0.536613054132324
115400 0.536613054132324
115500 0.536613054132324
115600 0.536613054132324
115700 0.536613054132324
115800 0.536613054132324
115900 0.536613054132324
116000 0.536613054132324
116100 0.536613054132324
116200 0.536613054132324
116300 0.536613054132324
116400 0.536613054132324
116500 0.536613054132324
116600 0.536613054132324
116700 0.536613054132324
116800 0.536613054132324
116900 0.536613054132324
117000 0.536613054132324
117100 0.536613054132324
117200 0.536613054132324
117300 0.536613054132324
117400 0.536613054132324
117500 0.536613054132324
117600 0.536613054132324
117700 0.536613054132324
117800 0.536613054132324
117900 0.536613054132324
118000 0.536613054132324
118100 0.536613054132324
118200 0.536613054132324
118300 0.536613054132324
118400 0.536613054132324
118500 0.536613054132324
118600 0.536613054132324
118700 0.536613054132324
118800 0.536613054132324
118900 0.536613054132324
119000 0.536613054132324
119100 0.536613054132324
119200 0.536613054132324
119300 0.536613054132324
119400 0.536613054132324
119500 0.536613054132324
119600 0.536613054132324
119700 0.536613054132324
119800 0.536613054132324
119900 0.536613054132324
120000 0.536613054132324
120100 0.536613054132324
120200 0.536613054132324
120300 0.536613054132324
120400 0.536613054132324
120500 0.536613054132324
120600 0.536613054132324
120700 0.536613054132324
120800 0.536613054132324
120900 0.536613054132324
121000 0.536613054132324
121100 0.536613054132324
121200 0.536613054132324
121300 0.536613054132324
121400 0.536613054132324
121500 0.536613054132324
121600 0.536613054132324
121700 0.536613054132324
121800 0.536613054132324
121900 0.536613054132324
122000 0.536613054132324
122100 0.536613054132324
122200 0.536613054132324
122300 0.536613054132324
122400 0.536613054132324
122500 0.536613054132324
122600 0.536613054132324
122700 0.536613054132324
122800 0.536613054132324
122900 0.536613054132324
123000 0.536613054132324
123100 0.536613054132324
123200 0.536613054132324
123300 0.536613054132324
123400 0.536613054132324
123500 0.536613054132324
123600 0.536613054132324
123700 0.536613054132324
123800 0.536613054132324
123900 0.536613054132324
124000 0.536613054132324
124100 0.536613054132324
124200 0.536613054132324
124300 0.536613054132324
124400 0.536613054132324
124500 0.536613054132324
124600 0.536613054132324
124700 0.536613054132324
124800 0.536613054132324
124900 0.536613054132324
125000 0.536613054132324
125100 0.536613054132324
125200 0.536613054132324
125300 0.536613054132324
125400 0.536613054132324
125500 0.536613054132324
125600 0.536613054132324
125700 0.536613054132324
125800 0.536613054132324
125900 0.536613054132324
126000 0.536613054132324
126100 0.536613054132324
126200 0.536613054132324
126300 0.536613054132324
126400 0.536613054132324
126500 0.536613054132324
126600 0.536613054132324
126700 0.536613054132324
126800 0.536613054132324
126900 0.536613054132324
127000 0.536613054132324
127100 0.536613054132324
127200 0.536613054132324
127300 0.536613054132324
127400 0.536613054132324
127500 0.536613054132324
127600 0.536613054132324
127700 0.536613054132324
127800 0.536613054132324
127900 0.536613054132324
128000 0.536613054132324
128100 0.536613054132324
128200 0.536613054132324
128300 0.536613054132324
128400 0.536613054132324
128500 0.536613054132324
128600 0.536613054132324
128700 0.536613054132324
128800 0.536613054132324
128900 0.536613054132324
129000 0.536613054132324
129100 0.536613054132324
129200 0.536613054132324
129300 0.536613054132324
129400 0.536613054132324
129500 0.536613054132324
129600 0.536613054132324
129700 0.536613054132324
129800 0.536613054132324
129900 0.536613054132324
130000 0.536613054132324
130100 0.536613054132324
130200 0.536613054132324
130300 0.536613054132324
130400 0.536613054132324
130500 0.536613054132324
130600 0.536613054132324
130700 0.536613054132324
130800 0.536613054132324
130900 0.536613054132324
131000 0.536613054132324
131100 0.536613054132324
131200 0.536613054132324
131300 0.536613054132324
131400 0.536613054132324
131500 0.536613054132324
131600 0.536613054132324
131700 0.536613054132324
131800 0.536613054132324
131900 0.536613054132324
132000 0.536613054132324
132100 0.536613054132324
132200 0.536613054132324
132300 0.536613054132324
132400 0.536613054132324
132500 0.536613054132324
132600 0.536613054132324
132700 0.536613054132324
132800 0.536613054132324
132900 0.536613054132324
133000 0.536613054132324
133100 0.536613054132324
133200 0.536613054132324
133300 0.536613054132324
133400 0.536613054132324
133500 0.536613054132324
133600 0.536613054132324
133700 0.536613054132324
133800 0.536613054132324
133900 0.536613054132324
134000 0.536613054132324
134100 0.536613054132324
134200 0.536613054132324
134300 0.536613054132324
134400 0.536613054132324
134500 0.536613054132324
134600 0.536613054132324
134700 0.536613054132324
134800 0.536613054132324
134900 0.536613054132324
135000 0.536613054132324
135100 0.536613054132324
135200 0.536613054132324
135300 0.536613054132324
135400 0.536613054132324
135500 0.536613054132324
135600 0.536613054132324
135700 0.536613054132324
135800 0.536613054132324
135900 0.536613054132324
136000 0.536613054132324
136100 0.536613054132324
136200 0.536613054132324
136300 0.536613054132324
136400 0.536613054132324
136500 0.536613054132324
136600 0.536613054132324
136700 0.536613054132324
136800 0.536613054132324
136900 0.536613054132324
137000 0.536613054132324
137100 0.536613054132324
137200 0.536613054132324
137300 0.536613054132324
137400 0.536613054132324
137500 0.536613054132324
137600 0.536613054132324
137700 0.536613054132324
137800 0.536613054132324
137900 0.536613054132324
138000 0.536613054132324
138100 0.536613054132324
138200 0.536613054132324
138300 0.536613054132324
138400 0.536613054132324
138500 0.536613054132324
138600 0.536613054132324
138700 0.536613054132324
138800 0.536613054132324
138900 0.536613054132324
139000 0.536613054132324
139100 0.536613054132324
139200 0.536613054132324
139300 0.536613054132324
139400 0.536613054132324
139500 0.536613054132324
139600 0.536613054132324
139700 0.536613054132324
139800 0.536613054132324
139900 0.536613054132324
140000 0.536613054132324
140100 0.536613054132324
140200 0.536613054132324
140300 0.536613054132324
140400 0.536613054132324
140500 0.536613054132324
140600 0.536613054132324
140700 0.536613054132324
140800 0.536613054132324
140900 0.536613054132324
141000 0.536613054132324
141100 0.536613054132324
141200 0.536613054132324
141300 0.536613054132324
141400 0.536613054132324
141500 0.536613054132324
141600 0.536613054132324
141700 0.536613054132324
141800 0.536613054132324
141900 0.536613054132324
142000 0.536613054132324
142100 0.536613054132324
142200 0.536613054132324
142300 0.536613054132324
142400 0.536613054132324
142500 0.536613054132324
142600 0.536613054132324
142700 0.536613054132324
142800 0.536613054132324
142900 0.536613054132324
143000 0.536613054132324
143100 0.536613054132324
143200 0.536613054132324
143300 0.536613054132324
143400 0.536613054132324
143500 0.536613054132324
143600 0.536613054132324
143700 0.536613054132324
143800 0.536613054132324
143900 0.536613054132324
144000 0.536613054132324
144100 0.536613054132324
144200 0.536613054132324
144300 0.536613054132324
144400 0.536613054132324
144500 0.536613054132324
144600 0.536613054132324
144700 0.536613054132324
144800 0.536613054132324
144900 0.536613054132324
145000 0.536613054132324
145100 0.536613054132324
145200 0.536613054132324
145300 0.536613054132324
145400 0.536613054132324
145500 0.536613054132324
145600 0.536613054132324
145700 0.536613054132324
145800 0.536613054132324
145900 0.536613054132324
146000 0.536613054132324
146100 0.536613054132324
146200 0.536613054132324
146300 0.536613054132324
146400 0.536613054132324
146500 0.536613054132324
146600 0.536613054132324
146700 0.536613054132324
146800 0.536613054132324
146900 0.536613054132324
147000 0.536613054132324
147100 0.536613054132324
147200 0.536613054132324
147300 0.536613054132324
147400 0.536613054132324
147500 0.536613054132324
147600 0.536613054132324
147700 0.536613054132324
147800 0.536613054132324
147900 0.536613054132324
148000 0.536613054132324
148100 0.536613054132324
148200 0.536613054132324
148300 0.536613054132324
148400 0.536613054132324
148500 0.536613054132324
148600 0.536613054132324
148700 0.536613054132324
148800 0.536613054132324
148900 0.536613054132324
149000 0.536613054132324
149100 0.536613054132324
149200 0.536613054132324
149300 0.536613054132324
149400 0.536613054132324
149500 0.536613054132324
149600 0.536613054132324
149700 0.536613054132324
149800 0.536613054132324
149900 0.536613054132324
150000 0.536613054132324
