#Tiempo [fms]     Densidad [gr_cc]
50100 0.13467705770152
50200 0.13467705770152
50300 0.13467705770152
50400 0.13467705770152
50500 0.13467705770152
50600 0.13467705770152
50700 0.13467705770152
50800 0.13467705770152
50900 0.13467705770152
51000 0.13467705770152
51100 0.13467705770152
51200 0.13467705770152
51300 0.13467705770152
51400 0.13467705770152
51500 0.13467705770152
51600 0.13467705770152
51700 0.13467705770152
51800 0.13467705770152
51900 0.13467705770152
52000 0.13467705770152
52100 0.13467705770152
52200 0.13467705770152
52300 0.13467705770152
52400 0.13467705770152
52500 0.13467705770152
52600 0.13467705770152
52700 0.13467705770152
52800 0.13467705770152
52900 0.13467705770152
53000 0.13467705770152
53100 0.13467705770152
53200 0.13467705770152
53300 0.13467705770152
53400 0.13467705770152
53500 0.13467705770152
53600 0.13467705770152
53700 0.13467705770152
53800 0.13467705770152
53900 0.13467705770152
54000 0.13467705770152
54100 0.13467705770152
54200 0.13467705770152
54300 0.13467705770152
54400 0.13467705770152
54500 0.13467705770152
54600 0.13467705770152
54700 0.13467705770152
54800 0.13467705770152
54900 0.13467705770152
55000 0.13467705770152
55100 0.13467705770152
55200 0.13467705770152
55300 0.13467705770152
55400 0.13467705770152
55500 0.13467705770152
55600 0.13467705770152
55700 0.13467705770152
55800 0.13467705770152
55900 0.13467705770152
56000 0.13467705770152
56100 0.13467705770152
56200 0.13467705770152
56300 0.13467705770152
56400 0.13467705770152
56500 0.13467705770152
56600 0.13467705770152
56700 0.13467705770152
56800 0.13467705770152
56900 0.13467705770152
57000 0.13467705770152
57100 0.13467705770152
57200 0.13467705770152
57300 0.13467705770152
57400 0.13467705770152
57500 0.13467705770152
57600 0.13467705770152
57700 0.13467705770152
57800 0.13467705770152
57900 0.13467705770152
58000 0.13467705770152
58100 0.13467705770152
58200 0.13467705770152
58300 0.13467705770152
58400 0.13467705770152
58500 0.13467705770152
58600 0.13467705770152
58700 0.13467705770152
58800 0.13467705770152
58900 0.13467705770152
59000 0.13467705770152
59100 0.13467705770152
59200 0.13467705770152
59300 0.13467705770152
59400 0.13467705770152
59500 0.13467705770152
59600 0.13467705770152
59700 0.13467705770152
59800 0.13467705770152
59900 0.13467705770152
60000 0.13467705770152
60100 0.13467705770152
60200 0.13467705770152
60300 0.13467705770152
60400 0.13467705770152
60500 0.13467705770152
60600 0.13467705770152
60700 0.13467705770152
60800 0.13467705770152
60900 0.13467705770152
61000 0.13467705770152
61100 0.13467705770152
61200 0.13467705770152
61300 0.13467705770152
61400 0.13467705770152
61500 0.13467705770152
61600 0.13467705770152
61700 0.13467705770152
61800 0.13467705770152
61900 0.13467705770152
62000 0.13467705770152
62100 0.13467705770152
62200 0.13467705770152
62300 0.13467705770152
62400 0.13467705770152
62500 0.13467705770152
62600 0.13467705770152
62700 0.13467705770152
62800 0.13467705770152
62900 0.13467705770152
63000 0.13467705770152
63100 0.13467705770152
63200 0.13467705770152
63300 0.13467705770152
63400 0.13467705770152
63500 0.13467705770152
63600 0.13467705770152
63700 0.13467705770152
63800 0.13467705770152
63900 0.13467705770152
64000 0.13467705770152
64100 0.13467705770152
64200 0.13467705770152
64300 0.13467705770152
64400 0.13467705770152
64500 0.13467705770152
64600 0.13467705770152
64700 0.13467705770152
64800 0.13467705770152
64900 0.13467705770152
65000 0.13467705770152
65100 0.13467705770152
65200 0.13467705770152
65300 0.13467705770152
65400 0.13467705770152
65500 0.13467705770152
65600 0.13467705770152
65700 0.13467705770152
65800 0.13467705770152
65900 0.13467705770152
66000 0.13467705770152
66100 0.13467705770152
66200 0.13467705770152
66300 0.13467705770152
66400 0.13467705770152
66500 0.13467705770152
66600 0.13467705770152
66700 0.13467705770152
66800 0.13467705770152
66900 0.13467705770152
67000 0.13467705770152
67100 0.13467705770152
67200 0.13467705770152
67300 0.13467705770152
67400 0.13467705770152
67500 0.13467705770152
67600 0.13467705770152
67700 0.13467705770152
67800 0.13467705770152
67900 0.13467705770152
68000 0.13467705770152
68100 0.13467705770152
68200 0.13467705770152
68300 0.13467705770152
68400 0.13467705770152
68500 0.13467705770152
68600 0.13467705770152
68700 0.13467705770152
68800 0.13467705770152
68900 0.13467705770152
69000 0.13467705770152
69100 0.13467705770152
69200 0.13467705770152
69300 0.13467705770152
69400 0.13467705770152
69500 0.13467705770152
69600 0.13467705770152
69700 0.13467705770152
69800 0.13467705770152
69900 0.13467705770152
70000 0.13467705770152
70100 0.13467705770152
70200 0.13467705770152
70300 0.13467705770152
70400 0.13467705770152
70500 0.13467705770152
70600 0.13467705770152
70700 0.13467705770152
70800 0.13467705770152
70900 0.13467705770152
71000 0.13467705770152
71100 0.13467705770152
71200 0.13467705770152
71300 0.13467705770152
71400 0.13467705770152
71500 0.13467705770152
71600 0.13467705770152
71700 0.13467705770152
71800 0.13467705770152
71900 0.13467705770152
72000 0.13467705770152
72100 0.13467705770152
72200 0.13467705770152
72300 0.13467705770152
72400 0.13467705770152
72500 0.13467705770152
72600 0.13467705770152
72700 0.13467705770152
72800 0.13467705770152
72900 0.13467705770152
73000 0.13467705770152
73100 0.13467705770152
73200 0.13467705770152
73300 0.13467705770152
73400 0.13467705770152
73500 0.13467705770152
73600 0.13467705770152
73700 0.13467705770152
73800 0.13467705770152
73900 0.13467705770152
74000 0.13467705770152
74100 0.13467705770152
74200 0.13467705770152
74300 0.13467705770152
74400 0.13467705770152
74500 0.13467705770152
74600 0.13467705770152
74700 0.13467705770152
74800 0.13467705770152
74900 0.13467705770152
75000 0.13467705770152
75100 0.13467705770152
75200 0.13467705770152
75300 0.13467705770152
75400 0.13467705770152
75500 0.13467705770152
75600 0.13467705770152
75700 0.13467705770152
75800 0.13467705770152
75900 0.13467705770152
76000 0.13467705770152
76100 0.13467705770152
76200 0.13467705770152
76300 0.13467705770152
76400 0.13467705770152
76500 0.13467705770152
76600 0.13467705770152
76700 0.13467705770152
76800 0.13467705770152
76900 0.13467705770152
77000 0.13467705770152
77100 0.13467705770152
77200 0.13467705770152
77300 0.13467705770152
77400 0.13467705770152
77500 0.13467705770152
77600 0.13467705770152
77700 0.13467705770152
77800 0.13467705770152
77900 0.13467705770152
78000 0.13467705770152
78100 0.13467705770152
78200 0.13467705770152
78300 0.13467705770152
78400 0.13467705770152
78500 0.13467705770152
78600 0.13467705770152
78700 0.13467705770152
78800 0.13467705770152
78900 0.13467705770152
79000 0.13467705770152
79100 0.13467705770152
79200 0.13467705770152
79300 0.13467705770152
79400 0.13467705770152
79500 0.13467705770152
79600 0.13467705770152
79700 0.13467705770152
79800 0.13467705770152
79900 0.13467705770152
80000 0.13467705770152
80100 0.13467705770152
80200 0.13467705770152
80300 0.13467705770152
80400 0.13467705770152
80500 0.13467705770152
80600 0.13467705770152
80700 0.13467705770152
80800 0.13467705770152
80900 0.13467705770152
81000 0.13467705770152
81100 0.13467705770152
81200 0.13467705770152
81300 0.13467705770152
81400 0.13467705770152
81500 0.13467705770152
81600 0.13467705770152
81700 0.13467705770152
81800 0.13467705770152
81900 0.13467705770152
82000 0.13467705770152
82100 0.13467705770152
82200 0.13467705770152
82300 0.13467705770152
82400 0.13467705770152
82500 0.13467705770152
82600 0.13467705770152
82700 0.13467705770152
82800 0.13467705770152
82900 0.13467705770152
83000 0.13467705770152
83100 0.13467705770152
83200 0.13467705770152
83300 0.13467705770152
83400 0.13467705770152
83500 0.13467705770152
83600 0.13467705770152
83700 0.13467705770152
83800 0.13467705770152
83900 0.13467705770152
84000 0.13467705770152
84100 0.13467705770152
84200 0.13467705770152
84300 0.13467705770152
84400 0.13467705770152
84500 0.13467705770152
84600 0.13467705770152
84700 0.13467705770152
84800 0.13467705770152
84900 0.13467705770152
85000 0.13467705770152
85100 0.13467705770152
85200 0.13467705770152
85300 0.13467705770152
85400 0.13467705770152
85500 0.13467705770152
85600 0.13467705770152
85700 0.13467705770152
85800 0.13467705770152
85900 0.13467705770152
86000 0.13467705770152
86100 0.13467705770152
86200 0.13467705770152
86300 0.13467705770152
86400 0.13467705770152
86500 0.13467705770152
86600 0.13467705770152
86700 0.13467705770152
86800 0.13467705770152
86900 0.13467705770152
87000 0.13467705770152
87100 0.13467705770152
87200 0.13467705770152
87300 0.13467705770152
87400 0.13467705770152
87500 0.13467705770152
87600 0.13467705770152
87700 0.13467705770152
87800 0.13467705770152
87900 0.13467705770152
88000 0.13467705770152
88100 0.13467705770152
88200 0.13467705770152
88300 0.13467705770152
88400 0.13467705770152
88500 0.13467705770152
88600 0.13467705770152
88700 0.13467705770152
88800 0.13467705770152
88900 0.13467705770152
89000 0.13467705770152
89100 0.13467705770152
89200 0.13467705770152
89300 0.13467705770152
89400 0.13467705770152
89500 0.13467705770152
89600 0.13467705770152
89700 0.13467705770152
89800 0.13467705770152
89900 0.13467705770152
90000 0.13467705770152
90100 0.13467705770152
90200 0.13467705770152
90300 0.13467705770152
90400 0.13467705770152
90500 0.13467705770152
90600 0.13467705770152
90700 0.13467705770152
90800 0.13467705770152
90900 0.13467705770152
91000 0.13467705770152
91100 0.13467705770152
91200 0.13467705770152
91300 0.13467705770152
91400 0.13467705770152
91500 0.13467705770152
91600 0.13467705770152
91700 0.13467705770152
91800 0.13467705770152
91900 0.13467705770152
92000 0.13467705770152
92100 0.13467705770152
92200 0.13467705770152
92300 0.13467705770152
92400 0.13467705770152
92500 0.13467705770152
92600 0.13467705770152
92700 0.13467705770152
92800 0.13467705770152
92900 0.13467705770152
93000 0.13467705770152
93100 0.13467705770152
93200 0.13467705770152
93300 0.13467705770152
93400 0.13467705770152
93500 0.13467705770152
93600 0.13467705770152
93700 0.13467705770152
93800 0.13467705770152
93900 0.13467705770152
94000 0.13467705770152
94100 0.13467705770152
94200 0.13467705770152
94300 0.13467705770152
94400 0.13467705770152
94500 0.13467705770152
94600 0.13467705770152
94700 0.13467705770152
94800 0.13467705770152
94900 0.13467705770152
95000 0.13467705770152
95100 0.13467705770152
95200 0.13467705770152
95300 0.13467705770152
95400 0.13467705770152
95500 0.13467705770152
95600 0.13467705770152
95700 0.13467705770152
95800 0.13467705770152
95900 0.13467705770152
96000 0.13467705770152
96100 0.13467705770152
96200 0.13467705770152
96300 0.13467705770152
96400 0.13467705770152
96500 0.13467705770152
96600 0.13467705770152
96700 0.13467705770152
96800 0.13467705770152
96900 0.13467705770152
97000 0.13467705770152
97100 0.13467705770152
97200 0.13467705770152
97300 0.13467705770152
97400 0.13467705770152
97500 0.13467705770152
97600 0.13467705770152
97700 0.13467705770152
97800 0.13467705770152
97900 0.13467705770152
98000 0.13467705770152
98100 0.13467705770152
98200 0.13467705770152
98300 0.13467705770152
98400 0.13467705770152
98500 0.13467705770152
98600 0.13467705770152
98700 0.13467705770152
98800 0.13467705770152
98900 0.13467705770152
99000 0.13467705770152
99100 0.13467705770152
99200 0.13467705770152
99300 0.13467705770152
99400 0.13467705770152
99500 0.13467705770152
99600 0.13467705770152
99700 0.13467705770152
99800 0.13467705770152
99900 0.13467705770152
100000 0.13467705770152
100100 0.13467705770152
100200 0.13467705770152
100300 0.13467705770152
100400 0.13467705770152
100500 0.13467705770152
100600 0.13467705770152
100700 0.13467705770152
100800 0.13467705770152
100900 0.13467705770152
101000 0.13467705770152
101100 0.13467705770152
101200 0.13467705770152
101300 0.13467705770152
101400 0.13467705770152
101500 0.13467705770152
101600 0.13467705770152
101700 0.13467705770152
101800 0.13467705770152
101900 0.13467705770152
102000 0.13467705770152
102100 0.13467705770152
102200 0.13467705770152
102300 0.13467705770152
102400 0.13467705770152
102500 0.13467705770152
102600 0.13467705770152
102700 0.13467705770152
102800 0.13467705770152
102900 0.13467705770152
103000 0.13467705770152
103100 0.13467705770152
103200 0.13467705770152
103300 0.13467705770152
103400 0.13467705770152
103500 0.13467705770152
103600 0.13467705770152
103700 0.13467705770152
103800 0.13467705770152
103900 0.13467705770152
104000 0.13467705770152
104100 0.13467705770152
104200 0.13467705770152
104300 0.13467705770152
104400 0.13467705770152
104500 0.13467705770152
104600 0.13467705770152
104700 0.13467705770152
104800 0.13467705770152
104900 0.13467705770152
105000 0.13467705770152
105100 0.13467705770152
105200 0.13467705770152
105300 0.13467705770152
105400 0.13467705770152
105500 0.13467705770152
105600 0.13467705770152
105700 0.13467705770152
105800 0.13467705770152
105900 0.13467705770152
106000 0.13467705770152
106100 0.13467705770152
106200 0.13467705770152
106300 0.13467705770152
106400 0.13467705770152
106500 0.13467705770152
106600 0.13467705770152
106700 0.13467705770152
106800 0.13467705770152
106900 0.13467705770152
107000 0.13467705770152
107100 0.13467705770152
107200 0.13467705770152
107300 0.13467705770152
107400 0.13467705770152
107500 0.13467705770152
107600 0.13467705770152
107700 0.13467705770152
107800 0.13467705770152
107900 0.13467705770152
108000 0.13467705770152
108100 0.13467705770152
108200 0.13467705770152
108300 0.13467705770152
108400 0.13467705770152
108500 0.13467705770152
108600 0.13467705770152
108700 0.13467705770152
108800 0.13467705770152
108900 0.13467705770152
109000 0.13467705770152
109100 0.13467705770152
109200 0.13467705770152
109300 0.13467705770152
109400 0.13467705770152
109500 0.13467705770152
109600 0.13467705770152
109700 0.13467705770152
109800 0.13467705770152
109900 0.13467705770152
110000 0.13467705770152
110100 0.13467705770152
110200 0.13467705770152
110300 0.13467705770152
110400 0.13467705770152
110500 0.13467705770152
110600 0.13467705770152
110700 0.13467705770152
110800 0.13467705770152
110900 0.13467705770152
111000 0.13467705770152
111100 0.13467705770152
111200 0.13467705770152
111300 0.13467705770152
111400 0.13467705770152
111500 0.13467705770152
111600 0.13467705770152
111700 0.13467705770152
111800 0.13467705770152
111900 0.13467705770152
112000 0.13467705770152
112100 0.13467705770152
112200 0.13467705770152
112300 0.13467705770152
112400 0.13467705770152
112500 0.13467705770152
112600 0.13467705770152
112700 0.13467705770152
112800 0.13467705770152
112900 0.13467705770152
113000 0.13467705770152
113100 0.13467705770152
113200 0.13467705770152
113300 0.13467705770152
113400 0.13467705770152
113500 0.13467705770152
113600 0.13467705770152
113700 0.13467705770152
113800 0.13467705770152
113900 0.13467705770152
114000 0.13467705770152
114100 0.13467705770152
114200 0.13467705770152
114300 0.13467705770152
114400 0.13467705770152
114500 0.13467705770152
114600 0.13467705770152
114700 0.13467705770152
114800 0.13467705770152
114900 0.13467705770152
115000 0.13467705770152
115100 0.13467705770152
115200 0.13467705770152
115300 0.13467705770152
115400 0.13467705770152
115500 0.13467705770152
115600 0.13467705770152
115700 0.13467705770152
115800 0.13467705770152
115900 0.13467705770152
116000 0.13467705770152
116100 0.13467705770152
116200 0.13467705770152
116300 0.13467705770152
116400 0.13467705770152
116500 0.13467705770152
116600 0.13467705770152
116700 0.13467705770152
116800 0.13467705770152
116900 0.13467705770152
117000 0.13467705770152
117100 0.13467705770152
117200 0.13467705770152
117300 0.13467705770152
117400 0.13467705770152
117500 0.13467705770152
117600 0.13467705770152
117700 0.13467705770152
117800 0.13467705770152
117900 0.13467705770152
118000 0.13467705770152
118100 0.13467705770152
118200 0.13467705770152
118300 0.13467705770152
118400 0.13467705770152
118500 0.13467705770152
118600 0.13467705770152
118700 0.13467705770152
118800 0.13467705770152
118900 0.13467705770152
119000 0.13467705770152
119100 0.13467705770152
119200 0.13467705770152
119300 0.13467705770152
119400 0.13467705770152
119500 0.13467705770152
119600 0.13467705770152
119700 0.13467705770152
119800 0.13467705770152
119900 0.13467705770152
120000 0.13467705770152
120100 0.13467705770152
120200 0.13467705770152
120300 0.13467705770152
120400 0.13467705770152
120500 0.13467705770152
120600 0.13467705770152
120700 0.13467705770152
120800 0.13467705770152
120900 0.13467705770152
121000 0.13467705770152
121100 0.13467705770152
121200 0.13467705770152
121300 0.13467705770152
121400 0.13467705770152
121500 0.13467705770152
121600 0.13467705770152
121700 0.13467705770152
121800 0.13467705770152
121900 0.13467705770152
122000 0.13467705770152
122100 0.13467705770152
122200 0.13467705770152
122300 0.13467705770152
122400 0.13467705770152
122500 0.13467705770152
122600 0.13467705770152
122700 0.13467705770152
122800 0.13467705770152
122900 0.13467705770152
123000 0.13467705770152
123100 0.13467705770152
123200 0.13467705770152
123300 0.13467705770152
123400 0.13467705770152
123500 0.13467705770152
123600 0.13467705770152
123700 0.13467705770152
123800 0.13467705770152
123900 0.13467705770152
124000 0.13467705770152
124100 0.13467705770152
124200 0.13467705770152
124300 0.13467705770152
124400 0.13467705770152
124500 0.13467705770152
124600 0.13467705770152
124700 0.13467705770152
124800 0.13467705770152
124900 0.13467705770152
125000 0.13467705770152
125100 0.13467705770152
125200 0.13467705770152
125300 0.13467705770152
125400 0.13467705770152
125500 0.13467705770152
125600 0.13467705770152
125700 0.13467705770152
125800 0.13467705770152
125900 0.13467705770152
126000 0.13467705770152
126100 0.13467705770152
126200 0.13467705770152
126300 0.13467705770152
126400 0.13467705770152
126500 0.13467705770152
126600 0.13467705770152
126700 0.13467705770152
126800 0.13467705770152
126900 0.13467705770152
127000 0.13467705770152
127100 0.13467705770152
127200 0.13467705770152
127300 0.13467705770152
127400 0.13467705770152
127500 0.13467705770152
127600 0.13467705770152
127700 0.13467705770152
127800 0.13467705770152
127900 0.13467705770152
128000 0.13467705770152
128100 0.13467705770152
128200 0.13467705770152
128300 0.13467705770152
128400 0.13467705770152
128500 0.13467705770152
128600 0.13467705770152
128700 0.13467705770152
128800 0.13467705770152
128900 0.13467705770152
129000 0.13467705770152
129100 0.13467705770152
129200 0.13467705770152
129300 0.13467705770152
129400 0.13467705770152
129500 0.13467705770152
129600 0.13467705770152
129700 0.13467705770152
129800 0.13467705770152
129900 0.13467705770152
130000 0.13467705770152
130100 0.13467705770152
130200 0.13467705770152
130300 0.13467705770152
130400 0.13467705770152
130500 0.13467705770152
130600 0.13467705770152
130700 0.13467705770152
130800 0.13467705770152
130900 0.13467705770152
131000 0.13467705770152
131100 0.13467705770152
131200 0.13467705770152
131300 0.13467705770152
131400 0.13467705770152
131500 0.13467705770152
131600 0.13467705770152
131700 0.13467705770152
131800 0.13467705770152
131900 0.13467705770152
132000 0.13467705770152
132100 0.13467705770152
132200 0.13467705770152
132300 0.13467705770152
132400 0.13467705770152
132500 0.13467705770152
132600 0.13467705770152
132700 0.13467705770152
132800 0.13467705770152
132900 0.13467705770152
133000 0.13467705770152
133100 0.13467705770152
133200 0.13467705770152
133300 0.13467705770152
133400 0.13467705770152
133500 0.13467705770152
133600 0.13467705770152
133700 0.13467705770152
133800 0.13467705770152
133900 0.13467705770152
134000 0.13467705770152
134100 0.13467705770152
134200 0.13467705770152
134300 0.13467705770152
134400 0.13467705770152
134500 0.13467705770152
134600 0.13467705770152
134700 0.13467705770152
134800 0.13467705770152
134900 0.13467705770152
135000 0.13467705770152
135100 0.13467705770152
135200 0.13467705770152
135300 0.13467705770152
135400 0.13467705770152
135500 0.13467705770152
135600 0.13467705770152
135700 0.13467705770152
135800 0.13467705770152
135900 0.13467705770152
136000 0.13467705770152
136100 0.13467705770152
136200 0.13467705770152
136300 0.13467705770152
136400 0.13467705770152
136500 0.13467705770152
136600 0.13467705770152
136700 0.13467705770152
136800 0.13467705770152
136900 0.13467705770152
137000 0.13467705770152
137100 0.13467705770152
137200 0.13467705770152
137300 0.13467705770152
137400 0.13467705770152
137500 0.13467705770152
137600 0.13467705770152
137700 0.13467705770152
137800 0.13467705770152
137900 0.13467705770152
138000 0.13467705770152
138100 0.13467705770152
138200 0.13467705770152
138300 0.13467705770152
138400 0.13467705770152
138500 0.13467705770152
138600 0.13467705770152
138700 0.13467705770152
138800 0.13467705770152
138900 0.13467705770152
139000 0.13467705770152
139100 0.13467705770152
139200 0.13467705770152
139300 0.13467705770152
139400 0.13467705770152
139500 0.13467705770152
139600 0.13467705770152
139700 0.13467705770152
139800 0.13467705770152
139900 0.13467705770152
140000 0.13467705770152
140100 0.13467705770152
140200 0.13467705770152
140300 0.13467705770152
140400 0.13467705770152
140500 0.13467705770152
140600 0.13467705770152
140700 0.13467705770152
140800 0.13467705770152
140900 0.13467705770152
141000 0.13467705770152
141100 0.13467705770152
141200 0.13467705770152
141300 0.13467705770152
141400 0.13467705770152
141500 0.13467705770152
141600 0.13467705770152
141700 0.13467705770152
141800 0.13467705770152
141900 0.13467705770152
142000 0.13467705770152
142100 0.13467705770152
142200 0.13467705770152
142300 0.13467705770152
142400 0.13467705770152
142500 0.13467705770152
142600 0.13467705770152
142700 0.13467705770152
142800 0.13467705770152
142900 0.13467705770152
143000 0.13467705770152
143100 0.13467705770152
143200 0.13467705770152
143300 0.13467705770152
143400 0.13467705770152
143500 0.13467705770152
143600 0.13467705770152
143700 0.13467705770152
143800 0.13467705770152
143900 0.13467705770152
144000 0.13467705770152
144100 0.13467705770152
144200 0.13467705770152
144300 0.13467705770152
144400 0.13467705770152
144500 0.13467705770152
144600 0.13467705770152
144700 0.13467705770152
144800 0.13467705770152
144900 0.13467705770152
145000 0.13467705770152
145100 0.13467705770152
145200 0.13467705770152
145300 0.13467705770152
145400 0.13467705770152
145500 0.13467705770152
145600 0.13467705770152
145700 0.13467705770152
145800 0.13467705770152
145900 0.13467705770152
146000 0.13467705770152
146100 0.13467705770152
146200 0.13467705770152
146300 0.13467705770152
146400 0.13467705770152
146500 0.13467705770152
146600 0.13467705770152
146700 0.13467705770152
146800 0.13467705770152
146900 0.13467705770152
147000 0.13467705770152
147100 0.13467705770152
147200 0.13467705770152
147300 0.13467705770152
147400 0.13467705770152
147500 0.13467705770152
147600 0.13467705770152
147700 0.13467705770152
147800 0.13467705770152
147900 0.13467705770152
148000 0.13467705770152
148100 0.13467705770152
148200 0.13467705770152
148300 0.13467705770152
148400 0.13467705770152
148500 0.13467705770152
148600 0.13467705770152
148700 0.13467705770152
148800 0.13467705770152
148900 0.13467705770152
149000 0.13467705770152
149100 0.13467705770152
149200 0.13467705770152
149300 0.13467705770152
149400 0.13467705770152
149500 0.13467705770152
149600 0.13467705770152
149700 0.13467705770152
149800 0.13467705770152
149900 0.13467705770152
150000 0.13467705770152
