#tiempo [fms]     Temperatura [K]    EnergiaTotal [Kcal/mol]   EnergiaCineticaTotal [Kcal/mol]   Presion [Atm]   Volumen [ang**3]  Densidad[g cm**-3]
50100 297.837540472397 6255.40785565322 7208.9127273281 79.369013598411 4000000 0.13467705770152
50200 297.65553678442 6262.67146848577 7204.50747773937 80.4635177930855 4000000 0.13467705770152
50300 297.616664311884 6274.93350254074 7203.56660151012 81.8920720178589 4000000 0.13467705770152
50400 297.809016967746 6293.13765161009 7208.22233935558 83.2221465472828 4000000 0.13467705770152
50500 300.392788628958 6317.80860058998 7270.76040753692 80.4144605210847 4000000 0.13467705770152
50600 300.898961435052 6344.89740607621 7283.01190403494 81.9861242454663 4000000 0.13467705770152
50700 301.734072917013 6372.74407462022 7303.22509066515 83.1049489718051 4000000 0.13467705770152
50800 302.995683972962 6398.08701502996 7333.76134873303 83.1784634828486 4000000 0.13467705770152
50900 303.625860245267 6418.32481146638 7349.01424715097 83.9358682284462 4000000 0.13467705770152
51000 305.012663299749 6431.65081673091 7382.58067458619 82.6258236498647 4000000 0.13467705770152
51100 304.065505618027 6436.14489913971 7359.65550183692 84.8142144495178 4000000 0.13467705770152
51200 304.204852923914 6431.67082139691 7363.02828877753 84.1243210727072 4000000 0.13467705770152
51300 303.80590521212 6416.78560375575 7353.37208750576 83.2155053755357 4000000 0.13467705770152
51400 303.145965476662 6387.83361025656 7337.39878893948 81.647646170892 4000000 0.13467705770152
51500 300.071800013362 6339.86696595435 7262.99114207552 83.020685433447 4000000 0.13467705770152
51600 298.036149273578 6281.12198999231 7213.719890026 81.5848632639418 4000000 0.13467705770152
51700 295.758765838447 6232.65712214718 7158.59769688515 81.2667700221985 4000000 0.13467705770152
51800 295.275076184554 6206.79505935589 7146.89038659613 79.5928783210854 4000000 0.13467705770152
51900 294.555463943344 6198.51889235574 7129.47276410243 80.3712572037058 4000000 0.13467705770152
52000 294.001380067424 6201.45240619439 7116.06161956104 82.0611235231111 4000000 0.13467705770152
52100 295.176871283931 6213.3386905383 7144.51341773966 80.8897420372935 4000000 0.13467705770152
52200 296.176031217957 6231.60029173941 7168.69726223963 80.4599160009815 4000000 0.13467705770152
52300 296.648059249696 6254.2790043206 7180.12231255485 81.5931825169578 4000000 0.13467705770152
52400 297.977486373661 6280.38554908281 7212.30000277754 81.3558017465827 4000000 0.13467705770152
52500 298.141937472837 6307.57889857343 7216.28040638948 83.0918148791676 4000000 0.13467705770152
52600 299.799786347906 6334.22372673314 7256.40727500557 81.7948149603503 4000000 0.13467705770152
52700 300.731529334773 6357.6463441331 7278.95934774283 81.2997300247661 4000000 0.13467705770152
52800 302.220058768104 6376.45659593319 7314.98797851894 80.0419291531974 4000000 0.13467705770152
52900 302.177145614604 6389.73126292917 7313.94930092999 81.8598252491943 4000000 0.13467705770152
53000 302.299788046484 6397.73647331599 7316.91776013324 83.2464273986438 4000000 0.13467705770152
53100 302.894261562986 6400.5704249187 7331.30650270873 83.0502709973853 4000000 0.13467705770152
53200 302.60732029986 6398.43071528846 7324.36132541354 83.8207384300236 4000000 0.13467705770152
53300 302.174685058704 6390.76432233603 7313.88974519798 84.4160147306634 4000000 0.13467705770152
53400 301.832135324371 6378.49385622361 7305.59861058931 83.8750443805159 4000000 0.13467705770152
53500 302.177373260358 6360.8967161082 7313.95481090826 81.3249908352961 4000000 0.13467705770152
53600 301.022812785247 6337.28603861416 7286.00962411179 81.3268920116576 4000000 0.13467705770152
53700 299.460040130848 6309.51101538678 7248.18399722694 82.1231710814006 4000000 0.13467705770152
53800 298.066210739491 6281.24682969643 7214.44750308606 82.4047802812615 4000000 0.13467705770152
53900 297.805644085935 6256.47274704103 7208.1407015252 80.8169916009759 4000000 0.13467705770152
54000 296.286146046075 6237.16107500262 7171.36250109646 81.9138711849015 4000000 0.13467705770152
54100 296.42800381882 6225.51625235042 7174.79605182277 80.3345291963515 4000000 0.13467705770152
54200 296.446035882711 6220.80129716731 7175.23250309979 79.6386592184969 4000000 0.13467705770152
54300 296.658342012259 6223.81793631128 7180.37119836621 79.5043445029069 4000000 0.13467705770152
54400 296.897194007879 6233.32197720904 7186.15241448975 80.1359647731924 4000000 0.13467705770152
54500 297.407532167719 6249.79611947036 7198.50472994963 81.2425127700801 4000000 0.13467705770152
54600 298.178276237388 6273.84607257978 7217.15995630067 82.4532163962932 4000000 0.13467705770152
54700 299.527555466539 6306.92230330896 7249.81815040312 82.7752285182525 4000000 0.13467705770152
54800 301.640970665443 6347.65840371097 7300.97162723261 81.9998879887722 4000000 0.13467705770152
54900 302.890444053791 6388.70488316816 7331.21410303817 82.9545381430888 4000000 0.13467705770152
55000 304.503819713627 6422.96256465193 7370.26453405404 82.6808919664881 4000000 0.13467705770152
55100 305.112536218751 6443.32541132013 7384.99801645577 83.1001699626859 4000000 0.13467705770152
55200 305.203044249027 6449.67850379674 7387.18868889531 83.5245454757782 4000000 0.13467705770152
55300 305.646266951238 6445.92883177698 7397.91652989866 82.6597234762894 4000000 0.13467705770152
55400 303.984593736412 6435.75981412535 7357.69709628388 85.2582480678914 4000000 0.13467705770152
55500 303.646647831305 6423.10552908297 7349.51739357543 84.77338808481 4000000 0.13467705770152
55600 303.197654323669 6408.72544526552 7338.64987497268 83.2057909047216 4000000 0.13467705770152
55700 303.506096936693 6391.51917909966 7346.11547475958 80.098863851506 4000000 0.13467705770152
55800 301.947523914785 6370.75315468766 7308.39149652538 81.0523018338302 4000000 0.13467705770152
55900 300.867338605452 6348.54431855577 7282.24649945091 81.4543335681802 4000000 0.13467705770152
56000 299.933919575932 6326.92366514988 7259.65385947959 81.4163857723866 4000000 0.13467705770152
56100 299.248262031726 6307.37056733696 7243.05808250272 81.0498004397571 4000000 0.13467705770152
56200 298.04164792669 6290.28640455123 7213.85298040254 81.8932687671132 4000000 0.13467705770152
56300 298.101636807397 6277.48743961869 7215.30496192554 80.6748665464899 4000000 0.13467705770152
56400 297.906462006121 6268.68222153038 7210.58091637124 80.369757221797 4000000 0.13467705770152
56500 297.547505750012 6264.25835807825 7201.89267539559 80.962256468055 4000000 0.13467705770152
56600 296.947725892654 6264.4874230853 7187.37549720359 82.1009705818466 4000000 0.13467705770152
56700 298.109428742261 6270.57375896198 7215.49355930089 80.1223964603036 4000000 0.13467705770152
56800 297.853814150055 6282.11169208432 7209.30661831244 81.1206248925044 4000000 0.13467705770152
56900 299.179181265549 6298.92727475735 7241.38603936901 80.1210708191385 4000000 0.13467705770152
57000 299.557455122588 6320.37247879908 7250.5418469885 81.6483567728125 4000000 0.13467705770152
57100 299.921008983344 6345.68798813207 7259.34136920357 83.5948625623518 4000000 0.13467705770152
57200 301.921866699408 6373.05783092125 7307.77048472754 82.125835213624 4000000 0.13467705770152
57300 303.216624469935 6398.81549651594 7339.10903176211 81.8903468279749 4000000 0.13467705770152
57400 303.339361504906 6418.36915175109 7342.07978075539 83.8530231253414 4000000 0.13467705770152
57500 304.691802026469 6431.15350604095 7374.81449134084 83.1425452758221 4000000 0.13467705770152
57600 303.681412930463 6436.10931832334 7350.35885420994 85.6974544154089 4000000 0.13467705770152
57700 304.477110945829 6433.18823999095 7369.61807029461 83.6532967447546 4000000 0.13467705770152
57800 304.99561676355 6420.2348043562 7382.16807719648 81.0971764352094 4000000 0.13467705770152
57900 303.270902389963 6393.61695436483 7340.42278417855 82.3305980236495 4000000 0.13467705770152
58000 300.846815559878 6353.23433647033 7281.74975601081 83.737032599194 4000000 0.13467705770152
58100 298.646874913442 6305.06985083273 7228.50200188182 83.2432530136346 4000000 0.13467705770152
58200 297.962860864122 6262.10292080639 7211.94600434707 80.0456320655322 4000000 0.13467705770152
58300 296.214581875289 6233.59824883959 7169.63034919652 80.3316916708558 4000000 0.13467705770152
58400 295.814113224108 6220.84898467385 7159.93733483771 79.9529310946168 4000000 0.13467705770152
58500 295.657420499368 6218.82495254531 7156.14471629852 80.1698500994623 4000000 0.13467705770152
58600 295.747970577773 6224.07917020037 7158.33640647849 80.6593424265422 4000000 0.13467705770152
58700 295.250673037015 6235.52499036862 7146.29972847894 82.4901665082026 4000000 0.13467705770152
58800 296.66653732115 6252.74311987273 7180.56955907815 80.9142166134841 4000000 0.13467705770152
58900 297.201593374751 6273.37616116604 7193.52015082866 81.3081638097199 4000000 0.13467705770152
59000 298.485741074227 6296.61090985299 7224.60188981913 80.8503602229487 4000000 0.13467705770152
59100 299.729163267763 6319.88057090498 7254.6979014307 80.8660061817182 4000000 0.13467705770152
59200 299.881456260013 6340.76489934435 7258.38402806328 83.2020537835336 4000000 0.13467705770152
59300 301.105436264312 6359.34857277861 7288.00945747352 83.1596442341779 4000000 0.13467705770152
59400 301.796138060745 6374.15157478528 7304.72732642718 83.4475563535345 4000000 0.13467705770152
59500 302.524573554655 6383.83430101443 7322.35850849627 83.1197314449881 4000000 0.13467705770152
59600 302.893217188279 6388.160194069 7331.28122447783 82.8293930322026 4000000 0.13467705770152
59700 302.614012306357 6386.78589402735 7324.52329992734 82.9376066774022 4000000 0.13467705770152
59800 303.034233945858 6379.71785006942 7334.69441912371 81.5214156319318 4000000 0.13467705770152
59900 302.111108210944 6366.41133274552 7312.35091988316 82.5284966705683 4000000 0.13467705770152
60000 300.557767313263 6347.63632665258 7274.75358091305 84.3822065878521 4000000 0.13467705770152
60100 300.355749827503 6325.26042905707 7269.86391380819 82.9399051500257 4000000 0.13467705770152
60200 299.676406007659 6299.76688235219 7253.42095533715 81.6619628934043 4000000 0.13467705770152
60300 298.406909168379 6273.51301139344 7222.69382836896 81.4589702699604 4000000 0.13467705770152
60400 296.564510192291 6248.81601927751 7178.10007633062 82.5971724041556 4000000 0.13467705770152
60500 295.583425481857 6229.88575750157 7154.35372775274 82.4785647771157 4000000 0.13467705770152
60600 295.50893690192 6218.09740050508 7152.55079293431 80.9705938485339 4000000 0.13467705770152
60700 295.665410137354 6214.27513626392 7156.33809891535 79.9324017991683 4000000 0.13467705770152
60800 294.699363360457 6219.56087051109 7132.95573115164 82.0956715529531 4000000 0.13467705770152
60900 296.169748308982 6237.34101547054 7168.54518959491 80.6180844237352 4000000 0.13467705770152
61000 298.142292473756 6272.56317337245 7216.2889988948 79.7393348037869 4000000 0.13467705770152
61100 299.245011953399 6326.3673039488 7242.97941702966 82.6010172412305 4000000 0.13467705770152
61200 301.996421280213 6386.43247600966 7309.57501704267 82.6922690606005 4000000 0.13467705770152
61300 303.876287924262 6429.56639718086 7355.07564317084 82.6698783849844 4000000 0.13467705770152
61400 304.562738433865 6450.06563569748 7371.69061322299 83.159916651225 4000000 0.13467705770152
61500 304.769596236314 6455.64173275726 7376.69743621265 83.2259386618583 4000000 0.13467705770152
61600 304.735992541339 6451.57573327364 7375.88408641126 82.965965333195 4000000 0.13467705770152
61700 304.266862099936 6440.02540421304 7364.52916988717 83.1256746292381 4000000 0.13467705770152
61800 302.965973258892 6422.2424012565 7333.04222533286 84.5830597125259 4000000 0.13467705770152
61900 301.864027087323 6400.21649128979 7306.37052448395 84.9806972608357 4000000 0.13467705770152
62000 301.550023533315 6376.40459087027 7298.77032669383 83.2854707519632 4000000 0.13467705770152
62100 300.715387066975 6351.56308996785 7278.56863742609 82.62888153914 4000000 0.13467705770152
62200 299.158598113476 6327.54481982133 7240.88784110055 83.4154574783562 4000000 0.13467705770152
62300 298.772865099994 6306.941321216 7231.55149073374 82.197501773336 4000000 0.13467705770152
62400 298.91419218147 6290.25057349572 7234.97219651432 80.3424748513237 4000000 0.13467705770152
62500 297.814906415858 6277.35269666788 7208.36488860371 81.1605826921931 4000000 0.13467705770152
62600 298.100280055942 6268.79145191532 7215.27212287236 79.9523794719453 4000000 0.13467705770152
62700 297.969526627754 6264.25787274916 7212.1073436739 80.102131265947 4000000 0.13467705770152
62800 297.932149091787 6263.65589595536 7211.20265115487 80.6947084362478 4000000 0.13467705770152
62900 297.908621016498 6267.30374450338 7210.63317344187 81.8041614050971 4000000 0.13467705770152
63000 297.681835111245 6275.56059242749 7205.14400711257 83.2924246594364 4000000 0.13467705770152
63100 299.048627036394 6289.40337080398 7238.22608161933 81.8358130388876 4000000 0.13467705770152
63200 299.606842604224 6308.30341443049 7251.73723036553 82.1127350554287 4000000 0.13467705770152
63300 300.412856674015 6332.49577813497 7271.24613806367 82.4605677888628 4000000 0.13467705770152
63400 301.662571192252 6360.21755128256 7301.49445021989 82.5026369070821 4000000 0.13467705770152
63500 302.208201141562 6390.33877020368 7314.70097442013 83.7318797635462 4000000 0.13467705770152
63600 304.097469161717 6418.4613994736 7360.4291531253 82.2350721401365 4000000 0.13467705770152
63700 304.370724175153 6441.21111206004 7367.04306600224 83.3523745390223 4000000 0.13467705770152
63800 305.339427786306 6456.25747087552 7390.48974025417 82.6945897473933 4000000 0.13467705770152
63900 305.808461883298 6462.05428172069 7401.84232484103 82.3190340847876 4000000 0.13467705770152
64000 306.041214330552 6456.07414236347 7407.47590641259 81.9138731818137 4000000 0.13467705770152
64100 304.270554405542 6435.95553316984 7364.61853910783 84.6013132496891 4000000 0.13467705770152
64200 301.96183932711 6399.52795320598 7308.73798930781 86.5026516730126 4000000 0.13467705770152
64300 301.060583308167 6349.58995104701 7286.92382855683 83.3889689140844 4000000 0.13467705770152
64400 299.005486930556 6297.39768732681 7237.18191083568 81.7927792572457 4000000 0.13467705770152
64500 297.150736443903 6259.05486504413 7192.28920064191 81.2973819435786 4000000 0.13467705770152
64600 296.771083140697 6238.9988168938 7183.10000466242 79.785483614233 4000000 0.13467705770152
64700 296.127298212578 6231.54165916105 7167.51771992217 80.3255709756467 4000000 0.13467705770152
64800 295.544892795557 6232.53128069003 7153.42107576988 81.6168524622419 4000000 0.13467705770152
64900 296.645183628816 6240.99084238744 7180.05271051634 80.3601642087713 4000000 0.13467705770152
65000 296.911508149172 6253.97941274196 7186.49887650788 81.5794829143505 4000000 0.13467705770152
65100 296.894584872185 6271.29252828254 7186.089262506 83.699701142183 4000000 0.13467705770152
65200 298.660160361909 6293.18900738052 7228.82356523609 82.336826093867 4000000 0.13467705770152
65300 299.482769395753 6316.46210811573 7248.73414039154 82.5083306149536 4000000 0.13467705770152
65400 300.253602906854 6339.09161285724 7267.39153159888 82.9009387788141 4000000 0.13467705770152
65500 301.102033274895 6359.14841914641 7287.92709091328 82.7464113505741 4000000 0.13467705770152
65600 301.786658182339 6375.73491120916 7304.49787376655 82.5517443279712 4000000 0.13467705770152
65700 302.316479467406 6388.31912032601 7317.32176224975 82.3703856469286 4000000 0.13467705770152
65800 302.576569315622 6395.86316612945 7323.61702312948 82.4410995403884 4000000 0.13467705770152
65900 302.265851462422 6398.53114145158 7316.09635302527 83.3964623673237 4000000 0.13467705770152
66000 302.562061264576 6396.45615828865 7323.26586768525 82.7969306219969 4000000 0.13467705770152
66100 302.040014473976 6389.49802680587 7310.63015444693 83.2447081583908 4000000 0.13467705770152
66200 301.735297172172 6376.61529798515 7303.25472275443 82.6584843736871 4000000 0.13467705770152
66300 301.19421856797 6358.5640822769 7290.15836011953 82.186086468596 4000000 0.13467705770152
66400 299.695605968175 6334.43591280993 7253.88567459151 83.2673129156193 4000000 0.13467705770152
66500 298.788243656856 6306.15302817881 7231.92371605535 82.6180505901877 4000000 0.13467705770152
66600 297.986071920495 6275.81913457876 7212.50780887795 81.2818753154489 4000000 0.13467705770152
66700 296.507939625544 6246.23466813596 7176.73083228579 81.4995463714589 4000000 0.13467705770152
66800 295.79066610321 6221.54861210602 7159.36981655914 80.6602544473673 4000000 0.13467705770152
66900 295.459953879059 6203.96134681195 7151.36519914932 79.7369398460547 4000000 0.13467705770152
67000 294.811904489137 6195.20841687624 7135.67969661819 80.2852246276928 4000000 0.13467705770152
67100 295.061426663742 6195.74560946603 7141.71917564896 80.2571576899645 4000000 0.13467705770152
67200 295.504376945363 6206.56096621309 7152.44042293594 80.9826074069707 4000000 0.13467705770152
67300 296.866262325017 6231.39010080507 7185.40373854411 81.2602871245465 4000000 0.13467705770152
67400 298.34544389484 6274.01297078686 7221.20611197163 82.9251661776477 4000000 0.13467705770152
67500 300.381242319554 6331.30387545792 7270.4809386134 84.3511764873501 4000000 0.13467705770152
67600 302.953549472392 6383.68175517817 7332.74151779787 83.8188507887592 4000000 0.13467705770152
67700 303.805940837466 6415.80422128529 7353.37294978796 84.0912570608897 4000000 0.13467705770152
67800 305.018762830996 6429.11987032692 7382.72830872382 82.057905955897 4000000 0.13467705770152
67900 304.423568534235 6429.82641956943 7368.32212025493 82.9254910681945 4000000 0.13467705770152
68000 303.480283732917 6423.07252026983 7345.49068739079 84.164445117315 4000000 0.13467705770152
68100 303.501583476272 6410.90539567287 7346.00623016192 83.1047065759606 4000000 0.13467705770152
68200 302.507153338354 6393.78836524213 7321.936866487 83.7095070201184 4000000 0.13467705770152
68300 301.43969762799 6373.06000042216 7296.0999788868 83.922286426864 4000000 0.13467705770152
68400 300.987233479618 6351.26696831442 7285.14845627927 82.340767435866 4000000 0.13467705770152
68500 300.451840830429 6328.69056868339 7272.18971750934 80.7348278869343 4000000 0.13467705770152
68600 299.683438078588 6307.06213097251 7253.59116083085 80.1548578673802 4000000 0.13467705770152
68700 298.200543431635 6287.45643681372 7217.698915425 81.6468389251634 4000000 0.13467705770152
68800 296.991281583402 6272.45580904195 7188.42972687822 82.9565037954391 4000000 0.13467705770152
68900 297.319034264564 6263.48668297605 7196.36271098391 81.2990969975891 4000000 0.13467705770152
69000 297.362117790943 6259.96903274336 7197.40551230827 80.345166636412 4000000 0.13467705770152
69100 296.715712367802 6261.64004363542 7181.75980064109 81.5665693645077 4000000 0.13467705770152
69200 297.524048507625 6269.58269087745 7201.32491213473 80.570304691701 4000000 0.13467705770152
69300 298.133212592279 6284.01650501439 7216.06922783088 80.6209523018816 4000000 0.13467705770152
69400 298.192306677143 6304.36370646826 7217.49955155638 82.8182023337566 4000000 0.13467705770152
69500 299.455202797685 6330.89550875208 7248.06691355592 83.1501263687284 4000000 0.13467705770152
69600 300.586604285122 6361.42474815215 7275.45155610154 83.6131131719057 4000000 0.13467705770152
69700 302.48867495756 6391.99204905044 7321.48961247638 82.4850598237134 4000000 0.13467705770152
69800 302.879519546171 6418.04381298969 7330.94968431547 83.658682585896 4000000 0.13467705770152
69900 303.858739005415 6437.04350816669 7354.65088602225 82.9322795872443 4000000 0.13467705770152
70000 303.90840841223 6447.62396675258 7355.8530931664 82.9928951220462 4000000 0.13467705770152
70100 304.456631221912 6449.30684685034 7369.12237541959 81.9702595407813 4000000 0.13467705770152
70200 303.675862475562 6442.81986630302 7350.22451001373 83.4005863506028 4000000 0.13467705770152
70300 303.301442845299 6429.79525694724 7341.16199078366 83.4258009321584 4000000 0.13467705770152
70400 302.454592471131 6411.40912001178 7320.66467392161 83.6348564147213 4000000 0.13467705770152
70500 302.388523152153 6390.54418757274 7319.06552039075 82.2218862760909 4000000 0.13467705770152
70600 300.916306674101 6370.24413645223 7283.4317312815 83.5350384695067 4000000 0.13467705770152
70700 300.649359022541 6354.04745299217 7276.97048291164 82.9999134604013 4000000 0.13467705770152
70800 299.98597386367 6343.19607016278 7260.91379070515 83.4738217635425 4000000 0.13467705770152
70900 299.959063296738 6336.87996481871 7260.26244256365 83.2100036181114 4000000 0.13467705770152
71000 300.162324717907 6333.3831173609 7265.18221810206 82.6220526004878 4000000 0.13467705770152
71100 299.89367514015 6330.73555244099 7258.67977600825 83.0746769542579 4000000 0.13467705770152
71200 299.649483685942 6328.439272093 7252.76932268073 83.3915988732823 4000000 0.13467705770152
71300 300.241004381503 6326.88284585552 7267.08659465372 81.8959214014788 4000000 0.13467705770152
71400 300.003995784386 6325.36750862853 7261.34999647495 82.0526813791353 4000000 0.13467705770152
71500 299.531716414434 6324.06422008863 7249.91886272499 82.9951749128814 4000000 0.13467705770152
71600 298.633817528512 6322.82861029524 7228.18595861789 84.5632682407813 4000000 0.13467705770152
71700 299.601590219377 6323.44772499814 7251.61010070983 82.5430791169271 4000000 0.13467705770152
71800 299.551742012258 6325.97710581387 7250.40356585138 82.3198747722002 4000000 0.13467705770152
71900 300.185469672543 6330.00395122094 7265.74242269477 81.1930486881308 4000000 0.13467705770152
72000 299.836260085682 6333.94994322542 7257.29009183265 82.2261933479934 4000000 0.13467705770152
72100 299.954335588491 6338.96705392832 7260.14801227357 82.5053641771681 4000000 0.13467705770152
72200 300.886524064374 6345.05880179234 7282.71086770611 81.5759097580746 4000000 0.13467705770152
72300 299.435438278089 6351.37478804804 7247.58852961331 84.9859226191961 4000000 0.13467705770152
72400 300.835817834576 6359.40340360346 7281.48356511433 82.6151442545707 4000000 0.13467705770152
72500 301.393745555731 6368.18417622111 7294.98774676849 81.8115907216532 4000000 0.13467705770152
72600 301.253779664464 6376.80308676918 7291.59998747748 82.5966483054382 4000000 0.13467705770152
72700 302.381985409699 6384.15321656285 7318.90727971125 81.3225021257481 4000000 0.13467705770152
72800 301.750463725104 6388.82960599159 7303.62181669529 82.8037923976486 4000000 0.13467705770152
72900 302.741655291439 6390.43978676263 7327.61279340842 80.9260649540381 4000000 0.13467705770152
73000 302.097655096146 6386.75924713122 7312.02529830325 82.2239303896189 4000000 0.13467705770152
73100 300.980059922602 6378.26342597217 7284.97482623119 84.1283540096922 4000000 0.13467705770152
73200 300.776347411609 6365.06798948606 7280.04413243455 83.8952897033287 4000000 0.13467705770152
73300 299.876773108023 6347.22064745236 7258.27067622075 84.0948633557277 4000000 0.13467705770152
73400 300.165779667988 6326.44841844349 7265.26584232745 81.5285887943937 4000000 0.13467705770152
73500 298.314846914557 6303.04577380929 7220.46553722664 82.8446965954105 4000000 0.13467705770152
73600 297.837321226872 6280.89504889024 7208.90742067047 81.7835876455594 4000000 0.13467705770152
73700 297.324282291405 6261.96996467165 7196.48973515765 81.050426543489 4000000 0.13467705770152
73800 296.57081634671 6246.68552586258 7178.25271161218 81.1554328125385 4000000 0.13467705770152
73900 296.465536294721 6237.51598143652 7175.70449453546 80.5134212412173 4000000 0.13467705770152
74000 295.643840549818 6234.84296456684 7155.81602478774 81.9621946834367 4000000 0.13467705770152
74100 296.330201405881 6240.55527441078 7172.42882484969 81.3390252708369 4000000 0.13467705770152
74200 296.748439352913 6254.84808316228 7182.55193040122 81.7845809035209 4000000 0.13467705770152
74300 298.09301021746 6278.98152455485 7215.09616241057 81.5861363785109 4000000 0.13467705770152
74400 299.211945709521 6311.55373907928 7242.17907579008 82.4295913593586 4000000 0.13467705770152
74500 301.080105714078 6348.49141034533 7287.3963523368 82.2181828704336 4000000 0.13467705770152
74600 302.098426103314 6383.43365770475 7312.04395989767 83.3103560799633 4000000 0.13467705770152
74700 303.297916839011 6410.23017744035 7341.07664670125 83.1791433799087 4000000 0.13467705770152
74800 304.128962321239 6427.12819371178 7361.19141915174 82.8302571327679 4000000 0.13467705770152
74900 303.676100998472 6433.1965713389 7350.23028326461 83.9607092845038 4000000 0.13467705770152
75000 304.4193085151 6431.78693260047 7368.21900999518 82.0614157178966 4000000 0.13467705770152
75100 303.977012117022 6422.9826269599 7357.51358942161 82.2541195081376 4000000 0.13467705770152
75200 303.346568409227 6409.17892327025 7342.25421794756 82.9691733770864 4000000 0.13467705770152
75300 302.035253892177 6392.09943187806 7310.51492847956 84.7873804168778 4000000 0.13467705770152
75400 301.701509217641 6374.90844140103 7302.43691310203 84.2988967487245 4000000 0.13467705770152
75500 301.02780271993 6358.64666350615 7286.13040137711 83.9344915560036 4000000 0.13467705770152
75600 301.09195393597 6343.81667681261 7287.68312880378 82.4068030835806 4000000 0.13467705770152
75700 300.054610860254 6331.06639791192 7262.57509276081 83.2600641391289 4000000 0.13467705770152
75800 299.503555342782 6321.08892786042 7249.23724714515 83.2335501387246 4000000 0.13467705770152
75900 299.523364245552 6314.00767049035 7249.71670534598 81.8715423155494 4000000 0.13467705770152
76000 299.191698099112 6309.15270827324 7241.68899903164 81.3934606327866 4000000 0.13467705770152
76100 299.165737519534 6306.07596008987 7241.06064455278 80.7991263883162 4000000 0.13467705770152
76200 298.585809338385 6305.18666126463 7227.02395985753 81.5896273228654 4000000 0.13467705770152
76300 298.823933805023 6306.87788814968 7232.78756674036 81.4108293619303 4000000 0.13467705770152
76400 298.73185838496 6311.17494715995 7230.55895692 81.8657552374304 4000000 0.13467705770152
76500 299.416833406101 6317.30084758518 7247.13821398739 80.9447771411496 4000000 0.13467705770152
76600 299.628183803392 6325.29493589113 7252.25377654052 81.0611306111878 4000000 0.13467705770152
76700 300.319445765491 6334.95614048506 7268.98520384344 80.4241659753776 4000000 0.13467705770152
76800 300.573574639584 6345.82807851155 7275.13618424679 80.9767045527153 4000000 0.13467705770152
76900 300.560949318554 6358.09203056238 7274.83059873423 82.3342009955085 4000000 0.13467705770152
77000 300.928472165779 6373.27985336489 7283.72618700274 83.1875444793763 4000000 0.13467705770152
77100 302.530338567421 6393.21177735567 7322.49804588917 82.0940804248893 4000000 0.13467705770152
77200 303.872724003438 6417.70247145961 7354.98938139824 82.200321708793 4000000 0.13467705770152
77300 304.50098671425 6444.64447113352 7370.19596363396 84.0733353618336 4000000 0.13467705770152
77400 306.177308750911 6470.10239562243 7410.76995993414 83.9052161145071 4000000 0.13467705770152
77500 306.320092902728 6489.32796932185 7414.22593290405 86.0213902607986 4000000 0.13467705770152
77600 307.283607226457 6498.26435513689 7437.54700472152 85.2356854137853 4000000 0.13467705770152
77700 307.924611427699 6492.77268065272 7453.06198425456 83.583162462065 4000000 0.13467705770152
77800 305.900422287613 6470.19224492692 7404.06815079979 85.3498130093554 4000000 0.13467705770152
77900 304.788782648989 6431.8977909349 7377.16182755266 83.563550428396 4000000 0.13467705770152
78000 302.890243130477 6385.19521790156 7331.20923985459 82.2328099402667 4000000 0.13467705770152
78100 300.937143669224 6341.82672709784 7283.93607361223 81.6961021185007 4000000 0.13467705770152
78200 299.466480557972 6309.03817848494 7248.3398824689 81.4102634759989 4000000 0.13467705770152
78300 297.620175810134 6287.47729510622 7203.65159443743 82.8415791859815 4000000 0.13467705770152
78400 297.159970665827 6275.45076590489 7192.51270738942 82.2969622051774 4000000 0.13467705770152
78500 297.911680081635 6270.61801114594 7210.70721559774 79.8484210338771 4000000 0.13467705770152
78600 297.292456644459 6270.28599575524 7195.71942154654 80.6424975232967 4000000 0.13467705770152
78700 297.68693307989 6274.75769278301 7205.26739925109 80.1436862485956 4000000 0.13467705770152
78800 298.062391821599 6283.9093776967 7214.35506931915 80.0000977459429 4000000 0.13467705770152
78900 298.471786931612 6297.03480250056 7224.26414127291 80.3935682026535 4000000 0.13467705770152
79000 298.721956028557 6313.52148199669 7230.31927852691 81.5295934612663 4000000 0.13467705770152
79100 299.704736246 6332.90740127922 7254.10666545757 81.6694303646022 4000000 0.13467705770152
79200 300.651246770511 6353.31354055181 7277.01617429879 81.936591858497 4000000 0.13467705770152
79300 301.317578427253 6373.67148826215 7293.14418406307 82.589432071972 4000000 0.13467705770152
79400 302.411624565535 6391.33730986941 7319.6246711032 82.2389309298124 4000000 0.13467705770152
79500 302.990331741564 6405.09937258197 7333.63180237368 82.390315502288 4000000 0.13467705770152
79600 303.419734750081 6413.71654983995 7344.02514905638 82.4259306752513 4000000 0.13467705770152
79700 303.218972538586 6416.37601657082 7339.16586483278 83.235830839171 4000000 0.13467705770152
79800 303.358987377831 6411.91026985619 7342.55480886932 82.8329499723769 4000000 0.13467705770152
79900 302.841211082019 6399.16951816607 7330.02245944533 82.7824226592129 4000000 0.13467705770152
80000 301.95980936222 6376.83690668611 7308.68885567706 82.4492690575724 4000000 0.13467705770152
80100 300.089602858695 6343.67941922261 7263.42204530587 83.0106973651497 4000000 0.13467705770152
80200 298.584327412402 6302.17620266944 7226.98809105782 82.1740194769897 4000000 0.13467705770152
80300 297.110123559395 6260.52754135104 7191.3061991722 81.3678740742536 4000000 0.13467705770152
80400 295.326579894393 6227.67660794532 7148.13699153645 82.016842259768 4000000 0.13467705770152
80500 295.151493957625 6208.28661082936 7143.89918042659 80.5996991304521 4000000 0.13467705770152
80600 294.857282356975 6201.64179650172 7136.77803059071 80.5466873540355 4000000 0.13467705770152
80700 294.806695272694 6205.4526457554 7135.5536118182 81.2993455034172 4000000 0.13467705770152
80800 295.237209416407 6217.03773465701 7145.97385261454 81.6914987035477 4000000 0.13467705770152
80900 296.163657739521 6234.11168144184 7168.39777236995 81.4303755775617 4000000 0.13467705770152
81000 297.602305654969 6253.4720877167 7203.21906202797 80.4530527225491 4000000 0.13467705770152
81100 298.317598201515 6272.27764824143 7220.53212986482 81.011805269469 4000000 0.13467705770152
81200 298.170766928022 6289.34266145051 7216.97819964307 83.1661891319501 4000000 0.13467705770152
81300 299.672911078577 6305.13748985599 7253.33636345292 81.8613739690894 4000000 0.13467705770152
81400 300.400231538409 6318.62294118407 7270.94055703917 81.4503839853064 4000000 0.13467705770152
81500 299.908802347218 6329.39678014731 7259.04591761482 82.9667733587372 4000000 0.13467705770152
81600 300.416033189191 6337.87763182281 7271.32302300118 82.5295388580068 4000000 0.13467705770152
81700 301.036476051945 6344.10480783936 7286.34033224565 81.651622076448 4000000 0.13467705770152
81800 301.459503125445 6348.07411910541 7296.57935466479 81.2658189981493 4000000 0.13467705770152
81900 300.566258609725 6349.47725170856 7274.95910576071 83.2450633443862 4000000 0.13467705770152
82000 300.971462647814 6349.09174306101 7284.76673626529 82.2577046011575 4000000 0.13467705770152
82100 300.977480217546 6346.87344238286 7284.91238659183 81.6723696209723 4000000 0.13467705770152
82200 299.7746110199 6343.27632221171 7255.79792689522 83.3375079755201 4000000 0.13467705770152
82300 299.600474130552 6338.85424092621 7251.58308669768 82.8251402062222 4000000 0.13467705770152
82400 299.462422475512 6333.9586090724 7248.24165992029 82.3742894043765 4000000 0.13467705770152
82500 299.435664147902 6329.07431584586 7247.59399660639 81.7910930871492 4000000 0.13467705770152
82600 299.28586889734 6323.90143338958 7243.96832575725 81.2208655062798 4000000 0.13467705770152
82700 298.239604927496 6317.54735132041 7218.6443668084 82.4238644001597 4000000 0.13467705770152
82800 298.431203534345 6312.07462596174 7223.28185351761 81.1486920535029 4000000 0.13467705770152
82900 298.662211046503 6307.76903070039 7228.87320037022 79.9496631994782 4000000 0.13467705770152
83000 298.161938022843 6304.97027372041 7216.76450325406 80.5262819545867 4000000 0.13467705770152
83100 297.666750200359 6305.25637664077 7204.77888925033 81.7492825539005 4000000 0.13467705770152
83200 298.361832079361 6310.31411017129 7221.60277450039 81.1121927260359 4000000 0.13467705770152
83300 298.465114950201 6319.43532292928 7224.10265144988 81.719137188018 4000000 0.13467705770152
83400 299.297645497564 6333.26433768398 7244.25336868067 81.3556053074408 4000000 0.13467705770152
83500 299.786385632965 6350.2221827291 7256.08292172108 82.0738600915776 4000000 0.13467705770152
83600 300.891453779165 6369.40000817982 7282.83018739845 81.9990461311675 4000000 0.13467705770152
83700 302.026553154867 6388.07388639921 7310.3043342884 82.0048253388301 4000000 0.13467705770152
83800 302.830161660667 6404.06319074779 7329.75501728847 82.6376785281739 4000000 0.13467705770152
83900 302.858643406679 6415.57841155599 7330.44439452749 84.3164531365863 4000000 0.13467705770152
84000 303.270456068688 6421.72790418215 7340.41198133915 84.5064204282308 4000000 0.13467705770152
84100 303.759332452494 6422.06743993724 7352.24483216017 83.7180668036445 4000000 0.13467705770152
84200 302.986754426992 6414.57397652372 7333.54521641642 84.5031938338129 4000000 0.13467705770152
84300 301.720525162325 6399.77664802943 7302.8971784045 85.1394952865073 4000000 0.13467705770152
84400 301.742294896694 6378.69417587097 7303.42409692162 82.3397535083394 4000000 0.13467705770152
84500 300.556390787469 6351.36485021951 7274.72026323823 81.4918759126518 4000000 0.13467705770152
84600 298.902313878214 6320.97691349337 7234.68469195266 81.6866485534122 4000000 0.13467705770152
84700 297.826872267489 6292.22903409357 7208.65451220177 81.0757213738745 4000000 0.13467705770152
84800 297.168543059737 6268.60865068663 7192.72019513414 80.3364635053039 4000000 0.13467705770152
84900 296.46910711803 6251.61766059915 7175.79092337704 80.5711244652282 4000000 0.13467705770152
85000 295.986530712266 6242.76674791446 7164.11055834347 81.1250158992062 4000000 0.13467705770152
85100 296.264456994261 6242.08342676171 7170.83753543425 80.5837533388373 4000000 0.13467705770152
85200 297.153126193868 6248.28401491991 7192.3470425745 79.6868547972073 4000000 0.13467705770152
85300 297.151871782423 6259.74327105242 7192.31668057711 81.3173326195736 4000000 0.13467705770152
85400 298.072554542771 6277.24125858213 7214.60104962735 81.7466394766666 4000000 0.13467705770152
85500 299.274334423034 6299.82972918381 7243.68914329256 82.0328751813496 4000000 0.13467705770152
85600 300.487704486993 6325.25840471693 7273.05776782241 82.3951178451432 4000000 0.13467705770152
85700 301.81883979627 6351.49176708521 7305.27680326578 82.5666788325527 4000000 0.13467705770152
85800 301.708356496127 6375.3212387919 7302.60264584663 85.2870212028203 4000000 0.13467705770152
85900 303.140403800574 6396.03649622484 7337.26417314365 84.5162452154127 4000000 0.13467705770152
86000 303.414004858534 6411.63378700282 7343.8864617437 84.9808253594731 4000000 0.13467705770152
86100 303.990376619782 6420.88977257565 7357.83706622004 84.1781167153064 4000000 0.13467705770152
86200 303.889324840747 6422.80023089988 7355.39119101287 83.8486908465106 4000000 0.13467705770152
86300 303.938629591241 6415.92000729347 7356.58457195065 82.6100667913605 4000000 0.13467705770152
86400 302.39965426629 6393.820262704 7319.33493985428 83.1055559207888 4000000 0.13467705770152
86500 299.965617959977 6344.74605700824 7260.42109279683 82.7580923260432 4000000 0.13467705770152
86600 297.709101698671 6274.90412597733 7205.80397243734 80.3969913772879 4000000 0.13467705770152
86700 294.974010738885 6218.24673640269 7139.60334507813 80.3963402500106 4000000 0.13467705770152
86800 294.065352573711 6187.7122981143 7117.6100214651 79.6382167724341 4000000 0.13467705770152
86900 292.915690564281 6175.69777732487 7089.783398002 80.8478349342092 4000000 0.13467705770152
87000 294.307486022424 6177.96844950525 7123.47066246211 78.4759461460398 4000000 0.13467705770152
87100 294.175033610777 6190.68217493987 7120.26476076626 80.2803714437675 4000000 0.13467705770152
87200 294.365198293628 6213.69873407863 7124.86754052437 82.2318177260473 4000000 0.13467705770152
87300 296.739873778216 6245.73936548696 7182.34460770997 80.2713286097904 4000000 0.13467705770152
87400 297.251143765226 6280.83700512734 7194.71947728017 82.0381551800401 4000000 0.13467705770152
87500 299.410149751049 6315.04225796312 7246.97644161345 80.8713296263316 4000000 0.13467705770152
87600 300.539066751642 6344.28319468768 7274.30094919824 81.3737172981411 4000000 0.13467705770152
87700 301.148044939614 6367.86588052412 7289.0407654181 82.520932298521 4000000 0.13467705770152
87800 302.233058701932 6385.22660483128 7315.30263122619 82.4221675425122 4000000 0.13467705770152
87900 302.93107067445 6396.43152632377 7332.19743698013 82.8198451519821 4000000 0.13467705770152
88000 302.827482511326 6401.96852408829 7329.69017068198 84.2994538753073 4000000 0.13467705770152
88100 302.722426466204 6402.38411392469 7327.14737550727 84.6956286328556 4000000 0.13467705770152
88200 303.355449815889 6396.56983936791 7342.4691850918 82.7571891518062 4000000 0.13467705770152
88300 303.351972690754 6383.86772980877 7342.38502413746 81.7085613903677 4000000 0.13467705770152
88400 301.376710227561 6363.75434856202 7294.57542065989 84.2843638346563 4000000 0.13467705770152
88500 299.848365313215 6340.4354309894 7257.58308890983 85.082660343803 4000000 0.13467705770152
88600 299.625142472318 6316.85906584791 7252.18016362304 82.3006716779456 4000000 0.13467705770152
88700 298.390506559003 6294.43533673973 7222.29681669841 81.4279779299064 4000000 0.13467705770152
88800 297.333775054334 6275.49896906318 7196.71949967755 80.6063370674047 4000000 0.13467705770152
88900 297.327155907067 6261.40974665193 7196.55928866151 78.5533108577088 4000000 0.13467705770152
89000 296.950701485659 6252.9204691919 7187.44751898519 78.4212417571372 4000000 0.13467705770152
89100 296.041609856827 6250.08757563061 7165.44370374079 80.2944049403718 4000000 0.13467705770152
89200 296.610309812425 6254.8355241842 7179.20861847061 80.2659377941293 4000000 0.13467705770152
89300 297.270681823727 6266.97966297448 7195.19237991821 80.7269503789394 4000000 0.13467705770152
89400 298.244846591101 6287.79939709664 7218.77123696523 81.2302588906318 4000000 0.13467705770152
89500 300.126418335198 6317.82664460637 7264.3131336378 80.9694059435086 4000000 0.13467705770152
89600 300.06704709929 6355.50391554076 7262.87610169919 85.061840999101 4000000 0.13467705770152
89700 302.001918704311 6397.93239279636 7309.70807767191 85.1478731196041 4000000 0.13467705770152
89800 305.542269879332 6435.84908620997 7395.39936629975 81.5946003756127 4000000 0.13467705770152
89900 305.516447249202 6459.43686100772 7394.77435077381 83.718655173068 4000000 0.13467705770152
90000 305.598321086233 6468.24822343619 7396.7560396666 84.496919853422 4000000 0.13467705770152
90100 305.821846809448 6465.19239794093 7402.16629597081 83.6850360294015 4000000 0.13467705770152
90200 305.435790618919 6453.62121496042 7392.82212336935 83.0485128057013 4000000 0.13467705770152
90300 304.465175397794 6436.0698736714 7369.32918017015 83.438451724157 4000000 0.13467705770152
90400 303.331712293811 6416.91856803328 7341.89463789149 84.2156534304646 4000000 0.13467705770152
90500 303.262582948747 6397.4629500641 7340.22141894577 82.9853769964422 4000000 0.13467705770152
90600 302.053333015573 6378.8747056664 7310.9525187932 83.9354698609561 4000000 0.13467705770152
90700 300.651775211516 6361.82281061487 7277.02896477872 85.2025816745739 4000000 0.13467705770152
90800 300.714166352419 6346.75491423745 7278.53909103418 83.5312845639283 4000000 0.13467705770152
90900 300.556745085432 6333.02040030185 7274.72883872907 82.0445437158992 4000000 0.13467705770152
91000 299.666436007871 6319.81346126433 7253.17963969154 82.3025327247993 4000000 0.13467705770152
91100 299.780462760558 6308.12357415018 7255.9395634654 81.2041160568761 4000000 0.13467705770152
91200 299.165079041107 6298.03579075786 7241.04470662398 81.7326418282118 4000000 0.13467705770152
91300 299.201244255254 6289.61226841409 7241.92005589036 81.3655806687647 4000000 0.13467705770152
91400 298.055754615695 6282.94058336933 7214.19442120863 83.0599195089402 4000000 0.13467705770152
91500 297.948348004541 6279.65259091456 7211.59473251622 82.5128820527402 4000000 0.13467705770152
91600 298.92589873169 6279.69462539333 7235.255543935 80.0769994137019 4000000 0.13467705770152
91700 298.201832281739 6282.37479778103 7217.73011098184 81.2671081585366 4000000 0.13467705770152
91800 298.504201802503 6289.60215806154 7225.04871656504 80.9101675210273 4000000 0.13467705770152
91900 299.18576300512 6300.89249194429 7241.54534496255 80.598557736741 4000000 0.13467705770152
92000 299.506285353591 6318.36336243188 7249.30332481162 81.6753329293709 4000000 0.13467705770152
92100 300.355702218612 6342.5840771339 7269.86276147414 82.5032946483701 4000000 0.13467705770152
92200 301.576708844049 6372.74753874865 7299.4162226943 83.1335864349232 4000000 0.13467705770152
92300 302.857500841361 6404.92741574189 7330.4167396736 83.7508528720977 4000000 0.13467705770152
92400 304.312322156996 6434.3696004725 7365.62949318223 83.8556208162259 4000000 0.13467705770152
92500 305.165324442558 6456.76874099608 7386.27571200028 84.3535499003777 4000000 0.13467705770152
92600 305.740865626805 6469.68486050709 7400.20621304338 84.3982671040777 4000000 0.13467705770152
92700 305.322062273403 6471.78248012567 7390.06942229563 85.2837580940045 4000000 0.13467705770152
92800 305.418040183119 6462.85875332067 7392.39248866865 84.186586949471 4000000 0.13467705770152
92900 303.863545903784 6441.90260955617 7354.76723304411 84.8595440101098 4000000 0.13467705770152
93000 303.353074118705 6408.59446243815 7342.41168329522 82.6671458126868 4000000 0.13467705770152
93100 300.332180960648 6366.97290339618 7269.29344876886 84.1531465722472 4000000 0.13467705770152
93200 299.420663650766 6327.93456566685 7247.23092190952 81.5900957910958 4000000 0.13467705770152
93300 298.222275446942 6298.74115927437 7218.22492098323 80.5451564988141 4000000 0.13467705770152
93400 297.209822482776 6281.71721933205 7193.71932962083 80.8267522291706 4000000 0.13467705770152
93500 297.918244887718 6274.48272243385 7210.86611133012 79.1589127401928 4000000 0.13467705770152
93600 296.759405976089 6273.08837344754 7182.81736849632 81.8143330419845 4000000 0.13467705770152
93700 297.286883087064 6276.99438820513 7195.58451817345 81.7374952716028 4000000 0.13467705770152
93800 298.062267451925 6284.9943215514 7214.35205905347 81.1803053361871 4000000 0.13467705770152
93900 298.912448883875 6295.08953086236 7234.9300014297 80.5489130043732 4000000 0.13467705770152
94000 298.750261740463 6306.70540772045 7231.00439500516 81.8861955926669 4000000 0.13467705770152
94100 299.600351704263 6319.46192356132 7251.58012347004 81.5099209801202 4000000 0.13467705770152
94200 300.032139547775 6333.04149725751 7262.03119312252 81.9974010693688 4000000 0.13467705770152
94300 300.154504956332 6346.17967876249 7264.99294720406 83.0623965086644 4000000 0.13467705770152
94400 300.726003360295 6358.81004428349 7278.82559607514 83.3363925697724 4000000 0.13467705770152
94500 301.346694207654 6370.69322729819 7293.84890758303 83.2400975083252 4000000 0.13467705770152
94600 301.506555999464 6380.66170530854 7297.7182307844 83.4769508974063 4000000 0.13467705770152
94700 302.441259401777 6388.15725770818 7320.34195794292 82.1040527203275 4000000 0.13467705770152
94800 302.424982022652 6391.47949723215 7319.94797736763 82.534331312308 4000000 0.13467705770152
94900 302.245830422928 6390.03426379946 7315.61176022952 83.1422043180045 4000000 0.13467705770152
95000 301.512269080814 6383.69615296782 7297.85651122008 84.0355772122506 4000000 0.13467705770152
95100 301.349786998881 6370.48762448023 7293.92376605117 83.2004558224788 4000000 0.13467705770152
95200 301.030066879713 6349.12911737832 7286.18520350264 81.8024708077893 4000000 0.13467705770152
95300 299.478242970188 6317.90212627252 7248.62458198326 81.8512498928783 4000000 0.13467705770152
95400 297.896667757379 6280.85940431402 7210.34385463518 81.5293078880956 4000000 0.13467705770152
95500 296.301188838741 6244.69658402178 7171.72659952183 81.2737304558878 4000000 0.13467705770152
95600 294.990105023589 6216.41940158039 7139.99289400353 81.1618410345241 4000000 0.13467705770152
95700 294.259716340311 6199.70163871276 7122.31443659206 80.6965221405582 4000000 0.13467705770152
95800 294.443868434973 6195.02918223284 7126.77168659779 79.6861566145752 4000000 0.13467705770152
95900 294.377332071437 6200.89139748864 7125.16122863749 80.3205207686875 4000000 0.13467705770152
96000 295.209767853938 6217.37811091015 7145.30965216274 80.3562397762859 4000000 0.13467705770152
96100 295.443196490219 6242.68257049632 7150.95960033361 81.9501002208593 4000000 0.13467705770152
96200 297.4440134535 6274.7811872078 7199.38772946998 80.5315702424832 4000000 0.13467705770152
96300 298.807257504643 6307.28324299072 7232.38393060415 80.4860980458885 4000000 0.13467705770152
96400 298.804260816842 6334.83576137799 7232.31139824038 82.6758970184148 4000000 0.13467705770152
96500 300.695154256564 6355.63669979918 7278.07891888945 80.8219316365482 4000000 0.13467705770152
96600 300.498484181756 6369.10020744338 7273.318681469 82.4191149045225 4000000 0.13467705770152
96700 301.315471688353 6377.33216394697 7293.09319218056 82.1617842904411 4000000 0.13467705770152
96800 300.622260092508 6381.56689235124 7276.3145755962 84.0311690148397 4000000 0.13467705770152
96900 301.512487513539 6383.62008504776 7297.86179820456 82.3894866831303 4000000 0.13467705770152
97000 301.689324381501 6382.81330271237 7302.14198916399 81.6473464987748 4000000 0.13467705770152
97100 302.020368844281 6378.80708552319 7310.1546481366 80.5047624446639 4000000 0.13467705770152
97200 301.853879975661 6371.42983266695 7306.12492199111 80.6241669645328 4000000 0.13467705770152
97300 300.73745729936 6360.35399949262 7279.10282925055 82.8473173936617 4000000 0.13467705770152
97400 299.994430617327 6347.80032668559 7261.11847947263 83.932193398592 4000000 0.13467705770152
97500 299.897507987544 6334.52459260474 7258.77254692731 83.1471818982634 4000000 0.13467705770152
97600 299.55136158322 6320.5793056617 7250.39435787939 82.5314276151555 4000000 0.13467705770152
97700 298.652042605331 6306.29728599528 7228.62708161411 82.7241192373314 4000000 0.13467705770152
97800 298.757265869273 6293.01560746199 7231.17392418284 81.237571210702 4000000 0.13467705770152
97900 297.70976216943 6280.70175305268 7205.81995858891 82.0978143236362 4000000 0.13467705770152
98000 297.617870169472 6270.11451220523 7203.59578830134 81.1893972753241 4000000 0.13467705770152
98100 297.443716494193 6261.59191913203 7199.38054181417 80.6851026664456 4000000 0.13467705770152
98200 296.841840762938 6255.95868213914 7184.81263471813 81.1296924479627 4000000 0.13467705770152
98300 296.821512342653 6255.8019702926 7184.32060202309 80.6872773746495 4000000 0.13467705770152
98400 296.957331173316 6262.18870046336 7187.60798512269 80.5159143439701 4000000 0.13467705770152
98500 297.974571158337 6278.44669666494 7212.22944238806 79.513489915743 4000000 0.13467705770152
98600 298.688268206443 6305.10675793394 7229.50389249731 80.3214565444907 4000000 0.13467705770152
98700 299.734294684757 6339.50750840327 7254.82210315899 81.5392024945957 4000000 0.13467705770152
98800 301.17413500519 6376.13765023934 7289.67225399903 82.0902944832011 4000000 0.13467705770152
98900 303.077524058159 6408.88434139778 7335.74222069041 81.5117036793975 4000000 0.13467705770152
99000 303.313206838724 6433.20446397742 7341.44672856989 83.3053630188722 4000000 0.13467705770152
99100 304.586840303794 6447.85652618312 7372.2739791634 82.4832223515404 4000000 0.13467705770152
99200 303.990593948283 6453.32433894563 7357.84232647767 83.9604249860087 4000000 0.13467705770152
99300 304.168713808229 6450.66449445481 7362.15357120297 82.9599081852149 4000000 0.13467705770152
99400 304.352018939745 6439.62951389956 7366.59032116226 81.3067709173922 4000000 0.13467705770152
99500 302.877143517755 6420.21877001687 7330.89217450168 82.1802919537629 4000000 0.13467705770152
99600 302.632208610945 6394.90377010335 7324.96372651537 80.4860408728662 4000000 0.13467705770152
99700 300.27526560069 6366.09603023099 7267.91585928792 82.6280671000476 4000000 0.13467705770152
99800 299.954090909741 6338.09033091894 7260.14209002565 81.2611479732131 4000000 0.13467705770152
99900 298.458893875317 6314.10374038267 7223.95207544847 82.0823229612121 4000000 0.13467705770152
100000 298.306906915672 6296.3917159395 7220.27335608344 80.7610561747132 4000000 0.13467705770152
100100 298.220906788798 6284.96476040752 7218.19179373844 79.758764366299 4000000 0.13467705770152
100200 297.672767668333 6278.91928427789 7204.9245371139 80.4143195899357 4000000 0.13467705770152
100300 297.832608176765 6277.95429891501 7208.79334516863 80.5907805859181 4000000 0.13467705770152
100400 297.235773551488 6281.40367950808 7194.34745389702 82.6377083324968 4000000 0.13467705770152
100500 297.465287411672 6288.57248724316 7199.90264813195 83.0219006807877 4000000 0.13467705770152
100600 297.807626126207 6299.81656105088 7208.18867517995 82.7812274702249 4000000 0.13467705770152
100700 298.649846495592 6313.39787613048 7228.57392658395 81.7012254417672 4000000 0.13467705770152
100800 299.255316517382 6327.2336875313 7243.22883052645 80.9987086951458 4000000 0.13467705770152
100900 300.168311749605 6339.83265946915 7265.32712928061 79.7374911197191 4000000 0.13467705770152
101000 300.19733836412 6350.77656341973 7266.02969461365 80.5820720240713 4000000 0.13467705770152
101100 300.82385614763 6358.4826824105 7281.19404231902 80.4407510675887 4000000 0.13467705770152
101200 300.868270898006 6363.64616233993 7282.26906482545 81.3522273101756 4000000 0.13467705770152
101300 300.732039076111 6366.05120712904 7278.97168561273 82.4411331997127 4000000 0.13467705770152
101400 301.143705557871 6366.58397049432 7288.93573425168 82.1010210136599 4000000 0.13467705770152
101500 301.621631659046 6364.96006860749 7300.50354248706 81.1054888113113 4000000 0.13467705770152
101600 300.917920612494 6361.29553029515 7283.47079533301 81.9186886833015 4000000 0.13467705770152
101700 301.327591668051 6356.6507047398 7293.38654632174 80.7173565523631 4000000 0.13467705770152
101800 300.228991823965 6351.16235159735 7266.79584057757 82.2384832725659 4000000 0.13467705770152
101900 300.821624729003 6345.74419950931 7281.14003266628 80.7170578914488 4000000 0.13467705770152
102000 300.814958606416 6340.09915322127 7280.97868465122 80.5568624995102 4000000 0.13467705770152
102100 300.03993207958 6334.01218395959 7262.21980494632 82.0679848116044 4000000 0.13467705770152
102200 300.065983638508 6328.8777152514 7262.85036150553 82.121240942162 4000000 0.13467705770152
102300 299.33484514185 6324.99196990807 7245.15375547785 83.3661602566035 4000000 0.13467705770152
102400 299.843691910345 6322.77042384171 7257.46997303673 82.3561060273882 4000000 0.13467705770152
102500 299.146070044234 6321.29268300596 7240.58460948755 83.5629355521598 4000000 0.13467705770152
102600 299.697652324947 6321.1529756094 7253.93520497426 82.5260622752948 4000000 0.13467705770152
102700 300.087678443767 6321.70959905106 7263.37546642515 81.6574922325759 4000000 0.13467705770152
102800 299.993422085031 6322.69153266514 7261.09406877782 81.7759394285709 4000000 0.13467705770152
102900 300.756523257362 6323.06567558679 7279.56430508425 80.7044622007592 4000000 0.13467705770152
103000 299.466049186405 6322.78015166926 7248.32944147487 83.4859022179788 4000000 0.13467705770152
103100 300.097071667256 6322.56163474551 7263.60282167477 82.4538634345649 4000000 0.13467705770152
103200 300.334023601257 6322.61243186224 7269.33804836942 81.9278551085691 4000000 0.13467705770152
103300 300.531425377148 6321.69449462471 7274.11599601282 81.6016225232139 4000000 0.13467705770152
103400 300.714743231662 6320.17118022266 7278.55305392182 81.2143552422182 4000000 0.13467705770152
103500 299.824573618745 6316.17692285256 7257.00723051133 82.6731101842584 4000000 0.13467705770152
103600 300.348552251675 6309.2161009798 7269.68970240452 81.3919881215695 4000000 0.13467705770152
103700 298.829112567981 6296.53779562714 7232.91291443878 83.1829766619636 4000000 0.13467705770152
103800 298.293829931197 6277.04496619155 7219.95683842866 82.0894576748693 4000000 0.13467705770152
103900 297.332808622093 6253.5926278803 7196.69610797995 81.1470820756113 4000000 0.13467705770152
104000 296.712582744595 6230.55302637993 7181.68405068515 79.850583064321 4000000 0.13467705770152
104100 296.294591049044 6211.79132462 7171.56690544819 79.0443952507724 4000000 0.13467705770152
104200 294.690217658786 6199.39300010047 7132.73436696406 81.4488167934869 4000000 0.13467705770152
104300 294.687071785237 6196.29528217109 7132.65822368195 81.6227264465863 4000000 0.13467705770152
104400 294.908833230664 6203.46493202636 7138.02577709323 81.8363347561068 4000000 0.13467705770152
104500 295.552150479041 6220.98462343114 7153.59674202994 81.8962211072866 4000000 0.13467705770152
104600 296.907269764912 6247.26108133493 7186.3962899025 81.3457609569253 4000000 0.13467705770152
104700 298.078451232193 6279.71242019536 7214.7437741454 81.4692321136246 4000000 0.13467705770152
104800 299.885642186111 6313.66693947508 7258.48534496199 80.466192629479 4000000 0.13467705770152
104900 301.251265085099 6343.42905477548 7291.53912415191 80.4638276772209 4000000 0.13467705770152
105000 301.796294451285 6367.09319628758 7304.73111173157 82.035432685855 4000000 0.13467705770152
105100 302.260838827328 6384.45528589794 7315.97502631518 82.9891688734458 4000000 0.13467705770152
105200 303.084303251632 6395.23623423012 7335.90630549326 82.4833477045216 4000000 0.13467705770152
105300 303.015552118847 6399.69490632469 7334.24224086472 83.0547664024624 4000000 0.13467705770152
105400 303.006554120999 6398.06899759261 7334.02445172671 82.7734318376797 4000000 0.13467705770152
105500 303.352861543582 6390.52066742874 7342.40653808919 81.0214860010006 4000000 0.13467705770152
105600 302.493579534804 6376.63446682596 7321.60832373509 81.2435217583364 4000000 0.13467705770152
105700 300.864752285461 6356.80231481597 7282.18389970248 82.9384534164818 4000000 0.13467705770152
105800 300.224931771365 6333.96588475597 7266.69757034335 82.4500915303149 4000000 0.13467705770152
105900 299.075806195033 6309.96496713554 7238.8839308022 82.2722843543972 4000000 0.13467705770152
106000 299.286507603898 6287.73402822804 7243.98378512421 79.6540864300682 4000000 0.13467705770152
106100 297.239019268398 6267.75431262729 7194.42601380557 81.5284741969698 4000000 0.13467705770152
106200 297.236187027251 6252.98980903712 7194.35746173781 80.4244038788164 4000000 0.13467705770152
106300 295.848657366004 6243.87392113198 7160.77344738339 82.224671660649 4000000 0.13467705770152
106400 296.438012274422 6241.76605558676 7175.03829825971 80.9706236922451 4000000 0.13467705770152
106500 296.477060527776 6246.93304978653 7175.98342911911 81.0383367337809 4000000 0.13467705770152
106600 297.654289176634 6259.83765933793 7204.47728041894 79.9415141393562 4000000 0.13467705770152
106700 297.623440378956 6281.58601475345 7203.730610641 82.1132932639239 4000000 0.13467705770152
106800 299.408016546306 6316.28139290507 7246.92480914697 81.8361452465929 4000000 0.13467705770152
106900 301.496027441138 6364.19705875623 7297.46339568875 82.0105811893568 4000000 0.13467705770152
107000 303.83819335612 6414.78878128071 7354.15359547771 82.3810274007575 4000000 0.13467705770152
107100 304.736813371153 6452.86603883744 7375.90395392187 84.4627862236858 4000000 0.13467705770152
107200 305.156431174359 6473.59007057658 7386.0604577573 85.6687834565465 4000000 0.13467705770152
107300 305.861659546927 6478.88472568915 7403.12993053973 84.4619919368472 4000000 0.13467705770152
107400 306.324914632636 6472.70455676185 7414.34263891112 82.7664717207929 4000000 0.13467705770152
107500 304.956809336579 6458.37494923128 7381.22877534165 84.0453700241892 4000000 0.13467705770152
107600 304.661197405742 6439.21437006771 7374.07373166519 82.8055731226129 4000000 0.13467705770152
107700 303.611241553795 6416.61638999679 7348.66041374623 82.6371015449877 4000000 0.13467705770152
107800 302.759086123524 6392.04524799619 7328.03469236402 82.1347968263308 4000000 0.13467705770152
107900 301.85867712977 6367.06949664135 7306.24103316117 81.6321467280283 4000000 0.13467705770152
108000 300.580499222462 6343.66549971788 7275.30378808061 81.9602121262716 4000000 0.13467705770152
108100 300.193355311277 6323.42450292797 7265.93328809521 80.7658386153615 4000000 0.13467705770152
108200 299.174590740228 6305.81671151015 7241.27492947885 80.7497057847033 4000000 0.13467705770152
108300 299.146673183989 6291.83197416511 7240.59920798931 79.4132715011993 4000000 0.13467705770152
108400 298.500043463084 6280.42005091554 7224.9480673792 79.9192565200215 4000000 0.13467705770152
108500 297.423814099565 6272.65116169455 7198.89882071981 81.7894961734518 4000000 0.13467705770152
108600 296.976249785208 6269.97908430849 7188.065894565 82.4238508940075 4000000 0.13467705770152
108700 297.802217669906 6272.83835117617 7208.05776794308 80.4920704197534 4000000 0.13467705770152
108800 298.158384563699 6280.38977693812 7216.67849469781 80.1526095842385 4000000 0.13467705770152
108900 297.724162502644 6292.80566336172 7206.1685068116 82.2185117106365 4000000 0.13467705770152
109000 298.040735136632 6311.3015453617 7213.83088706984 83.2524861491589 4000000 0.13467705770152
109100 300.147589019494 6335.83933792583 7264.82555264052 81.3520206605468 4000000 0.13467705770152
109200 301.840021820828 6363.11087478131 7305.78949675024 80.8204921606241 4000000 0.13467705770152
109300 302.095188655748 6389.81113677973 7311.96560014181 83.3058933653781 4000000 0.13467705770152
109400 303.372727362599 6413.46152831542 7342.88737390097 83.5866487981869 4000000 0.13467705770152
109500 304.441500154695 6431.07139944697 7368.75614038131 83.6237484628437 4000000 0.13467705770152
109600 303.823389045556 6441.07739891721 7353.79526931546 86.0027194453782 4000000 0.13467705770152
109700 304.970219129845 6443.11422556297 7381.55334835949 84.0031265230235 4000000 0.13467705770152
109800 305.104924966253 6435.14326289542 7384.81379234849 82.8493150782197 4000000 0.13467705770152
109900 303.305418018367 6413.7640245636 7341.25820657863 84.2357502214355 4000000 0.13467705770152
110000 302.222580426167 6375.84930398825 7315.04901317857 82.8124496804629 4000000 0.13467705770152
110100 299.861440473144 6320.87799815731 7257.89956240298 82.372118263904 4000000 0.13467705770152
110200 297.12823460984 6265.96634557193 7191.74456225381 82.5573737053422 4000000 0.13467705770152
110300 296.289832577529 6229.91635335596 7171.45173055852 80.7142813804657 4000000 0.13467705770152
110400 295.542244273703 6213.08665959178 7153.35697047655 80.1311311430423 4000000 0.13467705770152
110500 295.86650860265 6208.86296183735 7161.20552188567 78.904075454121 4000000 0.13467705770152
110600 295.44107732735 6213.0416349899 7150.90830773916 80.2046479643708 4000000 0.13467705770152
110700 296.411884600711 6224.14968807465 7174.40589940478 79.6558062620886 4000000 0.13467705770152
110800 297.284438857377 6240.43950712225 7195.525357604 79.9142022064082 4000000 0.13467705770152
110900 297.953639874485 6260.12585128785 7211.7228178762 81.0970315369773 4000000 0.13467705770152
111000 299.032349663168 6282.71553987242 7237.83210118682 81.5701206757165 4000000 0.13467705770152
111100 300.375869675992 6305.3118727662 7270.35089819441 81.4337109850312 4000000 0.13467705770152
111200 299.985344413231 6325.79583447378 7260.89855537493 83.9897133703628 4000000 0.13467705770152
111300 301.59472152409 6344.04260669885 7299.85220480118 82.4836516580991 4000000 0.13467705770152
111400 301.852909957268 6358.19305133303 7306.10144349365 83.0333693230603 4000000 0.13467705770152
111500 302.276416715637 6367.96563161544 7316.35207629055 82.8813888756804 4000000 0.13467705770152
111600 302.850374089397 6373.52602559856 7330.2442425033 82.0334534991012 4000000 0.13467705770152
111700 302.799037483539 6374.00507804211 7329.00168217742 81.9530387600488 4000000 0.13467705770152
111800 302.467844529538 6368.55410732194 7320.98542909694 82.1834279476525 4000000 0.13467705770152
111900 300.869900283582 6358.04452025077 7282.30850276332 84.1630506446917 4000000 0.13467705770152
112000 301.15444104254 6343.26446904146 7289.19557782929 81.9293954464014 4000000 0.13467705770152
112100 299.786571013518 6323.74179954698 7256.08740870493 82.3411718741323 4000000 0.13467705770152
112200 298.574066268714 6300.02225000271 7226.73972851356 82.351350411981 4000000 0.13467705770152
112300 298.402249118554 6273.80913491869 7222.58103569533 80.3285411294995 4000000 0.13467705770152
112400 296.443785122668 6246.49344993839 7175.17802530396 81.9170572395017 4000000 0.13467705770152
112500 295.758031045256 6221.44490320949 7158.57991182023 81.7713554341538 4000000 0.13467705770152
112600 295.080850219481 6200.96847620839 7142.18930684179 82.0631762798005 4000000 0.13467705770152
112700 294.083132669404 6187.44514588473 7118.04037405911 83.3417775169116 4000000 0.13467705770152
112800 293.477336949496 6183.13280738655 7103.3775868615 83.9837254977169 4000000 0.13467705770152
112900 294.799877947968 6191.31321297036 7135.38860407974 81.7095527342322 4000000 0.13467705770152
113000 295.543345191656 6215.44494158713 7153.38361729021 81.6534719323956 4000000 0.13467705770152
113100 297.839426751084 6259.11072513019 7208.95838315246 80.3248917850607 4000000 0.13467705770152
113200 299.376204678453 6314.16999788577 7246.15482904748 81.6891471399496 4000000 0.13467705770152
113300 301.156633771874 6362.79893504803 7289.24865103954 82.3561738297982 4000000 0.13467705770152
113400 301.801908928271 6395.29442338335 7304.86700552971 83.3564668990842 4000000 0.13467705770152
113500 303.567644172539 6414.00564352487 7347.60517498713 81.2276366005438 4000000 0.13467705770152
113600 303.592462574729 6421.86322108697 7348.20588400165 82.1916981261262 4000000 0.13467705770152
113700 303.104089062891 6421.79955889637 7336.38520478307 83.9338152585561 4000000 0.13467705770152
113800 302.615782427878 6415.81697888463 7324.566144263 84.9696549225044 4000000 0.13467705770152
113900 302.060997056779 6405.19075084478 7311.13802060772 84.8277888737346 4000000 0.13467705770152
114000 302.89452651271 6390.55939300473 7331.31291559891 81.2558089231811 4000000 0.13467705770152
114100 301.12204370764 6370.35287032123 7288.41142698141 82.6231746599862 4000000 0.13467705770152
114200 300.464305948807 6348.22567565074 7272.49142544845 82.3163564923266 4000000 0.13467705770152
114300 299.924582017056 6326.00371791369 7259.42785154615 81.7849791681796 4000000 0.13467705770152
114400 298.651304184842 6305.31380113803 7228.60920875344 82.8976697118181 4000000 0.13467705770152
114500 298.240141860126 6287.6829320635 7218.65736282112 82.5597309487769 4000000 0.13467705770152
114600 297.495059320512 6274.0318445447 7200.62325270117 82.6973781307969 4000000 0.13467705770152
114700 297.660501765991 6265.15381144308 7204.62765103513 81.2632306926881 4000000 0.13467705770152
114800 297.235438728822 6260.96658935269 7194.33934978975 81.3204173979899 4000000 0.13467705770152
114900 296.970177943407 6262.21575048853 7187.91893062765 81.5898835379003 4000000 0.13467705770152
115000 297.787855973891 6269.22293950078 7207.71015490199 80.2149099409417 4000000 0.13467705770152
115100 298.013526783819 6282.22712182074 7213.17233126599 80.5388465915031 4000000 0.13467705770152
115200 298.705879657456 6302.38800125746 7229.93016318553 80.92316798748 4000000 0.13467705770152
115300 299.791169897675 6330.94091177635 7256.19872091384 81.4939610399048 4000000 0.13467705770152
115400 300.529314396217 6367.00420443529 7274.06490145545 83.3445785427629 4000000 0.13467705770152
115500 302.733407716979 6406.96007811468 7327.41316765138 82.672190295645 4000000 0.13467705770152
115600 304.170531439412 6442.81612739735 7362.19756547094 82.7749072800798 4000000 0.13467705770152
115700 305.919737804454 6467.62076960063 7404.53566699994 81.858259491771 4000000 0.13467705770152
115800 306.376425660324 6478.46932302781 7415.58942097394 82.7200365966069 4000000 0.13467705770152
115900 305.986815037498 6476.11854492762 7406.15921626188 84.4006367514302 4000000 0.13467705770152
116000 305.186368750792 6463.36937701056 7386.78507217438 85.9715263107757 4000000 0.13467705770152
116100 304.558108810204 6444.6020706445 7371.57855698965 85.8461991022219 4000000 0.13467705770152
116200 303.855355138152 6423.16452485391 7354.56898229804 85.138936456593 4000000 0.13467705770152
116300 303.102872105763 6401.87287638931 7336.3557493366 84.3708585770429 4000000 0.13467705770152
116400 302.036728155012 6382.90837234277 7310.55061179906 84.1025027692621 4000000 0.13467705770152
116500 302.02855462516 6366.69949068154 7310.35277823084 82.2409177027908 4000000 0.13467705770152
116600 301.029717765695 6351.9648092399 7286.17675348494 82.6080181836676 4000000 0.13467705770152
116700 300.157695847072 6338.80017826954 7265.07018009025 82.8727119960507 4000000 0.13467705770152
116800 299.321956910588 6327.6816731475 7244.84180643935 82.937299268533 4000000 0.13467705770152
116900 299.66002410347 6319.17207582007 7253.02444481862 80.9295479199871 4000000 0.13467705770152
117000 299.360958323062 6311.82902605258 7245.78580355375 80.6258825302396 4000000 0.13467705770152
117100 298.660650301013 6305.59164357693 7228.83542380918 81.7488137451288 4000000 0.13467705770152
117200 298.471572096635 6301.96996416957 7224.25894136898 82.018172036106 4000000 0.13467705770152
117300 298.080801896205 6300.83258528506 7214.80067003465 82.3720780509182 4000000 0.13467705770152
117400 298.130571312142 6303.2350737604 7216.00529781734 81.6688627784555 4000000 0.13467705770152
117500 299.057297405469 6309.53600659132 7238.43594077233 80.0549110728332 4000000 0.13467705770152
117600 298.828525054424 6319.37466671675 7232.8986941563 81.427143876415 4000000 0.13467705770152
117700 299.397377156423 6333.62975169379 7246.66729146463 82.054364850826 4000000 0.13467705770152
117800 299.722363434922 6351.93997299359 7254.53331706892 83.627547102824 4000000 0.13467705770152
117900 301.168708912171 6375.22465501217 7289.5409198799 82.8831770107467 4000000 0.13467705770152
118000 302.742774990931 6401.33563387906 7327.6398948138 82.3145152573811 4000000 0.13467705770152
118100 303.34908427173 6425.51370197835 7342.31511233042 84.0685873705104 4000000 0.13467705770152
118200 304.204788888772 6446.14462300578 7363.02673885956 84.8094949865779 4000000 0.13467705770152
118300 304.962380081504 6460.82641064552 7381.36361064119 84.8874162139047 4000000 0.13467705770152
118400 305.670746619358 6467.56698500568 7398.50904013356 84.0149126033147 4000000 0.13467705770152
118500 305.857767357548 6463.33449764381 7403.03572329671 83.1347930192462 4000000 0.13467705770152
118600 304.638478662603 6444.54675108727 7373.52384317129 83.9937696231064 4000000 0.13467705770152
118700 302.927027501124 6409.22427783172 7332.09957529484 84.2165748891578 4000000 0.13467705770152
118800 301.594612587071 6361.34481305843 7299.84956807023 82.1124639690618 4000000 0.13467705770152
118900 299.449602687384 6312.46253652617 7247.93136749157 81.4630932543299 4000000 0.13467705770152
119000 297.494714273278 6275.66569998837 7200.61490111665 81.9087081614151 4000000 0.13467705770152
119100 296.695525060668 6254.58623178574 7181.27118347384 81.2642058163074 4000000 0.13467705770152
119200 297.03368498307 6245.35964704928 7189.45606629488 79.3991698384 4000000 0.13467705770152
119300 296.827123810519 6243.54224730323 7184.45642298795 79.9696795649703 4000000 0.13467705770152
119400 296.672699241637 6247.69676582657 7180.718703296 81.5614632333785 4000000 0.13467705770152
119500 296.866515806292 6257.7226745139 7185.4098738499 82.9782394808685 4000000 0.13467705770152
119600 298.282095224642 6272.09343395018 7219.67280950703 82.3923409839754 4000000 0.13467705770152
119700 298.326761263753 6289.72864303194 7220.75391425063 84.05336145576 4000000 0.13467705770152
119800 300.186643989979 6309.09250628043 7265.77084608254 81.9998362869217 4000000 0.13467705770152
119900 301.054556962939 6327.83930971861 7286.77796582663 81.6650607666328 4000000 0.13467705770152
120000 300.934954574238 6344.01896201932 7283.88308836841 82.9992410425726 4000000 0.13467705770152
120100 301.918214381876 6357.64836849295 7307.68208338532 81.8918639453058 4000000 0.13467705770152
120200 301.721339099739 6367.88637180194 7302.91687909024 82.5983016473756 4000000 0.13467705770152
120300 301.748924576766 6374.35025457639 7303.58456287554 82.7476122612297 4000000 0.13467705770152
120400 302.649249122325 6377.46877571937 7325.37617807928 80.9733179458971 4000000 0.13467705770152
120500 301.715480835334 6376.0864410193 7302.77508461811 82.3412060631389 4000000 0.13467705770152
120600 301.9393249021 6370.3720101929 7308.19304616617 81.3335258268616 4000000 0.13467705770152
120700 301.579134942065 6358.74310627637 7299.47494440159 81.1430544026682 4000000 0.13467705770152
120800 300.959180943428 6339.45073155031 7284.46946771102 81.1739012521214 4000000 0.13467705770152
120900 298.953165348148 6310.80726789311 7235.91550996245 82.9458632338508 4000000 0.13467705770152
121000 298.092344021111 6275.25172262073 7215.08003767583 81.5744373495855 4000000 0.13467705770152
121100 296.873120407184 6236.54886489429 7185.56973278291 80.4681819030828 4000000 0.13467705770152
121200 295.398456219875 6202.53722406023 7149.87669888406 80.5741281969236 4000000 0.13467705770152
121300 294.408477991943 6178.81100694375 7125.91509002912 80.7230461105705 4000000 0.13467705770152
121400 294.004305795246 6166.88099574327 7116.13243439687 80.4590363466031 4000000 0.13467705770152
121500 294.519186510662 6166.94854037046 7128.59469867869 79.4337553868214 4000000 0.13467705770152
121600 294.231289577547 6177.67149914984 7121.62639017737 80.6627784101203 4000000 0.13467705770152
121700 295.669804311226 6198.38845489422 7156.44445628018 79.3430858928739 4000000 0.13467705770152
121800 296.55141500283 6226.35698100314 7177.78311803912 79.6444944245606 4000000 0.13467705770152
121900 297.513402227147 6258.04106186899 7201.06722767119 80.2401663165448 4000000 0.13467705770152
122000 298.020357686242 6287.19781486805 7213.33766764144 81.7198686278953 4000000 0.13467705770152
122100 299.195229452477 6310.76511303485 7241.77447253568 81.323502012992 4000000 0.13467705770152
122200 300.354733970412 6327.07275226262 7269.83932582274 80.419019803929 4000000 0.13467705770152
122300 300.583177288975 6336.94813258682 7275.36860847814 81.4110790644073 4000000 0.13467705770152
122400 300.401495374811 6342.96004310553 7270.97114715991 83.2152453777793 4000000 0.13467705770152
122500 300.848221349726 6346.79770932753 7281.78378199796 83.3706826230534 4000000 0.13467705770152
122600 301.183861694762 6349.21296125014 7289.90768052096 82.7434698985703 4000000 0.13467705770152
122700 302.142285660206 6348.71931464579 7313.10554440242 80.7702376081544 4000000 0.13467705770152
122800 301.225184901017 6344.34358787381 7290.90787474441 82.5561611185927 4000000 0.13467705770152
122900 300.55571498296 6338.50140965733 7274.70390594588 83.5531840309845 4000000 0.13467705770152
123000 300.709767893628 6330.78547208172 7278.4326299564 82.4693842661614 4000000 0.13467705770152
123100 300.313277581126 6321.07267528731 7268.83590801356 82.1023664128605 4000000 0.13467705770152
123200 299.58858916093 6309.97313509141 7251.29542078212 82.3611088422277 4000000 0.13467705770152
123300 298.525717256457 6298.48689748112 7225.56948043381 83.1188259884002 4000000 0.13467705770152
123400 298.324531807956 6287.83664491811 7220.69995210657 82.0628699176233 4000000 0.13467705770152
123500 297.821457326919 6279.32724665533 7208.52344801849 81.5088110286128 4000000 0.13467705770152
123600 297.766999296848 6273.19457014235 7207.2053361866 80.6097362161803 4000000 0.13467705770152
123700 296.872690899512 6271.13544083787 7185.55933690293 82.0156810650149 4000000 0.13467705770152
123800 297.070398861562 6274.9309584025 7190.3446955305 82.0531141612781 4000000 0.13467705770152
123900 297.557751495826 6286.5589692983 7202.14066524699 82.004458513945 4000000 0.13467705770152
124000 298.865263312758 6307.85323286534 7233.78791348596 81.2123774234993 4000000 0.13467705770152
124100 300.089585188184 6337.63127100898 7263.42161760568 81.3054154680688 4000000 0.13467705770152
124200 301.239062878666 6372.69593463365 7291.24377978022 81.7529923045281 4000000 0.13467705770152
124300 302.495741367607 6406.90917571739 7321.66064912021 81.8233126959766 4000000 0.13467705770152
124400 304.238699260895 6434.40550425842 7363.84751152912 80.9686682322821 4000000 0.13467705770152
124500 304.231242432322 6452.02039142048 7363.66702512596 83.0336190928463 4000000 0.13467705770152
124600 304.066403089032 6460.5263276701 7359.67722438452 84.735145089905 4000000 0.13467705770152
124700 304.709975956542 6460.42723378489 7375.25437637213 83.8436329434857 4000000 0.13467705770152
124800 305.149164652431 6450.77336201988 7385.88457756998 82.3311606656054 4000000 0.13467705770152
124900 303.628363957113 6431.75342540595 7349.07484743717 83.827994512406 4000000 0.13467705770152
125000 302.895607107423 6405.32279756067 7331.33907050525 82.9604088687936 4000000 0.13467705770152
125100 302.285977135087 6374.09336504166 7316.58347838091 81.3042900589771 4000000 0.13467705770152
125200 300.374614244095 6342.76687813002 7270.32051149781 82.1424689725867 4000000 0.13467705770152
125300 299.265437808733 6316.92644405578 7243.47380805992 82.1166204782028 4000000 0.13467705770152
125400 298.049528750426 6299.21320389511 7214.0437292599 82.9233409619757 4000000 0.13467705770152
125500 298.088436854948 6289.66426424795 7214.98546793207 81.8336031421542 4000000 0.13467705770152
125600 298.058124724309 6286.1906132016 7214.25178773847 81.1544809842135 4000000 0.13467705770152
125700 298.199011426266 6286.37813574552 7217.66183449498 80.668991081345 4000000 0.13467705770152
125800 298.615788877424 6290.2067386086 7227.74958994496 80.0877914170723 4000000 0.13467705770152
125900 298.484013032961 6295.95609656887 7224.56006400141 80.8404639279499 4000000 0.13467705770152
126000 299.270961144151 6303.50205799194 7243.60749585135 80.3228346499678 4000000 0.13467705770152
126100 299.250954039805 6311.98963997367 7243.12324034438 81.5787488530078 4000000 0.13467705770152
126200 300.154241151909 6321.17053556258 7264.98656203496 81.2177494927318 4000000 0.13467705770152
126300 300.404968970886 6330.0652700567 7271.05522269625 81.99463947289 4000000 0.13467705770152
126400 300.542147601026 6337.8456488361 7274.37551862391 83.0637829805667 4000000 0.13467705770152
126500 300.561679399266 6345.0607997876 7274.84826973747 84.1027879236266 4000000 0.13467705770152
126600 301.395188512629 6351.72281870743 7295.02267235353 83.1057297826843 4000000 0.13467705770152
126700 301.21488740252 6356.71880611363 7290.6586322619 83.6318399411271 4000000 0.13467705770152
126800 301.73324218053 6360.08911467605 7303.20498337176 82.4977177808966 4000000 0.13467705770152
126900 302.362482095917 6360.20300801567 7318.43521804058 80.8245804081832 4000000 0.13467705770152
127000 301.300492621906 6355.14071837506 7292.73063619591 82.0685977249727 4000000 0.13467705770152
127100 301.072364151798 6344.06480984808 7287.20897418842 81.5874971291099 4000000 0.13467705770152
127200 299.507606223773 6325.33273082655 7249.33529538811 83.102979204052 4000000 0.13467705770152
127300 298.647713921548 6299.32972768332 7228.52230938302 82.5905035431513 4000000 0.13467705770152
127400 297.858827687292 6270.20098806566 7209.42796685816 81.3527182269468 4000000 0.13467705770152
127500 296.706946913591 6241.36410850219 7181.54764003058 80.8816476799254 4000000 0.13467705770152
127600 295.484489913222 6217.78786387279 7151.95907367794 81.2322835991515 4000000 0.13467705770152
127700 295.027072435492 6202.18631456728 7140.88765980686 80.7531573598421 4000000 0.13467705770152
127800 294.899772173542 6195.68341506292 7137.80646165734 80.0725390860541 4000000 0.13467705770152
127900 295.350245434636 6199.06935659962 7148.70979647563 79.3224836008234 4000000 0.13467705770152
128000 295.686974982468 6211.89685138725 7156.86005825654 79.9759843913245 4000000 0.13467705770152
128100 296.193165988216 6234.77366099459 7169.11199526222 81.0382518739423 4000000 0.13467705770152
128200 297.718397593563 6266.45288470671 7206.02897192833 80.6396259944367 4000000 0.13467705770152
128300 300.243213637137 6301.82964139305 7267.14006786946 79.2268530290302 4000000 0.13467705770152
128400 299.767130861694 6333.83195683819 7255.6168758175 83.8011078679361 4000000 0.13467705770152
128500 301.406835255006 6359.80039364625 7295.30457217456 83.9659174036594 4000000 0.13467705770152
128600 302.231429047075 6377.61763378653 7315.26318677058 84.1047205622245 4000000 0.13467705770152
128700 302.720407887448 6387.91220595333 7327.09851746855 83.69743891312 4000000 0.13467705770152
128800 303.646372223728 6390.87461953843 7349.51072272071 81.5312469468937 4000000 0.13467705770152
128900 303.100900424289 6387.50427258977 7336.308026408 81.9518407780573 4000000 0.13467705770152
129000 302.718857734538 6378.79406131357 7327.06099729221 82.3332700110703 4000000 0.13467705770152
129100 301.210792172551 6366.2044128472 7290.55951058838 84.4183271638449 4000000 0.13467705770152
129200 300.831667251976 6352.86537705647 7281.38310367593 84.0299261849757 4000000 0.13467705770152
129300 300.758108581648 6339.06577420681 7279.60267655485 82.2106061753213 4000000 0.13467705770152
129400 300.410636269553 6325.27018304917 7271.19239499972 80.8839116320711 4000000 0.13467705770152
129500 299.703909510384 6312.22693435976 7254.08665500189 80.5581905951594 4000000 0.13467705770152
129600 299.49015859522 6299.98558598607 7248.91298988782 79.7717152823388 4000000 0.13467705770152
129700 298.684034331721 6289.58826777164 7229.40141504159 80.7193277074742 4000000 0.13467705770152
129800 298.341696264688 6281.94993275801 7221.11540366581 80.8858907792467 4000000 0.13467705770152
129900 298.712262822754 6277.28117041302 7230.0846624521 79.7040045589904 4000000 0.13467705770152
130000 298.990328691426 6275.03418387402 7236.81501812358 79.142758190124 4000000 0.13467705770152
130100 298.486743196582 6274.97603579867 7224.62614536659 80.7290490346835 4000000 0.13467705770152
130200 298.773332339533 6278.46008833311 7231.56279988252 81.0553120059495 4000000 0.13467705770152
130300 298.903563703328 6286.49500496164 7234.71494294169 81.8036808744929 4000000 0.13467705770152
130400 299.380944459944 6301.86567917225 7246.26955156051 82.2593762360765 4000000 0.13467705770152
130500 300.857309773097 6329.43569810976 7282.00375981139 81.7093484544076 4000000 0.13467705770152
130600 302.260605878909 6369.58142259077 7315.96938799027 82.6018888722992 4000000 0.13467705770152
130700 303.294668277052 6414.89966698393 7340.99801793062 84.3565847857069 4000000 0.13467705770152
130800 305.256455755056 6453.57973684171 7388.48147047346 83.6094053697963 4000000 0.13467705770152
130900 306.261166573133 6478.67208404312 7412.79966955687 83.5354325625244 4000000 0.13467705770152
131000 306.050049927241 6489.43560393678 7407.68976476412 84.471967468749 4000000 0.13467705770152
131100 306.350943503277 6487.59982852321 7414.97264631899 83.5579214044325 4000000 0.13467705770152
131200 305.206981379649 6474.450463614 7387.28398390416 84.3797964790624 4000000 0.13467705770152
131300 304.179047461624 6450.61786633116 7362.40368878505 84.1851461437727 4000000 0.13467705770152
131400 303.304585311866 6419.95129417853 7341.23805160257 83.3623556139484 4000000 0.13467705770152
131500 301.918295951992 6385.8934168463 7307.68405772288 83.1965993179169 4000000 0.13467705770152
131600 300.24706914514 6354.61474914563 7267.23338726994 83.6723248968962 4000000 0.13467705770152
131700 299.82572964558 6329.41466281871 7257.03521119016 82.4324574361104 4000000 0.13467705770152
131800 298.575033766755 6310.43405705505 7226.76314600798 83.0054028975897 4000000 0.13467705770152
131900 298.689329102617 6298.10698152058 7229.52957061673 81.3448935992071 4000000 0.13467705770152
132000 299.049935116478 6290.38521651236 7238.25774262201 80.0536284100584 4000000 0.13467705770152
132100 298.148538917097 6285.72715113765 7216.44018891883 82.0641234191834 4000000 0.13467705770152
132200 297.564273318322 6285.05854718899 7202.29852059698 83.539487410673 4000000 0.13467705770152
132300 298.860575981361 6288.85105121525 7233.67446048432 81.3047714477513 4000000 0.13467705770152
132400 298.585372182149 6294.91405884433 7227.01337885034 82.0204584347612 4000000 0.13467705770152
132500 298.64819373207 6303.92896071406 7228.53392280212 82.3973652142915 4000000 0.13467705770152
132600 299.679777815212 6315.97254766194 7253.50256716601 81.2232798706228 4000000 0.13467705770152
132700 299.602270757242 6329.84159927361 7251.62657256918 82.2877295261754 4000000 0.13467705770152
132800 300.753733279128 6345.89674882477 7279.49677595557 81.1237983946828 4000000 0.13467705770152
132900 301.119494494069 6362.52612633788 7288.34972536338 81.3417947786118 4000000 0.13467705770152
133000 302.638620498795 6379.62204080488 7325.11892098766 79.9184307465035 4000000 0.13467705770152
133100 302.195736204598 6395.35938199916 7314.39927087201 82.4317816008747 4000000 0.13467705770152
133200 302.918767862579 6410.65242837725 7331.89965753654 82.7025033828815 4000000 0.13467705770152
133300 303.909505247852 6424.26683838743 7355.8796411706 82.0558583535452 4000000 0.13467705770152
133400 304.535373146344 6434.74669380586 7371.0282589436 82.1021413780779 4000000 0.13467705770152
133500 304.303678049375 6439.7563743277 7365.42026966612 83.2722174584024 4000000 0.13467705770152
133600 303.639416497491 6436.37393606183 7349.34236508747 84.2130199233353 4000000 0.13467705770152
133700 303.734799991871 6422.9639011671 7351.65104412613 82.4722759685866 4000000 0.13467705770152
133800 302.805539980021 6397.85722358378 7329.15906975715 81.8082805462987 4000000 0.13467705770152
133900 300.982042207024 6362.02429534026 7285.02280579539 82.378064390138 4000000 0.13467705770152
134000 298.98741176693 6323.88236379018 7236.74441636503 82.8784512973213 4000000 0.13467705770152
134100 297.690974303214 6290.54006645623 7205.36521373817 81.9108461988329 4000000 0.13467705770152
134200 297.383250268443 6265.34008029643 7197.91700654693 79.6335164049179 4000000 0.13467705770152
134300 296.233691116466 6248.49226310815 7170.09287266389 79.9189646777369 4000000 0.13467705770152
134400 296.439156587791 6239.94051371503 7175.06599542373 78.9041637536559 4000000 0.13467705770152
134500 295.232283264189 6238.96962985633 7145.85461915134 81.4123661275163 4000000 0.13467705770152
134600 296.321799099071 6246.78067322497 7172.22545392337 80.4103993785086 4000000 0.13467705770152
134700 297.32589236708 6261.07885847108 7196.52870571523 80.3349808166885 4000000 0.13467705770152
134800 297.792901382555 6281.29560634803 7207.83227486941 82.0041138138669 4000000 0.13467705770152
134900 299.027649530021 6306.11171399568 7237.71833832934 82.5546429776365 4000000 0.13467705770152
135000 299.921997918041 6332.56996204698 7259.36530555463 83.5081985617467 4000000 0.13467705770152
135100 301.522574178257 6357.74136288693 7298.10593762885 82.6216501841833 4000000 0.13467705770152
135200 302.639701624458 6378.12013886204 7325.14508874523 82.0633954545757 4000000 0.13467705770152
135300 302.336743143168 6391.8745730056 7317.81222785684 83.5878814609869 4000000 0.13467705770152
135400 303.376533444182 6399.54434858176 7342.97949697558 82.0124145972471 4000000 0.13467705770152
135500 302.733212579472 6400.83182904756 7327.40844450848 82.9717218989214 4000000 0.13467705770152
135600 302.965039372872 6396.24050014029 7333.01962138977 81.9259135918786 4000000 0.13467705770152
135700 302.43890577031 6386.29164144501 7320.28499022888 81.8752576128853 4000000 0.13467705770152
135800 301.692714618352 6372.11904685383 7302.22404705886 81.9283438066274 4000000 0.13467705770152
135900 301.425761358549 6355.45611179635 7295.7626629461 80.9139412639718 4000000 0.13467705770152
136000 300.318091976301 6336.87431507609 7268.95243648944 81.4351128696149 4000000 0.13467705770152
136100 299.826299235587 6317.65602299268 7257.04899764784 81.0922368033831 4000000 0.13467705770152
136200 298.770113423094 6300.6962913268 7231.48488865734 82.0715920637926 4000000 0.13467705770152
136300 298.273211092001 6287.57775054309 7219.45777638271 82.1514345325651 4000000 0.13467705770152
136400 298.2801398243 6278.89655859014 7219.62548064988 81.4811232613138 4000000 0.13467705770152
136500 297.934210705965 6275.04315130906 7211.25255083061 81.724155593701 4000000 0.13467705770152
136600 298.365263113333 6275.31927714927 7221.68581985603 80.93035235859 4000000 0.13467705770152
136700 298.457688661852 6278.07797217803 7223.92290424773 80.9520811466672 4000000 0.13467705770152
136800 298.615845452774 6282.30169766736 7227.75095930479 81.0171720135869 4000000 0.13467705770152
136900 299.3858074375 6286.84118487833 7246.38725593296 80.2862836476738 4000000 0.13467705770152
137000 298.861201274433 6290.8971604781 7233.6895951889 82.0502512286414 4000000 0.13467705770152
137100 299.039375389381 6295.27505140944 7238.00215311189 82.4264935358494 4000000 0.13467705770152
137200 299.577566669202 6300.70502246417 7251.02863043468 82.1242356476083 4000000 0.13467705770152
137300 299.691755149494 6306.3169330557 7253.79246869223 82.6131205198836 4000000 0.13467705770152
137400 299.445652934194 6311.89561742942 7247.83576696387 83.5149438154333 4000000 0.13467705770152
137500 300.348694175043 6318.5124020499 7269.69313754291 82.0410603601704 4000000 0.13467705770152
137600 299.744105252384 6324.41053960146 7255.05955988025 83.1538201486997 4000000 0.13467705770152
137700 300.302667707231 6330.89230068229 7268.57910474142 82.1324794446568 4000000 0.13467705770152
137800 300.529284111932 6337.68250062874 7274.06416844925 81.8086626368592 4000000 0.13467705770152
137900 300.546996327088 6343.72335687922 7274.49287805066 82.1199855032541 4000000 0.13467705770152
138000 301.232448257361 6349.80457709919 7291.08367831137 81.1690976109513 4000000 0.13467705770152
138100 301.428747389884 6354.48468188291 7295.83493737886 81.1285825499233 4000000 0.13467705770152
138200 300.983233657791 6357.36975058622 7285.05164388138 82.5489510844145 4000000 0.13467705770152
138300 300.675008478792 6358.87345954473 7277.59130690624 83.4483179404071 4000000 0.13467705770152
138400 301.467203986977 6359.14385712271 7296.76574768503 81.828541539263 4000000 0.13467705770152
138500 301.102014686128 6356.36029515755 7287.92664098746 82.0799462506246 4000000 0.13467705770152
138600 301.020884504653 6350.26336562309 7285.96295166583 81.6656663043311 4000000 0.13467705770152
138700 299.655036444251 6340.29634556083 7252.90372262907 83.282168111777 4000000 0.13467705770152
138800 300.115181434658 6327.45204581255 7264.04115370139 81.0776001133042 4000000 0.13467705770152
138900 299.950273063229 6311.38739795865 7260.0496821906 79.9441931311331 4000000 0.13467705770152
139000 298.156440400935 6291.85939068961 7216.63143783698 81.984481414766 4000000 0.13467705770152
139100 297.638289935768 6273.00820500928 7204.09003195146 81.4249754554464 4000000 0.13467705770152
139200 296.876250266018 6256.02963088108 7185.64548844199 81.3354700432177 4000000 0.13467705770152
139300 296.278709982497 6242.86656181033 7171.18251729293 81.1862165205119 4000000 0.13467705770152
139400 296.113963332775 6235.63964086916 7167.19496012307 80.4687110326687 4000000 0.13467705770152
139500 295.99487359874 6235.65845417656 7164.31249104942 80.1292216007282 4000000 0.13467705770152
139600 296.971084091547 6243.43583507313 7187.94086319816 78.8239676715094 4000000 0.13467705770152
139700 296.935672257143 6259.29052131979 7187.08374886889 80.8649193678524 4000000 0.13467705770152
139800 297.4743195874 6284.35824435609 7200.12126451745 82.6839103448664 4000000 0.13467705770152
139900 298.897341695056 6318.22113384372 7234.56434434841 83.0012692684342 4000000 0.13467705770152
140000 301.231485440282 6354.88983333416 7291.0603741158 81.7618202818249 4000000 0.13467705770152
140100 302.299951452408 6387.00600555454 7316.92171523926 82.7091224648873 4000000 0.13467705770152
140200 303.763626921761 6410.14588949556 7352.34877625702 82.1914381211631 4000000 0.13467705770152
140300 304.111561794803 6423.18488660584 7360.77025371945 82.8070099632764 4000000 0.13467705770152
140400 304.454790169277 6426.53059868333 7369.07781425463 82.7962707508563 4000000 0.13467705770152
140500 303.90235579578 6421.57417034238 7355.70659456287 83.6894334742425 4000000 0.13467705770152
140600 303.535757640234 6410.10317166784 7346.833387696 83.3776527290788 4000000 0.13467705770152
140700 303.203890429149 6393.2782292426 7338.80081477728 82.2359989579489 4000000 0.13467705770152
140800 301.648309828515 6372.90419844193 7301.1492656391 83.2261288094324 4000000 0.13467705770152
140900 300.514140503906 6351.69152822883 7273.69762987097 83.4238549773335 4000000 0.13467705770152
141000 299.57454473304 6333.3694539942 7250.95548695508 83.2437972500279 4000000 0.13467705770152
141100 299.908351154872 6318.9550196818 7259.03499687513 81.0578425499964 4000000 0.13467705770152
141200 299.154073106764 6308.05035782486 7240.77831703442 81.5280849939479 4000000 0.13467705770152
141300 298.272389643069 6301.35016778411 7219.43789388687 82.6191326942378 4000000 0.13467705770152
141400 298.313586765099 6298.94433523188 7220.43503634535 82.1258201219009 4000000 0.13467705770152
141500 298.633333315644 6299.60383579229 7228.17423864364 81.4003003210919 4000000 0.13467705770152
141600 298.648015315502 6302.58666130008 7228.52960437582 81.7579597884013 4000000 0.13467705770152
141700 298.555643743097 6307.50041754154 7226.29382643158 82.4033310539129 4000000 0.13467705770152
141800 298.911506853903 6314.02760115907 7234.90720036895 82.0899466777235 4000000 0.13467705770152
141900 299.97770334137 6321.19413671381 7260.7136095145 81.0003265298011 4000000 0.13467705770152
142000 299.505889916727 6327.59498436088 7249.29375358753 83.0606374291996 4000000 0.13467705770152
142100 300.326962296175 6333.96619870836 7269.16713528709 82.5454489534046 4000000 0.13467705770152
142200 300.648906328715 6339.09956571901 7276.95952582988 82.7155024147381 4000000 0.13467705770152
142300 301.032807847772 6342.46185482084 7286.25154638035 82.5088194106101 4000000 0.13467705770152
142400 300.781500543438 6344.27307053585 7280.16885975255 83.1453309522581 4000000 0.13467705770152
142500 301.076906965694 6344.79933351612 7287.31892926279 82.6200404525867 4000000 0.13467705770152
142600 300.755295092852 6343.0157425094 7279.53457837234 82.9919599331601 4000000 0.13467705770152
142700 300.615278248737 6339.63849286126 7276.14558580953 82.8475349078535 4000000 0.13467705770152
142800 300.3673619393 6334.63431411456 7270.1449754245 82.5471537023202 4000000 0.13467705770152
142900 300.695098330572 6327.42271950301 7278.07756524681 81.0170499201514 4000000 0.13467705770152
143000 300.136091108764 6315.3672868037 7264.54725516713 81.3161216409354 4000000 0.13467705770152
143100 298.122825650478 6294.61552026538 7215.81782044675 83.771782994452 4000000 0.13467705770152
143200 297.6959458517 6263.79424954056 7205.4855459807 81.7391844732134 4000000 0.13467705770152
143300 296.819601425413 6225.69186854089 7184.27434984283 79.1807551257978 4000000 0.13467705770152
143400 295.22142254881 6187.61329400536 7145.59174446737 78.2816337761353 4000000 0.13467705770152
143500 294.075645494656 6158.49404941895 7117.85915315176 77.9512783395619 4000000 0.13467705770152
143600 293.092152331789 6142.10412309635 7094.05450996342 78.858282455671 4000000 0.13467705770152
143700 292.533944863023 6138.94061993805 7080.54355724842 80.4123309842199 4000000 0.13467705770152
143800 292.785445554014 6149.67931266825 7086.63092464119 81.3956166113334 4000000 0.13467705770152
143900 293.851976623767 6174.32241625118 7112.44543207581 81.3084945105914 4000000 0.13467705770152
144000 295.66605411162 6209.6205828327 7156.35368578285 80.2598958146511 4000000 0.13467705770152
144100 297.597308366933 6248.53809039231 7203.0981067808 79.7751145083708 4000000 0.13467705770152
144200 297.83044251839 6283.78431452553 7208.7409271887 82.0915711108963 4000000 0.13467705770152
144300 300.019186494681 6312.01144769894 7261.71767512489 80.165903975069 4000000 0.13467705770152
144400 299.751683457423 6332.39721656385 7255.24298410095 82.4146952646215 4000000 0.13467705770152
144500 300.702890393929 6347.93212934475 7278.2661657322 82.1783739908343 4000000 0.13467705770152
144600 301.096499851309 6359.35426543517 7287.79315894603 82.2857135850958 4000000 0.13467705770152
144700 301.505892681835 6366.99982084625 7297.7021757267 81.9704636636432 4000000 0.13467705770152
144800 301.950739087467 6371.29521224614 7308.46931713602 81.6010025120691 4000000 0.13467705770152
144900 301.811993609974 6371.94864984746 7305.11109695674 82.2505883019457 4000000 0.13467705770152
145000 301.080536202525 6368.89444479785 7287.40677195564 83.7065464703064 4000000 0.13467705770152
145100 300.809450881622 6363.75122921934 7280.84537470211 83.5501617562955 4000000 0.13467705770152
145200 301.600887734274 6356.23064520976 7300.00145284764 81.2215654142469 4000000 0.13467705770152
145300 300.521862780122 6344.99526050152 7273.88454121603 82.4406824559573 4000000 0.13467705770152
145400 300.13411661199 6330.31218465649 7264.49946409653 82.2280418557891 4000000 0.13467705770152
145500 299.91088076784 6313.47684688238 7259.09622407669 81.3730024057852 4000000 0.13467705770152
145600 299.112381314268 6294.27236591551 7239.76920148414 81.2711476959611 4000000 0.13467705770152
145700 298.198864943295 6273.80065405956 7217.65828899512 81.4163068130938 4000000 0.13467705770152
145800 296.826966190211 6253.80148437851 7184.45260791803 82.2177603453744 4000000 0.13467705770152
145900 296.395402904585 6237.00562993976 7174.00697350449 81.1853213537785 4000000 0.13467705770152
146000 295.944457520907 6224.67968620431 7163.09221134735 80.6096287811587 4000000 0.13467705770152
146100 296.051006967879 6217.96217008782 7165.67115308569 79.8153429166997 4000000 0.13467705770152
146200 295.237587078897 6218.10032603911 7145.98299362452 81.4234051541276 4000000 0.13467705770152
146300 296.319715753303 6228.74271511211 7172.17502825237 80.5625033486047 4000000 0.13467705770152
146400 296.671128236068 6251.95129247065 7180.68067839819 81.9345806096295 4000000 0.13467705770152
146500 299.352595942886 6289.82953524995 7245.58339901876 80.1021008853758 4000000 0.13467705770152
146600 300.411682333169 6334.93134816927 7271.21771410928 81.9624166861314 4000000 0.13467705770152
146700 302.605487126048 6376.27335189619 7324.31695494902 81.6225361407479 4000000 0.13467705770152
146800 303.610020714301 6406.11501899679 7348.63086433028 82.5501789627735 4000000 0.13467705770152
146900 304.441061933127 6423.41895688215 7368.74553358864 82.846684071077 4000000 0.13467705770152
147000 304.395202600619 6429.30291151749 7367.63554615974 83.889952776808 4000000 0.13467705770152
147100 303.562365231867 6426.17498375621 7347.47740256954 85.447077493447 4000000 0.13467705770152
147200 303.354913054576 6416.38051002284 7342.45619322564 84.8756009977731 4000000 0.13467705770152
147300 302.805077491645 6401.44372085138 7329.14787560638 83.9467601571401 4000000 0.13467705770152
147400 302.034571006964 6381.90383490837 7310.49839980459 82.8557925198307 4000000 0.13467705770152
147500 301.719323029847 6359.48670452585 7302.86808177651 80.974583650564 4000000 0.13467705770152
147600 301.318441914122 6335.91294513017 7293.1650840526 79.8633529362701 4000000 0.13467705770152
147700 299.049075296515 6313.64915765656 7238.23693138693 82.8259705924452 4000000 0.13467705770152
147800 298.440151355006 6295.69704768512 7223.49842815809 82.9681865233717 4000000 0.13467705770152
147900 298.405864800926 6282.85255365122 7222.66855031365 82.0208558195005 4000000 0.13467705770152
148000 298.268265032362 6274.89513998215 7219.33806107677 81.5267004538662 4000000 0.13467705770152
148100 298.633742409233 6270.76019164408 7228.18414041752 80.8133041384411 4000000 0.13467705770152
148200 297.884062481253 6269.8911067713 7210.03875429306 82.8378946940175 4000000 0.13467705770152
148300 297.397969513881 6272.48688439601 7198.27327377775 84.3609341318174 4000000 0.13467705770152
148400 298.316928152943 6279.59858374966 7220.51591189016 82.8661010906633 4000000 0.13467705770152
148500 299.143822339351 6289.1540602274 7240.53020563936 81.2536786846213 4000000 0.13467705770152
148600 299.232251948791 6300.270186664 7242.67057161188 81.2896712736479 4000000 0.13467705770152
148700 299.990278438932 6312.15669431036 7261.01797940931 80.6541336484858 4000000 0.13467705770152
148800 299.96341123052 6323.37002940311 7260.36768072512 81.9706942447728 4000000 0.13467705770152
148900 299.972560373374 6333.82309368508 7260.58912820371 83.2936064054527 4000000 0.13467705770152
149000 299.861515809607 6343.97907815837 7257.9013858601 84.355066691 4000000 0.13467705770152
149100 301.381282670819 6353.19912700728 7294.68609288859 81.9525641548298 4000000 0.13467705770152
149200 300.824751979936 6359.52864575756 7281.21572520326 83.3337209006486 4000000 0.13467705770152
149300 301.051506932409 6363.69335221094 7286.70414234597 83.1432073685571 4000000 0.13467705770152
149400 300.814772889575 6365.72651030892 7280.97418952782 83.2247045770915 4000000 0.13467705770152
149500 301.209009075762 6365.33494394835 7290.51635219702 82.2107296014906 4000000 0.13467705770152
149600 301.119326712185 6363.11137566338 7288.34566434087 82.1025601053633 4000000 0.13467705770152
149700 300.734283842652 6359.85911275745 7279.02601834077 82.7576666882576 4000000 0.13467705770152
149800 300.106854433975 6356.95741200303 7263.83960549793 83.6345991464509 4000000 0.13467705770152
149900 300.419339160986 6354.78790823829 7271.40304132965 82.5612358475256 4000000 0.13467705770152
150000 300.50249537445 6352.7221826403 7273.41576908938 82.0080229843273 4000000 0.13467705770152
