#Tiempo [fms]    VolumenMolar [lts/mol]
50100 0.296620613224972
50200 0.296620613224972
50300 0.296620613224972
50400 0.296620613224972
50500 0.296620613224972
50600 0.296620613224972
50700 0.296620613224972
50800 0.296620613224972
50900 0.296620613224972
51000 0.296620613224972
51100 0.296620613224972
51200 0.296620613224972
51300 0.296620613224972
51400 0.296620613224972
51500 0.296620613224972
51600 0.296620613224972
51700 0.296620613224972
51800 0.296620613224972
51900 0.296620613224972
52000 0.296620613224972
52100 0.296620613224972
52200 0.296620613224972
52300 0.296620613224972
52400 0.296620613224972
52500 0.296620613224972
52600 0.296620613224972
52700 0.296620613224972
52800 0.296620613224972
52900 0.296620613224972
53000 0.296620613224972
53100 0.296620613224972
53200 0.296620613224972
53300 0.296620613224972
53400 0.296620613224972
53500 0.296620613224972
53600 0.296620613224972
53700 0.296620613224972
53800 0.296620613224972
53900 0.296620613224972
54000 0.296620613224972
54100 0.296620613224972
54200 0.296620613224972
54300 0.296620613224972
54400 0.296620613224972
54500 0.296620613224972
54600 0.296620613224972
54700 0.296620613224972
54800 0.296620613224972
54900 0.296620613224972
55000 0.296620613224972
55100 0.296620613224972
55200 0.296620613224972
55300 0.296620613224972
55400 0.296620613224972
55500 0.296620613224972
55600 0.296620613224972
55700 0.296620613224972
55800 0.296620613224972
55900 0.296620613224972
56000 0.296620613224972
56100 0.296620613224972
56200 0.296620613224972
56300 0.296620613224972
56400 0.296620613224972
56500 0.296620613224972
56600 0.296620613224972
56700 0.296620613224972
56800 0.296620613224972
56900 0.296620613224972
57000 0.296620613224972
57100 0.296620613224972
57200 0.296620613224972
57300 0.296620613224972
57400 0.296620613224972
57500 0.296620613224972
57600 0.296620613224972
57700 0.296620613224972
57800 0.296620613224972
57900 0.296620613224972
58000 0.296620613224972
58100 0.296620613224972
58200 0.296620613224972
58300 0.296620613224972
58400 0.296620613224972
58500 0.296620613224972
58600 0.296620613224972
58700 0.296620613224972
58800 0.296620613224972
58900 0.296620613224972
59000 0.296620613224972
59100 0.296620613224972
59200 0.296620613224972
59300 0.296620613224972
59400 0.296620613224972
59500 0.296620613224972
59600 0.296620613224972
59700 0.296620613224972
59800 0.296620613224972
59900 0.296620613224972
60000 0.296620613224972
60100 0.296620613224972
60200 0.296620613224972
60300 0.296620613224972
60400 0.296620613224972
60500 0.296620613224972
60600 0.296620613224972
60700 0.296620613224972
60800 0.296620613224972
60900 0.296620613224972
61000 0.296620613224972
61100 0.296620613224972
61200 0.296620613224972
61300 0.296620613224972
61400 0.296620613224972
61500 0.296620613224972
61600 0.296620613224972
61700 0.296620613224972
61800 0.296620613224972
61900 0.296620613224972
62000 0.296620613224972
62100 0.296620613224972
62200 0.296620613224972
62300 0.296620613224972
62400 0.296620613224972
62500 0.296620613224972
62600 0.296620613224972
62700 0.296620613224972
62800 0.296620613224972
62900 0.296620613224972
63000 0.296620613224972
63100 0.296620613224972
63200 0.296620613224972
63300 0.296620613224972
63400 0.296620613224972
63500 0.296620613224972
63600 0.296620613224972
63700 0.296620613224972
63800 0.296620613224972
63900 0.296620613224972
64000 0.296620613224972
64100 0.296620613224972
64200 0.296620613224972
64300 0.296620613224972
64400 0.296620613224972
64500 0.296620613224972
64600 0.296620613224972
64700 0.296620613224972
64800 0.296620613224972
64900 0.296620613224972
65000 0.296620613224972
65100 0.296620613224972
65200 0.296620613224972
65300 0.296620613224972
65400 0.296620613224972
65500 0.296620613224972
65600 0.296620613224972
65700 0.296620613224972
65800 0.296620613224972
65900 0.296620613224972
66000 0.296620613224972
66100 0.296620613224972
66200 0.296620613224972
66300 0.296620613224972
66400 0.296620613224972
66500 0.296620613224972
66600 0.296620613224972
66700 0.296620613224972
66800 0.296620613224972
66900 0.296620613224972
67000 0.296620613224972
67100 0.296620613224972
67200 0.296620613224972
67300 0.296620613224972
67400 0.296620613224972
67500 0.296620613224972
67600 0.296620613224972
67700 0.296620613224972
67800 0.296620613224972
67900 0.296620613224972
68000 0.296620613224972
68100 0.296620613224972
68200 0.296620613224972
68300 0.296620613224972
68400 0.296620613224972
68500 0.296620613224972
68600 0.296620613224972
68700 0.296620613224972
68800 0.296620613224972
68900 0.296620613224972
69000 0.296620613224972
69100 0.296620613224972
69200 0.296620613224972
69300 0.296620613224972
69400 0.296620613224972
69500 0.296620613224972
69600 0.296620613224972
69700 0.296620613224972
69800 0.296620613224972
69900 0.296620613224972
70000 0.296620613224972
70100 0.296620613224972
70200 0.296620613224972
70300 0.296620613224972
70400 0.296620613224972
70500 0.296620613224972
70600 0.296620613224972
70700 0.296620613224972
70800 0.296620613224972
70900 0.296620613224972
71000 0.296620613224972
71100 0.296620613224972
71200 0.296620613224972
71300 0.296620613224972
71400 0.296620613224972
71500 0.296620613224972
71600 0.296620613224972
71700 0.296620613224972
71800 0.296620613224972
71900 0.296620613224972
72000 0.296620613224972
72100 0.296620613224972
72200 0.296620613224972
72300 0.296620613224972
72400 0.296620613224972
72500 0.296620613224972
72600 0.296620613224972
72700 0.296620613224972
72800 0.296620613224972
72900 0.296620613224972
73000 0.296620613224972
73100 0.296620613224972
73200 0.296620613224972
73300 0.296620613224972
73400 0.296620613224972
73500 0.296620613224972
73600 0.296620613224972
73700 0.296620613224972
73800 0.296620613224972
73900 0.296620613224972
74000 0.296620613224972
74100 0.296620613224972
74200 0.296620613224972
74300 0.296620613224972
74400 0.296620613224972
74500 0.296620613224972
74600 0.296620613224972
74700 0.296620613224972
74800 0.296620613224972
74900 0.296620613224972
75000 0.296620613224972
75100 0.296620613224972
75200 0.296620613224972
75300 0.296620613224972
75400 0.296620613224972
75500 0.296620613224972
75600 0.296620613224972
75700 0.296620613224972
75800 0.296620613224972
75900 0.296620613224972
76000 0.296620613224972
76100 0.296620613224972
76200 0.296620613224972
76300 0.296620613224972
76400 0.296620613224972
76500 0.296620613224972
76600 0.296620613224972
76700 0.296620613224972
76800 0.296620613224972
76900 0.296620613224972
77000 0.296620613224972
77100 0.296620613224972
77200 0.296620613224972
77300 0.296620613224972
77400 0.296620613224972
77500 0.296620613224972
77600 0.296620613224972
77700 0.296620613224972
77800 0.296620613224972
77900 0.296620613224972
78000 0.296620613224972
78100 0.296620613224972
78200 0.296620613224972
78300 0.296620613224972
78400 0.296620613224972
78500 0.296620613224972
78600 0.296620613224972
78700 0.296620613224972
78800 0.296620613224972
78900 0.296620613224972
79000 0.296620613224972
79100 0.296620613224972
79200 0.296620613224972
79300 0.296620613224972
79400 0.296620613224972
79500 0.296620613224972
79600 0.296620613224972
79700 0.296620613224972
79800 0.296620613224972
79900 0.296620613224972
80000 0.296620613224972
80100 0.296620613224972
80200 0.296620613224972
80300 0.296620613224972
80400 0.296620613224972
80500 0.296620613224972
80600 0.296620613224972
80700 0.296620613224972
80800 0.296620613224972
80900 0.296620613224972
81000 0.296620613224972
81100 0.296620613224972
81200 0.296620613224972
81300 0.296620613224972
81400 0.296620613224972
81500 0.296620613224972
81600 0.296620613224972
81700 0.296620613224972
81800 0.296620613224972
81900 0.296620613224972
82000 0.296620613224972
82100 0.296620613224972
82200 0.296620613224972
82300 0.296620613224972
82400 0.296620613224972
82500 0.296620613224972
82600 0.296620613224972
82700 0.296620613224972
82800 0.296620613224972
82900 0.296620613224972
83000 0.296620613224972
83100 0.296620613224972
83200 0.296620613224972
83300 0.296620613224972
83400 0.296620613224972
83500 0.296620613224972
83600 0.296620613224972
83700 0.296620613224972
83800 0.296620613224972
83900 0.296620613224972
84000 0.296620613224972
84100 0.296620613224972
84200 0.296620613224972
84300 0.296620613224972
84400 0.296620613224972
84500 0.296620613224972
84600 0.296620613224972
84700 0.296620613224972
84800 0.296620613224972
84900 0.296620613224972
85000 0.296620613224972
85100 0.296620613224972
85200 0.296620613224972
85300 0.296620613224972
85400 0.296620613224972
85500 0.296620613224972
85600 0.296620613224972
85700 0.296620613224972
85800 0.296620613224972
85900 0.296620613224972
86000 0.296620613224972
86100 0.296620613224972
86200 0.296620613224972
86300 0.296620613224972
86400 0.296620613224972
86500 0.296620613224972
86600 0.296620613224972
86700 0.296620613224972
86800 0.296620613224972
86900 0.296620613224972
87000 0.296620613224972
87100 0.296620613224972
87200 0.296620613224972
87300 0.296620613224972
87400 0.296620613224972
87500 0.296620613224972
87600 0.296620613224972
87700 0.296620613224972
87800 0.296620613224972
87900 0.296620613224972
88000 0.296620613224972
88100 0.296620613224972
88200 0.296620613224972
88300 0.296620613224972
88400 0.296620613224972
88500 0.296620613224972
88600 0.296620613224972
88700 0.296620613224972
88800 0.296620613224972
88900 0.296620613224972
89000 0.296620613224972
89100 0.296620613224972
89200 0.296620613224972
89300 0.296620613224972
89400 0.296620613224972
89500 0.296620613224972
89600 0.296620613224972
89700 0.296620613224972
89800 0.296620613224972
89900 0.296620613224972
90000 0.296620613224972
90100 0.296620613224972
90200 0.296620613224972
90300 0.296620613224972
90400 0.296620613224972
90500 0.296620613224972
90600 0.296620613224972
90700 0.296620613224972
90800 0.296620613224972
90900 0.296620613224972
91000 0.296620613224972
91100 0.296620613224972
91200 0.296620613224972
91300 0.296620613224972
91400 0.296620613224972
91500 0.296620613224972
91600 0.296620613224972
91700 0.296620613224972
91800 0.296620613224972
91900 0.296620613224972
92000 0.296620613224972
92100 0.296620613224972
92200 0.296620613224972
92300 0.296620613224972
92400 0.296620613224972
92500 0.296620613224972
92600 0.296620613224972
92700 0.296620613224972
92800 0.296620613224972
92900 0.296620613224972
93000 0.296620613224972
93100 0.296620613224972
93200 0.296620613224972
93300 0.296620613224972
93400 0.296620613224972
93500 0.296620613224972
93600 0.296620613224972
93700 0.296620613224972
93800 0.296620613224972
93900 0.296620613224972
94000 0.296620613224972
94100 0.296620613224972
94200 0.296620613224972
94300 0.296620613224972
94400 0.296620613224972
94500 0.296620613224972
94600 0.296620613224972
94700 0.296620613224972
94800 0.296620613224972
94900 0.296620613224972
95000 0.296620613224972
95100 0.296620613224972
95200 0.296620613224972
95300 0.296620613224972
95400 0.296620613224972
95500 0.296620613224972
95600 0.296620613224972
95700 0.296620613224972
95800 0.296620613224972
95900 0.296620613224972
96000 0.296620613224972
96100 0.296620613224972
96200 0.296620613224972
96300 0.296620613224972
96400 0.296620613224972
96500 0.296620613224972
96600 0.296620613224972
96700 0.296620613224972
96800 0.296620613224972
96900 0.296620613224972
97000 0.296620613224972
97100 0.296620613224972
97200 0.296620613224972
97300 0.296620613224972
97400 0.296620613224972
97500 0.296620613224972
97600 0.296620613224972
97700 0.296620613224972
97800 0.296620613224972
97900 0.296620613224972
98000 0.296620613224972
98100 0.296620613224972
98200 0.296620613224972
98300 0.296620613224972
98400 0.296620613224972
98500 0.296620613224972
98600 0.296620613224972
98700 0.296620613224972
98800 0.296620613224972
98900 0.296620613224972
99000 0.296620613224972
99100 0.296620613224972
99200 0.296620613224972
99300 0.296620613224972
99400 0.296620613224972
99500 0.296620613224972
99600 0.296620613224972
99700 0.296620613224972
99800 0.296620613224972
99900 0.296620613224972
100000 0.296620613224972
100100 0.296620613224972
100200 0.296620613224972
100300 0.296620613224972
100400 0.296620613224972
100500 0.296620613224972
100600 0.296620613224972
100700 0.296620613224972
100800 0.296620613224972
100900 0.296620613224972
101000 0.296620613224972
101100 0.296620613224972
101200 0.296620613224972
101300 0.296620613224972
101400 0.296620613224972
101500 0.296620613224972
101600 0.296620613224972
101700 0.296620613224972
101800 0.296620613224972
101900 0.296620613224972
102000 0.296620613224972
102100 0.296620613224972
102200 0.296620613224972
102300 0.296620613224972
102400 0.296620613224972
102500 0.296620613224972
102600 0.296620613224972
102700 0.296620613224972
102800 0.296620613224972
102900 0.296620613224972
103000 0.296620613224972
103100 0.296620613224972
103200 0.296620613224972
103300 0.296620613224972
103400 0.296620613224972
103500 0.296620613224972
103600 0.296620613224972
103700 0.296620613224972
103800 0.296620613224972
103900 0.296620613224972
104000 0.296620613224972
104100 0.296620613224972
104200 0.296620613224972
104300 0.296620613224972
104400 0.296620613224972
104500 0.296620613224972
104600 0.296620613224972
104700 0.296620613224972
104800 0.296620613224972
104900 0.296620613224972
105000 0.296620613224972
105100 0.296620613224972
105200 0.296620613224972
105300 0.296620613224972
105400 0.296620613224972
105500 0.296620613224972
105600 0.296620613224972
105700 0.296620613224972
105800 0.296620613224972
105900 0.296620613224972
106000 0.296620613224972
106100 0.296620613224972
106200 0.296620613224972
106300 0.296620613224972
106400 0.296620613224972
106500 0.296620613224972
106600 0.296620613224972
106700 0.296620613224972
106800 0.296620613224972
106900 0.296620613224972
107000 0.296620613224972
107100 0.296620613224972
107200 0.296620613224972
107300 0.296620613224972
107400 0.296620613224972
107500 0.296620613224972
107600 0.296620613224972
107700 0.296620613224972
107800 0.296620613224972
107900 0.296620613224972
108000 0.296620613224972
108100 0.296620613224972
108200 0.296620613224972
108300 0.296620613224972
108400 0.296620613224972
108500 0.296620613224972
108600 0.296620613224972
108700 0.296620613224972
108800 0.296620613224972
108900 0.296620613224972
109000 0.296620613224972
109100 0.296620613224972
109200 0.296620613224972
109300 0.296620613224972
109400 0.296620613224972
109500 0.296620613224972
109600 0.296620613224972
109700 0.296620613224972
109800 0.296620613224972
109900 0.296620613224972
110000 0.296620613224972
110100 0.296620613224972
110200 0.296620613224972
110300 0.296620613224972
110400 0.296620613224972
110500 0.296620613224972
110600 0.296620613224972
110700 0.296620613224972
110800 0.296620613224972
110900 0.296620613224972
111000 0.296620613224972
111100 0.296620613224972
111200 0.296620613224972
111300 0.296620613224972
111400 0.296620613224972
111500 0.296620613224972
111600 0.296620613224972
111700 0.296620613224972
111800 0.296620613224972
111900 0.296620613224972
112000 0.296620613224972
112100 0.296620613224972
112200 0.296620613224972
112300 0.296620613224972
112400 0.296620613224972
112500 0.296620613224972
112600 0.296620613224972
112700 0.296620613224972
112800 0.296620613224972
112900 0.296620613224972
113000 0.296620613224972
113100 0.296620613224972
113200 0.296620613224972
113300 0.296620613224972
113400 0.296620613224972
113500 0.296620613224972
113600 0.296620613224972
113700 0.296620613224972
113800 0.296620613224972
113900 0.296620613224972
114000 0.296620613224972
114100 0.296620613224972
114200 0.296620613224972
114300 0.296620613224972
114400 0.296620613224972
114500 0.296620613224972
114600 0.296620613224972
114700 0.296620613224972
114800 0.296620613224972
114900 0.296620613224972
115000 0.296620613224972
115100 0.296620613224972
115200 0.296620613224972
115300 0.296620613224972
115400 0.296620613224972
115500 0.296620613224972
115600 0.296620613224972
115700 0.296620613224972
115800 0.296620613224972
115900 0.296620613224972
116000 0.296620613224972
116100 0.296620613224972
116200 0.296620613224972
116300 0.296620613224972
116400 0.296620613224972
116500 0.296620613224972
116600 0.296620613224972
116700 0.296620613224972
116800 0.296620613224972
116900 0.296620613224972
117000 0.296620613224972
117100 0.296620613224972
117200 0.296620613224972
117300 0.296620613224972
117400 0.296620613224972
117500 0.296620613224972
117600 0.296620613224972
117700 0.296620613224972
117800 0.296620613224972
117900 0.296620613224972
118000 0.296620613224972
118100 0.296620613224972
118200 0.296620613224972
118300 0.296620613224972
118400 0.296620613224972
118500 0.296620613224972
118600 0.296620613224972
118700 0.296620613224972
118800 0.296620613224972
118900 0.296620613224972
119000 0.296620613224972
119100 0.296620613224972
119200 0.296620613224972
119300 0.296620613224972
119400 0.296620613224972
119500 0.296620613224972
119600 0.296620613224972
119700 0.296620613224972
119800 0.296620613224972
119900 0.296620613224972
120000 0.296620613224972
120100 0.296620613224972
120200 0.296620613224972
120300 0.296620613224972
120400 0.296620613224972
120500 0.296620613224972
120600 0.296620613224972
120700 0.296620613224972
120800 0.296620613224972
120900 0.296620613224972
121000 0.296620613224972
121100 0.296620613224972
121200 0.296620613224972
121300 0.296620613224972
121400 0.296620613224972
121500 0.296620613224972
121600 0.296620613224972
121700 0.296620613224972
121800 0.296620613224972
121900 0.296620613224972
122000 0.296620613224972
122100 0.296620613224972
122200 0.296620613224972
122300 0.296620613224972
122400 0.296620613224972
122500 0.296620613224972
122600 0.296620613224972
122700 0.296620613224972
122800 0.296620613224972
122900 0.296620613224972
123000 0.296620613224972
123100 0.296620613224972
123200 0.296620613224972
123300 0.296620613224972
123400 0.296620613224972
123500 0.296620613224972
123600 0.296620613224972
123700 0.296620613224972
123800 0.296620613224972
123900 0.296620613224972
124000 0.296620613224972
124100 0.296620613224972
124200 0.296620613224972
124300 0.296620613224972
124400 0.296620613224972
124500 0.296620613224972
124600 0.296620613224972
124700 0.296620613224972
124800 0.296620613224972
124900 0.296620613224972
125000 0.296620613224972
125100 0.296620613224972
125200 0.296620613224972
125300 0.296620613224972
125400 0.296620613224972
125500 0.296620613224972
125600 0.296620613224972
125700 0.296620613224972
125800 0.296620613224972
125900 0.296620613224972
126000 0.296620613224972
126100 0.296620613224972
126200 0.296620613224972
126300 0.296620613224972
126400 0.296620613224972
126500 0.296620613224972
126600 0.296620613224972
126700 0.296620613224972
126800 0.296620613224972
126900 0.296620613224972
127000 0.296620613224972
127100 0.296620613224972
127200 0.296620613224972
127300 0.296620613224972
127400 0.296620613224972
127500 0.296620613224972
127600 0.296620613224972
127700 0.296620613224972
127800 0.296620613224972
127900 0.296620613224972
128000 0.296620613224972
128100 0.296620613224972
128200 0.296620613224972
128300 0.296620613224972
128400 0.296620613224972
128500 0.296620613224972
128600 0.296620613224972
128700 0.296620613224972
128800 0.296620613224972
128900 0.296620613224972
129000 0.296620613224972
129100 0.296620613224972
129200 0.296620613224972
129300 0.296620613224972
129400 0.296620613224972
129500 0.296620613224972
129600 0.296620613224972
129700 0.296620613224972
129800 0.296620613224972
129900 0.296620613224972
130000 0.296620613224972
130100 0.296620613224972
130200 0.296620613224972
130300 0.296620613224972
130400 0.296620613224972
130500 0.296620613224972
130600 0.296620613224972
130700 0.296620613224972
130800 0.296620613224972
130900 0.296620613224972
131000 0.296620613224972
131100 0.296620613224972
131200 0.296620613224972
131300 0.296620613224972
131400 0.296620613224972
131500 0.296620613224972
131600 0.296620613224972
131700 0.296620613224972
131800 0.296620613224972
131900 0.296620613224972
132000 0.296620613224972
132100 0.296620613224972
132200 0.296620613224972
132300 0.296620613224972
132400 0.296620613224972
132500 0.296620613224972
132600 0.296620613224972
132700 0.296620613224972
132800 0.296620613224972
132900 0.296620613224972
133000 0.296620613224972
133100 0.296620613224972
133200 0.296620613224972
133300 0.296620613224972
133400 0.296620613224972
133500 0.296620613224972
133600 0.296620613224972
133700 0.296620613224972
133800 0.296620613224972
133900 0.296620613224972
134000 0.296620613224972
134100 0.296620613224972
134200 0.296620613224972
134300 0.296620613224972
134400 0.296620613224972
134500 0.296620613224972
134600 0.296620613224972
134700 0.296620613224972
134800 0.296620613224972
134900 0.296620613224972
135000 0.296620613224972
135100 0.296620613224972
135200 0.296620613224972
135300 0.296620613224972
135400 0.296620613224972
135500 0.296620613224972
135600 0.296620613224972
135700 0.296620613224972
135800 0.296620613224972
135900 0.296620613224972
136000 0.296620613224972
136100 0.296620613224972
136200 0.296620613224972
136300 0.296620613224972
136400 0.296620613224972
136500 0.296620613224972
136600 0.296620613224972
136700 0.296620613224972
136800 0.296620613224972
136900 0.296620613224972
137000 0.296620613224972
137100 0.296620613224972
137200 0.296620613224972
137300 0.296620613224972
137400 0.296620613224972
137500 0.296620613224972
137600 0.296620613224972
137700 0.296620613224972
137800 0.296620613224972
137900 0.296620613224972
138000 0.296620613224972
138100 0.296620613224972
138200 0.296620613224972
138300 0.296620613224972
138400 0.296620613224972
138500 0.296620613224972
138600 0.296620613224972
138700 0.296620613224972
138800 0.296620613224972
138900 0.296620613224972
139000 0.296620613224972
139100 0.296620613224972
139200 0.296620613224972
139300 0.296620613224972
139400 0.296620613224972
139500 0.296620613224972
139600 0.296620613224972
139700 0.296620613224972
139800 0.296620613224972
139900 0.296620613224972
140000 0.296620613224972
140100 0.296620613224972
140200 0.296620613224972
140300 0.296620613224972
140400 0.296620613224972
140500 0.296620613224972
140600 0.296620613224972
140700 0.296620613224972
140800 0.296620613224972
140900 0.296620613224972
141000 0.296620613224972
141100 0.296620613224972
141200 0.296620613224972
141300 0.296620613224972
141400 0.296620613224972
141500 0.296620613224972
141600 0.296620613224972
141700 0.296620613224972
141800 0.296620613224972
141900 0.296620613224972
142000 0.296620613224972
142100 0.296620613224972
142200 0.296620613224972
142300 0.296620613224972
142400 0.296620613224972
142500 0.296620613224972
142600 0.296620613224972
142700 0.296620613224972
142800 0.296620613224972
142900 0.296620613224972
143000 0.296620613224972
143100 0.296620613224972
143200 0.296620613224972
143300 0.296620613224972
143400 0.296620613224972
143500 0.296620613224972
143600 0.296620613224972
143700 0.296620613224972
143800 0.296620613224972
143900 0.296620613224972
144000 0.296620613224972
144100 0.296620613224972
144200 0.296620613224972
144300 0.296620613224972
144400 0.296620613224972
144500 0.296620613224972
144600 0.296620613224972
144700 0.296620613224972
144800 0.296620613224972
144900 0.296620613224972
145000 0.296620613224972
145100 0.296620613224972
145200 0.296620613224972
145300 0.296620613224972
145400 0.296620613224972
145500 0.296620613224972
145600 0.296620613224972
145700 0.296620613224972
145800 0.296620613224972
145900 0.296620613224972
146000 0.296620613224972
146100 0.296620613224972
146200 0.296620613224972
146300 0.296620613224972
146400 0.296620613224972
146500 0.296620613224972
146600 0.296620613224972
146700 0.296620613224972
146800 0.296620613224972
146900 0.296620613224972
147000 0.296620613224972
147100 0.296620613224972
147200 0.296620613224972
147300 0.296620613224972
147400 0.296620613224972
147500 0.296620613224972
147600 0.296620613224972
147700 0.296620613224972
147800 0.296620613224972
147900 0.296620613224972
148000 0.296620613224972
148100 0.296620613224972
148200 0.296620613224972
148300 0.296620613224972
148400 0.296620613224972
148500 0.296620613224972
148600 0.296620613224972
148700 0.296620613224972
148800 0.296620613224972
148900 0.296620613224972
149000 0.296620613224972
149100 0.296620613224972
149200 0.296620613224972
149300 0.296620613224972
149400 0.296620613224972
149500 0.296620613224972
149600 0.296620613224972
149700 0.296620613224972
149800 0.296620613224972
149900 0.296620613224972
150000 0.296620613224972
