#Tiempo [fms]     Presion [Atm]
50100 79.369013598411
50200 80.4635177930855
50300 81.8920720178589
50400 83.2221465472828
50500 80.4144605210847
50600 81.9861242454663
50700 83.1049489718051
50800 83.1784634828486
50900 83.9358682284462
51000 82.6258236498647
51100 84.8142144495178
51200 84.1243210727072
51300 83.2155053755357
51400 81.647646170892
51500 83.020685433447
51600 81.5848632639418
51700 81.2667700221985
51800 79.5928783210854
51900 80.3712572037058
52000 82.0611235231111
52100 80.8897420372935
52200 80.4599160009815
52300 81.5931825169578
52400 81.3558017465827
52500 83.0918148791676
52600 81.7948149603503
52700 81.2997300247661
52800 80.0419291531974
52900 81.8598252491943
53000 83.2464273986438
53100 83.0502709973853
53200 83.8207384300236
53300 84.4160147306634
53400 83.8750443805159
53500 81.3249908352961
53600 81.3268920116576
53700 82.1231710814006
53800 82.4047802812615
53900 80.8169916009759
54000 81.9138711849015
54100 80.3345291963515
54200 79.6386592184969
54300 79.5043445029069
54400 80.1359647731924
54500 81.2425127700801
54600 82.4532163962932
54700 82.7752285182525
54800 81.9998879887722
54900 82.9545381430888
55000 82.6808919664881
55100 83.1001699626859
55200 83.5245454757782
55300 82.6597234762894
55400 85.2582480678914
55500 84.77338808481
55600 83.2057909047216
55700 80.098863851506
55800 81.0523018338302
55900 81.4543335681802
56000 81.4163857723866
56100 81.0498004397571
56200 81.8932687671132
56300 80.6748665464899
56400 80.369757221797
56500 80.962256468055
56600 82.1009705818466
56700 80.1223964603036
56800 81.1206248925044
56900 80.1210708191385
57000 81.6483567728125
57100 83.5948625623518
57200 82.125835213624
57300 81.8903468279749
57400 83.8530231253414
57500 83.1425452758221
57600 85.6974544154089
57700 83.6532967447546
57800 81.0971764352094
57900 82.3305980236495
58000 83.737032599194
58100 83.2432530136346
58200 80.0456320655322
58300 80.3316916708558
58400 79.9529310946168
58500 80.1698500994623
58600 80.6593424265422
58700 82.4901665082026
58800 80.9142166134841
58900 81.3081638097199
59000 80.8503602229487
59100 80.8660061817182
59200 83.2020537835336
59300 83.1596442341779
59400 83.4475563535345
59500 83.1197314449881
59600 82.8293930322026
59700 82.9376066774022
59800 81.5214156319318
59900 82.5284966705683
60000 84.3822065878521
60100 82.9399051500257
60200 81.6619628934043
60300 81.4589702699604
60400 82.5971724041556
60500 82.4785647771157
60600 80.9705938485339
60700 79.9324017991683
60800 82.0956715529531
60900 80.6180844237352
61000 79.7393348037869
61100 82.6010172412305
61200 82.6922690606005
61300 82.6698783849844
61400 83.159916651225
61500 83.2259386618583
61600 82.965965333195
61700 83.1256746292381
61800 84.5830597125259
61900 84.9806972608357
62000 83.2854707519632
62100 82.62888153914
62200 83.4154574783562
62300 82.197501773336
62400 80.3424748513237
62500 81.1605826921931
62600 79.9523794719453
62700 80.102131265947
62800 80.6947084362478
62900 81.8041614050971
63000 83.2924246594364
63100 81.8358130388876
63200 82.1127350554287
63300 82.4605677888628
63400 82.5026369070821
63500 83.7318797635462
63600 82.2350721401365
63700 83.3523745390223
63800 82.6945897473933
63900 82.3190340847876
64000 81.9138731818137
64100 84.6013132496891
64200 86.5026516730126
64300 83.3889689140844
64400 81.7927792572457
64500 81.2973819435786
64600 79.785483614233
64700 80.3255709756467
64800 81.6168524622419
64900 80.3601642087713
65000 81.5794829143505
65100 83.699701142183
65200 82.336826093867
65300 82.5083306149536
65400 82.9009387788141
65500 82.7464113505741
65600 82.5517443279712
65700 82.3703856469286
65800 82.4410995403884
65900 83.3964623673237
66000 82.7969306219969
66100 83.2447081583908
66200 82.6584843736871
66300 82.186086468596
66400 83.2673129156193
66500 82.6180505901877
66600 81.2818753154489
66700 81.4995463714589
66800 80.6602544473673
66900 79.7369398460547
67000 80.2852246276928
67100 80.2571576899645
67200 80.9826074069707
67300 81.2602871245465
67400 82.9251661776477
67500 84.3511764873501
67600 83.8188507887592
67700 84.0912570608897
67800 82.057905955897
67900 82.9254910681945
68000 84.164445117315
68100 83.1047065759606
68200 83.7095070201184
68300 83.922286426864
68400 82.340767435866
68500 80.7348278869343
68600 80.1548578673802
68700 81.6468389251634
68800 82.9565037954391
68900 81.2990969975891
69000 80.345166636412
69100 81.5665693645077
69200 80.570304691701
69300 80.6209523018816
69400 82.8182023337566
69500 83.1501263687284
69600 83.6131131719057
69700 82.4850598237134
69800 83.658682585896
69900 82.9322795872443
70000 82.9928951220462
70100 81.9702595407813
70200 83.4005863506028
70300 83.4258009321584
70400 83.6348564147213
70500 82.2218862760909
70600 83.5350384695067
70700 82.9999134604013
70800 83.4738217635425
70900 83.2100036181114
71000 82.6220526004878
71100 83.0746769542579
71200 83.3915988732823
71300 81.8959214014788
71400 82.0526813791353
71500 82.9951749128814
71600 84.5632682407813
71700 82.5430791169271
71800 82.3198747722002
71900 81.1930486881308
72000 82.2261933479934
72100 82.5053641771681
72200 81.5759097580746
72300 84.9859226191961
72400 82.6151442545707
72500 81.8115907216532
72600 82.5966483054382
72700 81.3225021257481
72800 82.8037923976486
72900 80.9260649540381
73000 82.2239303896189
73100 84.1283540096922
73200 83.8952897033287
73300 84.0948633557277
73400 81.5285887943937
73500 82.8446965954105
73600 81.7835876455594
73700 81.050426543489
73800 81.1554328125385
73900 80.5134212412173
74000 81.9621946834367
74100 81.3390252708369
74200 81.7845809035209
74300 81.5861363785109
74400 82.4295913593586
74500 82.2181828704336
74600 83.3103560799633
74700 83.1791433799087
74800 82.8302571327679
74900 83.9607092845038
75000 82.0614157178966
75100 82.2541195081376
75200 82.9691733770864
75300 84.7873804168778
75400 84.2988967487245
75500 83.9344915560036
75600 82.4068030835806
75700 83.2600641391289
75800 83.2335501387246
75900 81.8715423155494
76000 81.3934606327866
76100 80.7991263883162
76200 81.5896273228654
76300 81.4108293619303
76400 81.8657552374304
76500 80.9447771411496
76600 81.0611306111878
76700 80.4241659753776
76800 80.9767045527153
76900 82.3342009955085
77000 83.1875444793763
77100 82.0940804248893
77200 82.200321708793
77300 84.0733353618336
77400 83.9052161145071
77500 86.0213902607986
77600 85.2356854137853
77700 83.583162462065
77800 85.3498130093554
77900 83.563550428396
78000 82.2328099402667
78100 81.6961021185007
78200 81.4102634759989
78300 82.8415791859815
78400 82.2969622051774
78500 79.8484210338771
78600 80.6424975232967
78700 80.1436862485956
78800 80.0000977459429
78900 80.3935682026535
79000 81.5295934612663
79100 81.6694303646022
79200 81.936591858497
79300 82.589432071972
79400 82.2389309298124
79500 82.390315502288
79600 82.4259306752513
79700 83.235830839171
79800 82.8329499723769
79900 82.7824226592129
80000 82.4492690575724
80100 83.0106973651497
80200 82.1740194769897
80300 81.3678740742536
80400 82.016842259768
80500 80.5996991304521
80600 80.5466873540355
80700 81.2993455034172
80800 81.6914987035477
80900 81.4303755775617
81000 80.4530527225491
81100 81.011805269469
81200 83.1661891319501
81300 81.8613739690894
81400 81.4503839853064
81500 82.9667733587372
81600 82.5295388580068
81700 81.651622076448
81800 81.2658189981493
81900 83.2450633443862
82000 82.2577046011575
82100 81.6723696209723
82200 83.3375079755201
82300 82.8251402062222
82400 82.3742894043765
82500 81.7910930871492
82600 81.2208655062798
82700 82.4238644001597
82800 81.1486920535029
82900 79.9496631994782
83000 80.5262819545867
83100 81.7492825539005
83200 81.1121927260359
83300 81.719137188018
83400 81.3556053074408
83500 82.0738600915776
83600 81.9990461311675
83700 82.0048253388301
83800 82.6376785281739
83900 84.3164531365863
84000 84.5064204282308
84100 83.7180668036445
84200 84.5031938338129
84300 85.1394952865073
84400 82.3397535083394
84500 81.4918759126518
84600 81.6866485534122
84700 81.0757213738745
84800 80.3364635053039
84900 80.5711244652282
85000 81.1250158992062
85100 80.5837533388373
85200 79.6868547972073
85300 81.3173326195736
85400 81.7466394766666
85500 82.0328751813496
85600 82.3951178451432
85700 82.5666788325527
85800 85.2870212028203
85900 84.5162452154127
86000 84.9808253594731
86100 84.1781167153064
86200 83.8486908465106
86300 82.6100667913605
86400 83.1055559207888
86500 82.7580923260432
86600 80.3969913772879
86700 80.3963402500106
86800 79.6382167724341
86900 80.8478349342092
87000 78.4759461460398
87100 80.2803714437675
87200 82.2318177260473
87300 80.2713286097904
87400 82.0381551800401
87500 80.8713296263316
87600 81.3737172981411
87700 82.520932298521
87800 82.4221675425122
87900 82.8198451519821
88000 84.2994538753073
88100 84.6956286328556
88200 82.7571891518062
88300 81.7085613903677
88400 84.2843638346563
88500 85.082660343803
88600 82.3006716779456
88700 81.4279779299064
88800 80.6063370674047
88900 78.5533108577088
89000 78.4212417571372
89100 80.2944049403718
89200 80.2659377941293
89300 80.7269503789394
89400 81.2302588906318
89500 80.9694059435086
89600 85.061840999101
89700 85.1478731196041
89800 81.5946003756127
89900 83.718655173068
90000 84.496919853422
90100 83.6850360294015
90200 83.0485128057013
90300 83.438451724157
90400 84.2156534304646
90500 82.9853769964422
90600 83.9354698609561
90700 85.2025816745739
90800 83.5312845639283
90900 82.0445437158992
91000 82.3025327247993
91100 81.2041160568761
91200 81.7326418282118
91300 81.3655806687647
91400 83.0599195089402
91500 82.5128820527402
91600 80.0769994137019
91700 81.2671081585366
91800 80.9101675210273
91900 80.598557736741
92000 81.6753329293709
92100 82.5032946483701
92200 83.1335864349232
92300 83.7508528720977
92400 83.8556208162259
92500 84.3535499003777
92600 84.3982671040777
92700 85.2837580940045
92800 84.186586949471
92900 84.8595440101098
93000 82.6671458126868
93100 84.1531465722472
93200 81.5900957910958
93300 80.5451564988141
93400 80.8267522291706
93500 79.1589127401928
93600 81.8143330419845
93700 81.7374952716028
93800 81.1803053361871
93900 80.5489130043732
94000 81.8861955926669
94100 81.5099209801202
94200 81.9974010693688
94300 83.0623965086644
94400 83.3363925697724
94500 83.2400975083252
94600 83.4769508974063
94700 82.1040527203275
94800 82.534331312308
94900 83.1422043180045
95000 84.0355772122506
95100 83.2004558224788
95200 81.8024708077893
95300 81.8512498928783
95400 81.5293078880956
95500 81.2737304558878
95600 81.1618410345241
95700 80.6965221405582
95800 79.6861566145752
95900 80.3205207686875
96000 80.3562397762859
96100 81.9501002208593
96200 80.5315702424832
96300 80.4860980458885
96400 82.6758970184148
96500 80.8219316365482
96600 82.4191149045225
96700 82.1617842904411
96800 84.0311690148397
96900 82.3894866831303
97000 81.6473464987748
97100 80.5047624446639
97200 80.6241669645328
97300 82.8473173936617
97400 83.932193398592
97500 83.1471818982634
97600 82.5314276151555
97700 82.7241192373314
97800 81.237571210702
97900 82.0978143236362
98000 81.1893972753241
98100 80.6851026664456
98200 81.1296924479627
98300 80.6872773746495
98400 80.5159143439701
98500 79.513489915743
98600 80.3214565444907
98700 81.5392024945957
98800 82.0902944832011
98900 81.5117036793975
99000 83.3053630188722
99100 82.4832223515404
99200 83.9604249860087
99300 82.9599081852149
99400 81.3067709173922
99500 82.1802919537629
99600 80.4860408728662
99700 82.6280671000476
99800 81.2611479732131
99900 82.0823229612121
100000 80.7610561747132
100100 79.758764366299
100200 80.4143195899357
100300 80.5907805859181
100400 82.6377083324968
100500 83.0219006807877
100600 82.7812274702249
100700 81.7012254417672
100800 80.9987086951458
100900 79.7374911197191
101000 80.5820720240713
101100 80.4407510675887
101200 81.3522273101756
101300 82.4411331997127
101400 82.1010210136599
101500 81.1054888113113
101600 81.9186886833015
101700 80.7173565523631
101800 82.2384832725659
101900 80.7170578914488
102000 80.5568624995102
102100 82.0679848116044
102200 82.121240942162
102300 83.3661602566035
102400 82.3561060273882
102500 83.5629355521598
102600 82.5260622752948
102700 81.6574922325759
102800 81.7759394285709
102900 80.7044622007592
103000 83.4859022179788
103100 82.4538634345649
103200 81.9278551085691
103300 81.6016225232139
103400 81.2143552422182
103500 82.6731101842584
103600 81.3919881215695
103700 83.1829766619636
103800 82.0894576748693
103900 81.1470820756113
104000 79.850583064321
104100 79.0443952507724
104200 81.4488167934869
104300 81.6227264465863
104400 81.8363347561068
104500 81.8962211072866
104600 81.3457609569253
104700 81.4692321136246
104800 80.466192629479
104900 80.4638276772209
105000 82.035432685855
105100 82.9891688734458
105200 82.4833477045216
105300 83.0547664024624
105400 82.7734318376797
105500 81.0214860010006
105600 81.2435217583364
105700 82.9384534164818
105800 82.4500915303149
105900 82.2722843543972
106000 79.6540864300682
106100 81.5284741969698
106200 80.4244038788164
106300 82.224671660649
106400 80.9706236922451
106500 81.0383367337809
106600 79.9415141393562
106700 82.1132932639239
106800 81.8361452465929
106900 82.0105811893568
107000 82.3810274007575
107100 84.4627862236858
107200 85.6687834565465
107300 84.4619919368472
107400 82.7664717207929
107500 84.0453700241892
107600 82.8055731226129
107700 82.6371015449877
107800 82.1347968263308
107900 81.6321467280283
108000 81.9602121262716
108100 80.7658386153615
108200 80.7497057847033
108300 79.4132715011993
108400 79.9192565200215
108500 81.7894961734518
108600 82.4238508940075
108700 80.4920704197534
108800 80.1526095842385
108900 82.2185117106365
109000 83.2524861491589
109100 81.3520206605468
109200 80.8204921606241
109300 83.3058933653781
109400 83.5866487981869
109500 83.6237484628437
109600 86.0027194453782
109700 84.0031265230235
109800 82.8493150782197
109900 84.2357502214355
110000 82.8124496804629
110100 82.372118263904
110200 82.5573737053422
110300 80.7142813804657
110400 80.1311311430423
110500 78.904075454121
110600 80.2046479643708
110700 79.6558062620886
110800 79.9142022064082
110900 81.0970315369773
111000 81.5701206757165
111100 81.4337109850312
111200 83.9897133703628
111300 82.4836516580991
111400 83.0333693230603
111500 82.8813888756804
111600 82.0334534991012
111700 81.9530387600488
111800 82.1834279476525
111900 84.1630506446917
112000 81.9293954464014
112100 82.3411718741323
112200 82.351350411981
112300 80.3285411294995
112400 81.9170572395017
112500 81.7713554341538
112600 82.0631762798005
112700 83.3417775169116
112800 83.9837254977169
112900 81.7095527342322
113000 81.6534719323956
113100 80.3248917850607
113200 81.6891471399496
113300 82.3561738297982
113400 83.3564668990842
113500 81.2276366005438
113600 82.1916981261262
113700 83.9338152585561
113800 84.9696549225044
113900 84.8277888737346
114000 81.2558089231811
114100 82.6231746599862
114200 82.3163564923266
114300 81.7849791681796
114400 82.8976697118181
114500 82.5597309487769
114600 82.6973781307969
114700 81.2632306926881
114800 81.3204173979899
114900 81.5898835379003
115000 80.2149099409417
115100 80.5388465915031
115200 80.92316798748
115300 81.4939610399048
115400 83.3445785427629
115500 82.672190295645
115600 82.7749072800798
115700 81.858259491771
115800 82.7200365966069
115900 84.4006367514302
116000 85.9715263107757
116100 85.8461991022219
116200 85.138936456593
116300 84.3708585770429
116400 84.1025027692621
116500 82.2409177027908
116600 82.6080181836676
116700 82.8727119960507
116800 82.937299268533
116900 80.9295479199871
117000 80.6258825302396
117100 81.7488137451288
117200 82.018172036106
117300 82.3720780509182
117400 81.6688627784555
117500 80.0549110728332
117600 81.427143876415
117700 82.054364850826
117800 83.627547102824
117900 82.8831770107467
118000 82.3145152573811
118100 84.0685873705104
118200 84.8094949865779
118300 84.8874162139047
118400 84.0149126033147
118500 83.1347930192462
118600 83.9937696231064
118700 84.2165748891578
118800 82.1124639690618
118900 81.4630932543299
119000 81.9087081614151
119100 81.2642058163074
119200 79.3991698384
119300 79.9696795649703
119400 81.5614632333785
119500 82.9782394808685
119600 82.3923409839754
119700 84.05336145576
119800 81.9998362869217
119900 81.6650607666328
120000 82.9992410425726
120100 81.8918639453058
120200 82.5983016473756
120300 82.7476122612297
120400 80.9733179458971
120500 82.3412060631389
120600 81.3335258268616
120700 81.1430544026682
120800 81.1739012521214
120900 82.9458632338508
121000 81.5744373495855
121100 80.4681819030828
121200 80.5741281969236
121300 80.7230461105705
121400 80.4590363466031
121500 79.4337553868214
121600 80.6627784101203
121700 79.3430858928739
121800 79.6444944245606
121900 80.2401663165448
122000 81.7198686278953
122100 81.323502012992
122200 80.419019803929
122300 81.4110790644073
122400 83.2152453777793
122500 83.3706826230534
122600 82.7434698985703
122700 80.7702376081544
122800 82.5561611185927
122900 83.5531840309845
123000 82.4693842661614
123100 82.1023664128605
123200 82.3611088422277
123300 83.1188259884002
123400 82.0628699176233
123500 81.5088110286128
123600 80.6097362161803
123700 82.0156810650149
123800 82.0531141612781
123900 82.004458513945
124000 81.2123774234993
124100 81.3054154680688
124200 81.7529923045281
124300 81.8233126959766
124400 80.9686682322821
124500 83.0336190928463
124600 84.735145089905
124700 83.8436329434857
124800 82.3311606656054
124900 83.827994512406
125000 82.9604088687936
125100 81.3042900589771
125200 82.1424689725867
125300 82.1166204782028
125400 82.9233409619757
125500 81.8336031421542
125600 81.1544809842135
125700 80.668991081345
125800 80.0877914170723
125900 80.8404639279499
126000 80.3228346499678
126100 81.5787488530078
126200 81.2177494927318
126300 81.99463947289
126400 83.0637829805667
126500 84.1027879236266
126600 83.1057297826843
126700 83.6318399411271
126800 82.4977177808966
126900 80.8245804081832
127000 82.0685977249727
127100 81.5874971291099
127200 83.102979204052
127300 82.5905035431513
127400 81.3527182269468
127500 80.8816476799254
127600 81.2322835991515
127700 80.7531573598421
127800 80.0725390860541
127900 79.3224836008234
128000 79.9759843913245
128100 81.0382518739423
128200 80.6396259944367
128300 79.2268530290302
128400 83.8011078679361
128500 83.9659174036594
128600 84.1047205622245
128700 83.69743891312
128800 81.5312469468937
128900 81.9518407780573
129000 82.3332700110703
129100 84.4183271638449
129200 84.0299261849757
129300 82.2106061753213
129400 80.8839116320711
129500 80.5581905951594
129600 79.7717152823388
129700 80.7193277074742
129800 80.8858907792467
129900 79.7040045589904
130000 79.142758190124
130100 80.7290490346835
130200 81.0553120059495
130300 81.8036808744929
130400 82.2593762360765
130500 81.7093484544076
130600 82.6018888722992
130700 84.3565847857069
130800 83.6094053697963
130900 83.5354325625244
131000 84.471967468749
131100 83.5579214044325
131200 84.3797964790624
131300 84.1851461437727
131400 83.3623556139484
131500 83.1965993179169
131600 83.6723248968962
131700 82.4324574361104
131800 83.0054028975897
131900 81.3448935992071
132000 80.0536284100584
132100 82.0641234191834
132200 83.539487410673
132300 81.3047714477513
132400 82.0204584347612
132500 82.3973652142915
132600 81.2232798706228
132700 82.2877295261754
132800 81.1237983946828
132900 81.3417947786118
133000 79.9184307465035
133100 82.4317816008747
133200 82.7025033828815
133300 82.0558583535452
133400 82.1021413780779
133500 83.2722174584024
133600 84.2130199233353
133700 82.4722759685866
133800 81.8082805462987
133900 82.378064390138
134000 82.8784512973213
134100 81.9108461988329
134200 79.6335164049179
134300 79.9189646777369
134400 78.9041637536559
134500 81.4123661275163
134600 80.4103993785086
134700 80.3349808166885
134800 82.0041138138669
134900 82.5546429776365
135000 83.5081985617467
135100 82.6216501841833
135200 82.0633954545757
135300 83.5878814609869
135400 82.0124145972471
135500 82.9717218989214
135600 81.9259135918786
135700 81.8752576128853
135800 81.9283438066274
135900 80.9139412639718
136000 81.4351128696149
136100 81.0922368033831
136200 82.0715920637926
136300 82.1514345325651
136400 81.4811232613138
136500 81.724155593701
136600 80.93035235859
136700 80.9520811466672
136800 81.0171720135869
136900 80.2862836476738
137000 82.0502512286414
137100 82.4264935358494
137200 82.1242356476083
137300 82.6131205198836
137400 83.5149438154333
137500 82.0410603601704
137600 83.1538201486997
137700 82.1324794446568
137800 81.8086626368592
137900 82.1199855032541
138000 81.1690976109513
138100 81.1285825499233
138200 82.5489510844145
138300 83.4483179404071
138400 81.828541539263
138500 82.0799462506246
138600 81.6656663043311
138700 83.282168111777
138800 81.0776001133042
138900 79.9441931311331
139000 81.984481414766
139100 81.4249754554464
139200 81.3354700432177
139300 81.1862165205119
139400 80.4687110326687
139500 80.1292216007282
139600 78.8239676715094
139700 80.8649193678524
139800 82.6839103448664
139900 83.0012692684342
140000 81.7618202818249
140100 82.7091224648873
140200 82.1914381211631
140300 82.8070099632764
140400 82.7962707508563
140500 83.6894334742425
140600 83.3776527290788
140700 82.2359989579489
140800 83.2261288094324
140900 83.4238549773335
141000 83.2437972500279
141100 81.0578425499964
141200 81.5280849939479
141300 82.6191326942378
141400 82.1258201219009
141500 81.4003003210919
141600 81.7579597884013
141700 82.4033310539129
141800 82.0899466777235
141900 81.0003265298011
142000 83.0606374291996
142100 82.5454489534046
142200 82.7155024147381
142300 82.5088194106101
142400 83.1453309522581
142500 82.6200404525867
142600 82.9919599331601
142700 82.8475349078535
142800 82.5471537023202
142900 81.0170499201514
143000 81.3161216409354
143100 83.771782994452
143200 81.7391844732134
143300 79.1807551257978
143400 78.2816337761353
143500 77.9512783395619
143600 78.858282455671
143700 80.4123309842199
143800 81.3956166113334
143900 81.3084945105914
144000 80.2598958146511
144100 79.7751145083708
144200 82.0915711108963
144300 80.165903975069
144400 82.4146952646215
144500 82.1783739908343
144600 82.2857135850958
144700 81.9704636636432
144800 81.6010025120691
144900 82.2505883019457
145000 83.7065464703064
145100 83.5501617562955
145200 81.2215654142469
145300 82.4406824559573
145400 82.2280418557891
145500 81.3730024057852
145600 81.2711476959611
145700 81.4163068130938
145800 82.2177603453744
145900 81.1853213537785
146000 80.6096287811587
146100 79.8153429166997
146200 81.4234051541276
146300 80.5625033486047
146400 81.9345806096295
146500 80.1021008853758
146600 81.9624166861314
146700 81.6225361407479
146800 82.5501789627735
146900 82.846684071077
147000 83.889952776808
147100 85.447077493447
147200 84.8756009977731
147300 83.9467601571401
147400 82.8557925198307
147500 80.974583650564
147600 79.8633529362701
147700 82.8259705924452
147800 82.9681865233717
147900 82.0208558195005
148000 81.5267004538662
148100 80.8133041384411
148200 82.8378946940175
148300 84.3609341318174
148400 82.8661010906633
148500 81.2536786846213
148600 81.2896712736479
148700 80.6541336484858
148800 81.9706942447728
148900 83.2936064054527
149000 84.355066691
149100 81.9525641548298
149200 83.3337209006486
149300 83.1432073685571
149400 83.2247045770915
149500 82.2107296014906
149600 82.1025601053633
149700 82.7576666882576
149800 83.6345991464509
149900 82.5612358475256
150000 82.0080229843273
