/*--------------------------------*- C++ -*----------------------------------*\
  =========                 |
  \\      /  F ield         | OpenFOAM: The Open Source CFD Toolbox
   \\    /   O peration     | Website:  https://openfoam.org
    \\  /    A nd           | Version:  6
     \\/     M anipulation  |
\*---------------------------------------------------------------------------*/
FoamFile
{
    version     2.0;
    format      ascii;
    class       volScalarField;
    location    "0";
    object      error;
}
// * * * * * * * * * * * * * * * * * * * * * * * * * * * * * * * * * * * * * //

dimensions      [0 0 0 0 0 0 0];

internalField   nonuniform List<scalar> 
5200
(
0.0136107
0.0136048
0.0135714
0.0135189
0.0134534
0.0133794
0.0133016
0.0132284
0.0131782
0.0131934
0.0136306
0.013629
0.0136023
0.0135588
0.0135048
0.0134451
0.0133836
0.013325
0.0132736
0.0132309
0.0136558
0.0136584
0.0136385
0.0136043
0.0135614
0.0135138
0.0134639
0.0134121
0.013356
0.0132871
0.0136845
0.0136913
0.0136781
0.0136529
0.0136209
0.0135857
0.0135491
0.0135115
0.013472
0.0134288
0.013715
0.0137256
0.0137188
0.0137022
0.013681
0.0136584
0.0136366
0.0136168
0.0136002
0.0135882
0.0137453
0.0137593
0.0137582
0.0137496
0.0137383
0.0137276
0.0137197
0.0137165
0.0137195
0.0137308
0.0137737
0.0137905
0.0137943
0.0137925
0.0137896
0.0137889
0.0137926
0.0138025
0.01382
0.0138465
0.0137985
0.0138174
0.0138251
0.0138284
0.0138321
0.013839
0.0138514
0.0138706
0.0138979
0.0139341
0.0138185
0.0138387
0.0138489
0.0138558
0.0138638
0.0138759
0.0138938
0.013919
0.0139523
0.0139942
0.0138329
0.0138533
0.0138647
0.0138733
0.0138836
0.0138981
0.0139189
0.0139469
0.013983
0.0140275
0.0123506
0.0128935
0.0130696
0.0131382
0.0131794
0.0132157
0.0132553
0.0133027
0.0133632
0.0134465
0.0133657
0.0131937
0.0131923
0.0132029
0.0132169
0.0132363
0.0132616
0.0132909
0.0133193
0.0133349
0.0135457
0.0134018
0.0133288
0.0132906
0.0132735
0.0132717
0.0132816
0.0133004
0.0133252
0.0133534
0.0135919
0.0135015
0.0134238
0.0133652
0.0133268
0.0133065
0.0133023
0.0133121
0.0133347
0.0133687
0.0136024
0.0135454
0.0134779
0.0134143
0.0133633
0.0133281
0.0133097
0.013309
0.0133271
0.0133647
0.0136006
0.0135628
0.0135048
0.0134404
0.0133802
0.0133303
0.0132943
0.0132764
0.0132818
0.013317
0.0135952
0.0135686
0.0135167
0.0134515
0.0133824
0.0133152
0.0132541
0.0132045
0.0131763
0.0131864
0.0135911
0.0135713
0.0135234
0.0134572
0.0133799
0.0132945
0.0132015
0.0131004
0.0129952
0.0129078
0.0135912
0.0135765
0.0135323
0.0134671
0.0133861
0.0132899
0.0131727
0.0130195
0.0127971
0.0124347
0.0135974
0.0135872
0.0135478
0.0134874
0.0134113
0.0133216
0.0132171
0.0130943
0.0129481
0.0127768
0.0109701
0.011272
0.0112678
0.0112445
0.0112089
0.0111615
0.0111017
0.0110288
0.010943
0.0108445
0.0107339
0.0106119
0.0104791
0.0103362
0.0101841
0.0100231
0.00985393
0.00967696
0.00949257
0.00930106
0.00910265
0.0088975
0.0086857
0.00846725
0.0082421
0.00801014
0.00777118
0.00752495
0.00727114
0.00700932
0.006739
0.00645963
0.00617052
0.00587092
0.00555996
0.00523666
0.00489992
0.0045485
0.00418102
0.00379592
0.010846
0.0110572
0.0110997
0.0111194
0.0111166
0.0110934
0.0110514
0.010992
0.0109162
0.0108253
0.0107206
0.0106031
0.010474
0.0103341
0.0101842
0.0100252
0.00985758
0.00968191
0.00949862
0.00930805
0.00911046
0.00890602
0.00869486
0.008477
0.00825242
0.008021
0.00778259
0.00753693
0.00728371
0.00702254
0.00675294
0.00647438
0.0061862
0.00588769
0.00557801
0.00525625
0.00492137
0.00457226
0.00420769
0.00382636
0.01099
0.0110284
0.0110742
0.011105
0.0111129
0.0110983
0.0110626
0.0110075
0.0109347
0.0108458
0.0107424
0.0106258
0.0104972
0.0103576
0.0102079
0.010049
0.00988142
0.00970579
0.00952252
0.00933199
0.00913447
0.00893014
0.00871913
0.00850149
0.00827719
0.00804615
0.00780821
0.00756315
0.00731066
0.00705039
0.00678188
0.00650464
0.00621806
0.00592149
0.00561417
0.00529529
0.00496398
0.00461932
0.00426039
0.00388634
0.011149
0.0109656
0.0110331
0.0110837
0.0111083
0.0111064
0.0110798
0.011031
0.0109625
0.0108765
0.010775
0.0106596
0.0105317
0.0103925
0.0102431
0.0100843
0.00991683
0.00974122
0.00955799
0.0093675
0.00917006
0.00896587
0.00875507
0.00853774
0.00831385
0.00808336
0.00784611
0.00760191
0.0073505
0.00709154
0.00682464
0.00654933
0.00626511
0.00597137
0.00566751
0.00535286
0.00502675
0.00468855
0.00433777
0.00397417
0.011292
0.0108613
0.0109726
0.0110538
0.011102
0.0111172
0.0111028
0.0110623
0.0109994
0.0109171
0.010818
0.0107041
0.0105772
0.0104386
0.0102895
0.0101308
0.00996334
0.00978775
0.00960452
0.00941407
0.00921672
0.00901269
0.00880215
0.00858519
0.00836183
0.00813202
0.00789565
0.00765257
0.00740254
0.00714527
0.00688044
0.00660765
0.00632646
0.00603641
0.00573702
0.00542781
0.00510838
0.00477844
0.004438
0.00408752
0.011372
0.0107027
0.0108856
0.0110117
0.011092
0.0111297
0.0111307
0.0111007
0.0110448
0.0109671
0.0108709
0.0107589
0.010633
0.0104951
0.0103463
0.0101878
0.0100204
0.00984476
0.00966151
0.00947107
0.00927379
0.00906993
0.00885967
0.00864313
0.00842037
0.00819136
0.00795604
0.00771429
0.00746591
0.00721069
0.00694834
0.00667858
0.00640106
0.00611544
0.00582142
0.00551874
0.00520728
0.00488716
0.00455888
0.00422366
0.0113244
0.0104702
0.0107593
0.0109507
0.0110746
0.0111415
0.011162
0.011145
0.0110977
0.0110255
0.0109329
0.0108231
0.0106986
0.0105614
0.010413
0.0102546
0.0100872
0.00991154
0.00972822
0.00953775
0.00934051
0.00913679
0.00892682
0.00871073
0.00848862
0.00826051
0.00802637
0.00778611
0.00753962
0.00728673
0.00702724
0.00676095
0.00648764
0.00620712
0.00591927
0.00562405
0.00532167
0.00501264
0.004698
0.00437967
0.0110605
0.0101402
0.0105764
0.0108621
0.0110452
0.0111501
0.0111953
0.0111943
0.0111573
0.0110919
0.0110035
0.0108963
0.0107733
0.0106369
0.0104889
0.0103306
0.0101631
0.00998732
0.00980387
0.0096133
0.00941604
0.00921243
0.00900271
0.00878707
0.00856564
0.00833848
0.0081056
0.00786698
0.00762255
0.00737224
0.00711592
0.00685349
0.00658486
0.00631
0.00602898
0.00574203
0.00544964
0.00515274
0.00485287
0.0045526
0.010813
0.0101475
0.0107327
0.0110772
0.0112689
0.0113631
0.011391
0.0113721
0.0113186
0.0112387
0.0111382
0.0110209
0.0108896
0.0107464
0.0105928
0.01043
0.0102589
0.0100802
0.00989441
0.00970202
0.00950341
0.00929886
0.0090886
0.00887281
0.00865161
0.00842508
0.00819327
0.0079562
0.00771385
0.0074662
0.00721323
0.00695492
0.00669134
0.00642259
0.00614895
0.00587089
0.00558924
0.00530528
0.00502104
0.00473962
0.0133809
0.0128927
0.0127969
0.0125779
0.0123411
0.0121333
0.0119552
0.0117972
0.0116497
0.0115058
0.0113611
0.0112128
0.0110593
0.0108999
0.0107342
0.010562
0.0103836
0.010199
0.0100084
0.00981217
0.00961038
0.00940326
0.009191
0.00897373
0.00875157
0.00852463
0.00829296
0.00805663
0.00781569
0.00757016
0.00732013
0.00706568
0.006807
0.00654436
0.00627825
0.00600937
0.00573884
0.0054683
0.0052002
0.00493808
0.0147161
0.0140417
0.0138671
0.0135681
0.0132011
0.0128426
0.0125227
0.0122448
0.012002
0.011785
0.0115851
0.0113958
0.0112121
0.0110304
0.0108485
0.0106646
0.0104777
0.0102871
0.0100925
0.00989362
0.00969035
0.00948269
0.00927066
0.00905432
0.00883372
0.00860895
0.00838008
0.0081472
0.0079104
0.0076698
0.00742556
0.0071779
0.00692713
0.00667372
0.00641834
0.00616195
0.00590594
0.00565227
0.0054037
0.00516407
0.0139677
0.0138377
0.0137
0.0134807
0.0132009
0.012905
0.0126206
0.0123585
0.0121192
0.0118992
0.0116933
0.0114971
0.0113065
0.0111187
0.0109315
0.0107433
0.010553
0.0103599
0.0101636
0.00996375
0.00976024
0.00955302
0.0093421
0.00912753
0.00890939
0.00868779
0.00846283
0.00823466
0.00800345
0.00776939
0.00753276
0.00729388
0.00705324
0.00681144
0.00656937
0.00632819
0.00608953
0.00585559
0.00562935
0.0054148
0.0136666
0.0136398
0.0135529
0.0133947
0.01318
0.012937
0.0126885
0.0124472
0.0122178
0.0120006
0.0117936
0.011594
0.0113994
0.0112075
0.0110165
0.010825
0.010632
0.010437
0.0102393
0.0100388
0.0098353
0.00962873
0.0094191
0.00920649
0.00899099
0.00877275
0.00855192
0.00832869
0.00810332
0.00787607
0.00764733
0.00741753
0.00718728
0.00695736
0.00672879
0.00650294
0.0062816
0.00606713
0.00586265
0.00567219
0.013515
0.013502
0.0134423
0.0133246
0.0131563
0.0129553
0.012739
0.0125192
0.0123027
0.0120919
0.0118871
0.0116872
0.0114908
0.0112965
0.011103
0.0109092
0.0107144
0.0105178
0.0103193
0.0101184
0.00991513
0.00970939
0.00950123
0.00929074
0.00907804
0.00886332
0.00864677
0.00842867
0.00820931
0.00798906
0.00776837
0.00754781
0.0073281
0.00711014
0.00689509
0.00668447
0.00648018
0.00628471
0.00610121
0.00593366
0.0134477
0.0134248
0.0133734
0.0132786
0.0131413
0.0129716
0.0127817
0.0125818
0.0123787
0.0121761
0.0119756
0.0117774
0.011581
0.0113858
0.0111909
0.0109957
0.0107996
0.0106022
0.0104031
0.0102022
0.00999934
0.00979463
0.00958808
0.00937984
0.00917006
0.00895897
0.00874682
0.00853394
0.0083207
0.00810753
0.00789499
0.00768372
0.00747455
0.00726849
0.00706682
0.00687114
0.00668347
0.00650632
0.00634286
0.00619695
0.013437
0.0133979
0.013344
0.0132596
0.0131411
0.0129932
0.0128239
0.0126409
0.0124503
0.0122563
0.0120611
0.0118657
0.0116706
0.0114756
0.0112803
0.0110844
0.0108877
0.0106897
0.0104904
0.0102897
0.0100876
0.00988404
0.00967924
0.00947334
0.00926656
0.00905917
0.00885149
0.00864388
0.00843678
0.00823071
0.00802628
0.00782425
0.00762551
0.00743117
0.00724259
0.00706144
0.00688979
0.00673018
0.00658569
0.00646008
0.013465
0.0134099
0.0133486
0.0132667
0.0131584
0.0130248
0.0128704
0.0127008
0.0125212
0.0123352
0.0121455
0.0119536
0.0117604
0.0115663
0.0113713
0.0111753
0.0109784
0.0107803
0.0105811
0.0103808
0.0101795
0.00997729
0.00977432
0.00957083
0.00936709
0.00916341
0.00896018
0.00875782
0.00855683
0.00835779
0.00816138
0.00796843
0.0077799
0.00759698
0.00742109
0.00725394
0.00709761
0.00695464
0.00682802
0.00672134
0.01352
0.0134516
0.0133814
0.0132975
0.0131936
0.0130684
0.0129243
0.0127648
0.012594
0.012415
0.0122305
0.0120422
0.0118513
0.0116585
0.0114642
0.0112685
0.0110717
0.0108738
0.010675
0.0104753
0.0102749
0.010074
0.00987294
0.00967187
0.00947116
0.00927118
0.00907235
0.00887516
0.00868016
0.00848801
0.00829943
0.00811532
0.0079367
0.00776481
0.0076011
0.00744732
0.00730554
0.00717824
0.00706834
0.00697923
0.0135946
0.0135158
0.0134371
0.0133491
0.0132458
0.013125
0.0129874
0.012835
0.0126709
0.0124977
0.0123177
0.0121327
0.0119441
0.0117528
0.0115593
0.0113642
0.0111677
0.0109702
0.0107718
0.0105728
0.0103734
0.010174
0.00997475
0.00977607
0.00957833
0.00938195
0.00918742
0.00899526
0.00880609
0.00862061
0.00843961
0.00826402
0.00809492
0.00793358
0.00778148
0.00764037
0.0075123
0.00739968
0.00730531
0.00723242
0.0136842
0.0135978
0.0135116
0.0134187
0.0133139
0.0131946
0.0130605
0.0129127
0.0127534
0.0125845
0.0124082
0.0122261
0.0120395
0.0118496
0.0116571
0.0114626
0.0112665
0.0110694
0.0108715
0.0106733
0.0104749
0.0102768
0.0100794
0.00988304
0.00968816
0.00949525
0.00930485
0.00911753
0.00893396
0.00875488
0.00858113
0.00841368
0.00825364
0.00810231
0.00796117
0.00783197
0.00771672
0.00761775
0.00753774
0.00747976
0.0137859
0.0136941
0.0136017
0.0135037
0.0133962
0.0132765
0.0131438
0.0129987
0.0128424
0.0126766
0.012503
0.0123231
0.0121382
0.0119494
0.0117577
0.0115638
0.0113682
0.0111715
0.0109741
0.0107765
0.0105791
0.0103823
0.0101866
0.00999241
0.00980023
0.00961061
0.00942412
0.00924139
0.00906313
0.00889011
0.00872323
0.00856347
0.00841198
0.00827006
0.00813919
0.0080211
0.00791776
0.0078314
0.00776459
0.00772022
0.0138981
0.0138024
0.0137049
0.0136023
0.0134915
0.0133701
0.0132374
0.0130933
0.0129386
0.0127747
0.0126028
0.0124244
0.0122407
0.0120528
0.0118617
0.0116681
0.0114728
0.0112764
0.0110794
0.0108824
0.0106858
0.0104902
0.010296
0.0101038
0.00991414
0.00972757
0.00954472
0.00936628
0.00919299
0.00902565
0.0088652
0.00871263
0.00856912
0.00843596
0.00831464
0.00820683
0.00811445
0.00803965
0.00798489
0.00795288
0.0140199
0.0139214
0.0138197
0.0137129
0.0135985
0.0134749
0.0133409
0.0131966
0.0130424
0.0128792
0.0127082
0.0125306
0.0123475
0.01216
0.0119691
0.0117757
0.0115805
0.0113842
0.0111874
0.0109908
0.0107949
0.0106002
0.0104074
0.0102169
0.0100295
0.00984569
0.00966618
0.00949167
0.00932295
0.00916087
0.00900635
0.00886044
0.0087243
0.00859922
0.00848667
0.00838829
0.00830592
0.00824166
0.00819781
0.00817695
0.0141508
0.0140501
0.0139451
0.0138344
0.0137165
0.01359
0.0134541
0.0133086
0.0131539
0.0129905
0.0128195
0.012642
0.0124589
0.0122714
0.0120804
0.0118868
0.0116914
0.0114949
0.0112981
0.0111017
0.0109061
0.0107122
0.0105204
0.0103314
0.0101459
0.00996456
0.00978801
0.00961705
0.00945248
0.00929516
0.00914606
0.00900622
0.00887679
0.00875908
0.00865451
0.00856469
0.0084914
0.00843663
0.00840258
0.00839169
0.0142905
0.0141882
0.0140802
0.013966
0.0138446
0.013715
0.0135766
0.0134293
0.0132731
0.0131088
0.0129371
0.0127589
0.0125753
0.0123872
0.0121956
0.0120014
0.0118054
0.0116085
0.0114114
0.0112148
0.0110194
0.0108258
0.0106348
0.010447
0.0102631
0.0100838
0.0099098
0.00974194
0.00958104
0.00942797
0.00928371
0.00914931
0.00902594
0.00891485
0.00881745
0.00873531
0.00867015
0.00862385
0.00859853
0.00859647
0.0144392
0.0143354
0.0142248
0.0141073
0.0139824
0.0138495
0.0137082
0.0135584
0.0134002
0.0132342
0.013061
0.0128816
0.0126968
0.0125076
0.0123149
0.0121197
0.0119228
0.0117251
0.0115273
0.0113302
0.0111345
0.010941
0.0107504
0.0105634
0.0103806
0.010203
0.0100311
0.00986588
0.00970813
0.00955876
0.00941874
0.00928915
0.00917111
0.00906588
0.00897485
0.00889951
0.00884152
0.0088027
0.00878504
0.00879071
0.0145968
0.0144916
0.0143785
0.0142579
0.0141296
0.0139933
0.0138487
0.0136959
0.0135351
0.0133668
0.0131915
0.0130102
0.0128236
0.0126328
0.0124385
0.0122418
0.0120435
0.0118445
0.0116457
0.0114477
0.0112514
0.0110576
0.010867
0.0106803
0.0104983
0.0103218
0.0101516
0.00998844
0.00983329
0.00968702
0.00955063
0.00942515
0.00931173
0.0092116
0.00912609
0.00905666
0.00900492
0.00897259
0.00896156
0.00897389
0.0147637
0.014657
0.0145415
0.0144178
0.014286
0.0141461
0.013998
0.0138418
0.0136779
0.0135066
0.0133287
0.0131449
0.0129559
0.0127628
0.0125665
0.0123678
0.0121676
0.0119669
0.0117665
0.0115673
0.0113699
0.0111753
0.0109842
0.0107974
0.0106157
0.0104399
0.0102708
0.0101092
0.00995607
0.0098123
0.00967887
0.00955682
0.00944728
0.00935144
0.00927063
0.00920623
0.0091598
0.00913299
0.00912759
0.00914556
0.0149402
0.0148318
0.0147139
0.014587
0.0144517
0.0143079
0.014156
0.0139961
0.0138285
0.0136538
0.0134726
0.0132857
0.0130938
0.0128979
0.0126989
0.0124977
0.0122952
0.0120923
0.0118898
0.0116888
0.0114899
0.011294
0.011102
0.0109146
0.0107326
0.0105569
0.0103884
0.0102278
0.0100761
0.00993415
0.009803
0.00968366
0.00957724
0.00948491
0.00940795
0.00934771
0.00930568
0.00928343
0.00928269
0.00930529
0.0151265
0.0150163
0.0148957
0.0147656
0.0146265
0.0144788
0.0143227
0.0141587
0.013987
0.0138084
0.0136234
0.0134328
0.0132374
0.0130382
0.0128359
0.0126316
0.0124262
0.0122205
0.0120156
0.0118122
0.0116112
0.0114136
0.01122
0.0110315
0.0108488
0.0106727
0.0105041
0.0103439
0.0101929
0.0100522
0.0099226
0.00980524
0.00970117
0.00961154
0.0095376
0.00948064
0.0094421
0.00942349
0.00942645
0.00945272
0.0153232
0.0152108
0.0150874
0.0149539
0.0148108
0.0146588
0.0144983
0.0143297
0.0141536
0.0139705
0.0137811
0.0135863
0.0133868
0.0131836
0.0129775
0.0127695
0.0125606
0.0123517
0.0121436
0.0119374
0.0117338
0.0115338
0.0113383
0.011148
0.0109639
0.0107868
0.0106175
0.010457
0.0103062
0.010166
0.0100373
0.00992113
0.00981864
0.00973091
0.00965914
0.0096046
0.00956866
0.00955278
0.00955851
0.00958752
0.0155305
0.0154157
0.0152892
0.015152
0.0150048
0.0148482
0.0146829
0.0145094
0.0143282
0.0141402
0.0139459
0.0137463
0.0135421
0.0133343
0.0131238
0.0129116
0.0126986
0.0124857
0.012274
0.0120643
0.0118575
0.0116546
0.0114564
0.0112639
0.0110778
0.010899
0.0107285
0.0105671
0.0104157
0.0102752
0.0101466
0.010031
0.00992926
0.00984261
0.00977218
0.0097192
0.00968499
0.00967093
0.00967853
0.00970937
0.0157492
0.0156316
0.0155016
0.0153604
0.0152087
0.0150473
0.0148767
0.0146978
0.0145112
0.0143177
0.0141179
0.0139129
0.0137034
0.0134904
0.0132749
0.0130578
0.01284
0.0126227
0.0124067
0.0121929
0.0119823
0.0117759
0.0115744
0.0113789
0.0111902
0.0110091
0.0108366
0.0106736
0.0105209
0.0103795
0.0102503
0.0101344
0.0100327
0.0099463
0.00987637
0.0098241
0.00979074
0.00977764
0.00978623
0.00981803
0.0159796
0.0158588
0.0157251
0.0155795
0.015423
0.0152562
0.0150801
0.0148953
0.0147027
0.0145031
0.0142974
0.0140863
0.0138709
0.0136521
0.0134308
0.0132082
0.0129851
0.0127626
0.0125416
0.0123231
0.0121081
0.0118974
0.0116921
0.011493
0.011301
0.0111169
0.0109418
0.0107764
0.0106217
0.0104786
0.0103481
0.0102311
0.0101286
0.0100416
0.00997139
0.00991897
0.00988562
0.00987262
0.00988134
0.00991324
0.0162224
0.0160981
0.0159602
0.0158098
0.0156479
0.0154754
0.0152932
0.0151021
0.014903
0.0146968
0.0144844
0.0142667
0.0140446
0.0138193
0.0135917
0.0133629
0.0131337
0.0129054
0.0126788
0.0124549
0.0122347
0.0120192
0.0118093
0.0116059
0.0114099
0.0112222
0.0110436
0.0108752
0.0107178
0.0105723
0.0104396
0.0103207
0.0102166
0.0101283
0.0100569
0.0100035
0.00996935
0.0099556
0.00996361
0.00999479
0.0164783
0.0163499
0.0162074
0.0160518
0.0158842
0.0157054
0.0155166
0.0153186
0.0151124
0.0148989
0.0146792
0.0144542
0.0142249
0.0139924
0.0137577
0.0135219
0.0132861
0.0130511
0.0128182
0.0125882
0.0123622
0.0121411
0.0119259
0.0117175
0.0115168
0.0113247
0.0111421
0.0109698
0.0108089
0.0106602
0.0105246
0.0104031
0.0102966
0.0102061
0.0101327
0.0100775
0.0100417
0.0100264
0.0100328
0.0100625
0.0167479
0.0166151
0.0164674
0.0163061
0.0161321
0.0159466
0.0157506
0.0155451
0.0153312
0.0151098
0.0148821
0.0146491
0.0144118
0.0141714
0.0139289
0.0136855
0.0134421
0.0131999
0.0129599
0.0127231
0.0124905
0.0122631
0.0120419
0.0118277
0.0116215
0.0114243
0.0112368
0.01106
0.0108949
0.0107422
0.0106029
0.0104779
0.0103682
0.0102747
0.0101985
0.0101407
0.0101024
0.0100847
0.0100888
0.0101162
0.0170321
0.0168943
0.016741
0.0165733
0.0163925
0.0161996
0.0159957
0.0157821
0.0155597
0.0153298
0.0150934
0.0148516
0.0146056
0.0143565
0.0141055
0.0138536
0.013602
0.0133517
0.0131039
0.0128595
0.0126195
0.0123851
0.012157
0.0119364
0.011724
0.0115208
0.0113277
0.0111457
0.0109754
0.010818
0.0106742
0.0105449
0.0104312
0.010334
0.0102542
0.0101929
0.0101513
0.0101304
0.0101315
0.0101557
0.0173316
0.0171883
0.0170287
0.0168541
0.0166658
0.0164649
0.0162526
0.0160301
0.0157986
0.0155593
0.0153134
0.0150621
0.0148066
0.014548
0.0142876
0.0140265
0.0137658
0.0135066
0.0132501
0.0129974
0.0127493
0.012507
0.0122714
0.0120434
0.0118241
0.0116142
0.0114147
0.0112265
0.0110505
0.0108874
0.0107383
0.010604
0.0104855
0.0103836
0.0102994
0.0102339
0.0101882
0.0101633
0.0101605
0.010181
0.0176474
0.017498
0.0173315
0.0171494
0.0169529
0.0167432
0.0165216
0.0162895
0.0160481
0.0157987
0.0155425
0.0152808
0.0150149
0.0147461
0.0144754
0.0142042
0.0139336
0.0136648
0.0133988
0.0131368
0.0128798
0.0126288
0.0123848
0.0121488
0.0119216
0.0117043
0.0114976
0.0113025
0.0111198
0.0109504
0.0107952
0.010655
0.0105308
0.0104236
0.0103341
0.0102636
0.010213
0.0101834
0.0101759
0.0101919
0.0179805
0.0178243
0.0176503
0.0174599
0.0172544
0.0170352
0.0168036
0.016561
0.0163089
0.0160484
0.0157811
0.0155082
0.015231
0.0149509
0.0146692
0.014387
0.0141056
0.0138262
0.0135499
0.0132778
0.013011
0.0127505
0.0124974
0.0122524
0.0120167
0.011791
0.0115763
0.0113735
0.0111833
0.0110068
0.0108446
0.0106978
0.0105672
0.0104536
0.0103582
0.0102818
0.0102255
0.0101904
0.0101776
0.0101883
0.018332
0.0181683
0.017986
0.0177866
0.0175713
0.0173417
0.0170992
0.0168453
0.0165814
0.0163091
0.0160296
0.0157445
0.0154552
0.0151629
0.0148691
0.0145751
0.014282
0.0139911
0.0137036
0.0134205
0.0131431
0.0128722
0.012609
0.0123543
0.0121091
0.0118743
0.0116508
0.0114394
0.011241
0.0110564
0.0108865
0.0107322
0.0105943
0.0104738
0.0103715
0.0102885
0.0102257
0.0101843
0.0101654
0.0101701
0.0187029
0.0185311
0.0183397
0.0181304
0.0179044
0.0176635
0.0174092
0.017143
0.0168664
0.0165812
0.0162886
0.0159903
0.0156878
0.0153824
0.0150755
0.0147686
0.0144628
0.0141595
0.0138598
0.0135649
0.0132759
0.0129938
0.0127196
0.0124544
0.0121989
0.0119541
0.0117209
0.0115001
0.0112927
0.0110993
0.0109208
0.0107582
0.0106122
0.0104838
0.0103739
0.0102835
0.0102135
0.0101651
0.0101393
0.0101374
0.0190947
0.0189139
0.0187126
0.0184924
0.0182549
0.0180017
0.0177344
0.0174549
0.0171646
0.0168653
0.0165586
0.0162461
0.0159292
0.0156096
0.0152887
0.0149679
0.0146484
0.0143317
0.0140189
0.0137112
0.0134097
0.0131154
0.0128294
0.0125526
0.012286
0.0120304
0.0117867
0.0115557
0.0113383
0.0111353
0.0109475
0.0107757
0.0106208
0.0104838
0.0103655
0.0102668
0.0101888
0.0101326
0.0100993
0.0100901
0.0195088
0.0193181
0.0191059
0.0188738
0.0186236
0.0183571
0.0180758
0.0177818
0.0174766
0.0171622
0.0168402
0.0165122
0.01618
0.0158451
0.015509
0.0151732
0.014839
0.0145078
0.0141809
0.0138594
0.0135444
0.0132371
0.0129383
0.0126492
0.0123705
0.0121032
0.0118482
0.0116061
0.011378
0.0111645
0.0109664
0.0107847
0.0106202
0.0104737
0.0103461
0.0102385
0.0101517
0.010087
0.0100454
0.0100282
0.0199466
0.0197451
0.019521
0.019276
0.019012
0.0187308
0.0184344
0.0181246
0.0178034
0.0174725
0.0171339
0.0167894
0.0164405
0.0160891
0.0157367
0.0153848
0.0150348
0.0146881
0.014346
0.0140097
0.0136803
0.0133589
0.0130465
0.012744
0.0124525
0.0121726
0.0119053
0.0116514
0.0114116
0.0111868
0.0109778
0.0107853
0.0106102
0.0104535
0.0103159
0.0101984
0.0101022
0.0100282
0.00997761
0.00995164
0.0204098
0.0201965
0.0199593
0.0197002
0.0194211
0.0191241
0.0188112
0.0184843
0.0181456
0.0177971
0.0174406
0.0170781
0.0167114
0.0163422
0.0159722
0.015603
0.015236
0.0148727
0.0145144
0.0141622
0.0138174
0.0134809
0.0131539
0.0128373
0.0125319
0.0122386
0.0119582
0.0116915
0.0114393
0.0112024
0.0109815
0.0107775
0.0105911
0.0104232
0.0102748
0.0101468
0.0100403
0.00995627
0.00989596
0.0098606
0.0209003
0.020674
0.0204226
0.020148
0.0198526
0.0195383
0.0192074
0.018862
0.0185044
0.0181367
0.0177609
0.0173791
0.0169931
0.0166049
0.016216
0.0158282
0.0154431
0.015062
0.0146863
0.0143172
0.0139559
0.0136034
0.0132608
0.012929
0.0126089
0.0123013
0.0120069
0.0117266
0.0114612
0.0112113
0.0109777
0.0107613
0.0105628
0.0103831
0.0102231
0.0100837
0.00996612
0.00987132
0.00980056
0.0097551
0.0214202
0.0211796
0.0209125
0.0206211
0.0203077
0.0199747
0.0196243
0.0192589
0.0188808
0.0184924
0.0180957
0.0176931
0.0172864
0.0168776
0.0164685
0.0160609
0.0156563
0.0152562
0.0148619
0.0144748
0.0140959
0.0137264
0.0133673
0.0130194
0.0126836
0.0123608
0.0120516
0.0117569
0.0114773
0.0112137
0.0109666
0.010737
0.0105256
0.0103332
0.0101608
0.0100093
0.00987982
0.00977349
0.00969154
0.00963529
0.021972
0.0217154
0.0214311
0.0211213
0.0207884
0.0204348
0.0200632
0.019676
0.0192758
0.018865
0.0184458
0.0180207
0.0175918
0.017161
0.0167302
0.0163014
0.015876
0.0154556
0.0150416
0.0146352
0.0142378
0.0138502
0.0134735
0.0131085
0.0127562
0.0124172
0.0120924
0.0117824
0.0114879
0.0112097
0.0109484
0.0107047
0.0104796
0.0102737
0.0100881
0.00992371
0.0097816
0.00966296
0.00956907
0.0095013
0.0128208
0.012791
0.0127355
0.0126473
0.0125161
0.0123283
0.0120724
0.0117661
0.0114562
0.0125204
0.0130964
0.0130853
0.013072
0.0130612
0.0130591
0.01307
0.013091
0.0130955
0.0129085
0.0130691
0.0133011
0.0132845
0.0132567
0.0132165
0.0131624
0.0130911
0.0129965
0.0128658
0.0126578
0.0127562
0.0134676
0.0134492
0.0134168
0.0133694
0.0133051
0.013221
0.0131119
0.012969
0.0127812
0.0127751
0.0136119
0.0135929
0.013559
0.0135092
0.0134423
0.0133562
0.0132475
0.0131111
0.012948
0.0128754
0.0137438
0.013725
0.0136911
0.0136415
0.0135755
0.0134919
0.013389
0.0132643
0.0131232
0.0130124
0.0138697
0.0138515
0.0138183
0.01377
0.0137061
0.0136265
0.0135305
0.0134172
0.0132934
0.0131632
0.0139937
0.0139763
0.0139441
0.0138972
0.0138358
0.01376
0.0136701
0.0135663
0.013455
0.0133164
0.0141185
0.0141018
0.0140707
0.0140253
0.013966
0.0138934
0.0138082
0.0137114
0.0136086
0.0134679
0.014246
0.01423
0.0141997
0.0141555
0.0140979
0.0140277
0.0139459
0.0138538
0.0137564
0.0136168
0.0143773
0.0143619
0.0143324
0.0142891
0.0142327
0.0141641
0.0140845
0.0139954
0.013901
0.0137639
0.0145135
0.0144987
0.0144697
0.014427
0.0143713
0.0143037
0.0142254
0.0141378
0.0140448
0.0139106
0.0146553
0.0146409
0.0146123
0.01457
0.0145148
0.0144476
0.0143697
0.0142828
0.01419
0.0140587
0.0148033
0.0147893
0.014761
0.0147189
0.0146638
0.0145966
0.0145187
0.0144317
0.0143383
0.0142095
0.0149581
0.0149445
0.0149164
0.0148743
0.014819
0.0147516
0.0146733
0.0145857
0.0144912
0.0143645
0.0151202
0.0151069
0.0150789
0.0150368
0.0149812
0.0149133
0.0148344
0.0147458
0.0146499
0.0145249
0.0152901
0.0152771
0.0152492
0.0152068
0.0151509
0.0150824
0.0150026
0.0149129
0.0148154
0.0146917
0.0154684
0.0154556
0.0154277
0.0153851
0.0153287
0.0152595
0.0151787
0.0150878
0.0149885
0.0148657
0.0156554
0.0156429
0.0156149
0.0155721
0.0155152
0.0154453
0.0153635
0.0152712
0.0151702
0.0150479
0.0158518
0.0158394
0.0158114
0.0157684
0.015711
0.0156402
0.0155573
0.0154637
0.015361
0.015239
0.016058
0.0160459
0.0160178
0.0159744
0.0159165
0.015845
0.015761
0.015666
0.0155616
0.0154396
0.0162747
0.0162627
0.0162346
0.0161909
0.0161324
0.0160601
0.0159751
0.0158787
0.0157727
0.0156504
0.0165023
0.0164905
0.0164623
0.0164183
0.0163593
0.0162862
0.0162002
0.0161025
0.0159948
0.0158722
0.0167416
0.0167299
0.0167016
0.0166574
0.0165978
0.016524
0.0164369
0.016338
0.0162287
0.0161056
0.0169931
0.0169815
0.0169532
0.0169086
0.0168486
0.016774
0.016686
0.0165859
0.0164751
0.0163512
0.0172576
0.0172461
0.0172177
0.0171729
0.0171124
0.0170371
0.0169482
0.0168468
0.0167346
0.0166099
0.0175357
0.0175244
0.0174959
0.0174508
0.0173899
0.0173139
0.0172241
0.0171217
0.017008
0.0168824
0.0178284
0.0178171
0.0177885
0.0177432
0.0176819
0.0176053
0.0175147
0.0174111
0.0172961
0.0171695
0.0181363
0.0181251
0.0180965
0.018051
0.0179892
0.0179121
0.0178207
0.0177161
0.0175998
0.0174721
0.0184605
0.0184494
0.0184207
0.018375
0.0183129
0.0182353
0.0181431
0.0180376
0.01792
0.0177913
0.0188019
0.0187908
0.0187621
0.0187163
0.0186539
0.0185757
0.0184829
0.0183765
0.0182578
0.0181279
0.0191616
0.0191506
0.0191218
0.0190758
0.0190132
0.0189347
0.0188412
0.018734
0.0186142
0.0184831
0.0195407
0.0195297
0.019501
0.0194549
0.019392
0.0193132
0.0192192
0.0191113
0.0189904
0.0188582
0.0199405
0.0199295
0.0199008
0.0198547
0.0197917
0.0197126
0.0196182
0.0195096
0.0193878
0.0192544
0.0203623
0.0203514
0.0203227
0.0202765
0.0202135
0.0201342
0.0200395
0.0199304
0.0198077
0.0196733
0.0208075
0.0207967
0.020768
0.020722
0.0206589
0.0205796
0.0204847
0.0203751
0.0202518
0.0201162
0.0212779
0.021267
0.0212385
0.0211926
0.0211297
0.0210504
0.0209555
0.0208456
0.0207216
0.0205851
0.021775
0.0217642
0.0217359
0.0216902
0.0216275
0.0215484
0.0214535
0.0213435
0.0212191
0.0210817
0.0223009
0.0222902
0.022262
0.0222166
0.0221543
0.0220756
0.0219809
0.0218709
0.0217462
0.0216081
0.0228576
0.022847
0.0228193
0.0227745
0.0227129
0.0226349
0.0225408
0.0224311
0.0223063
0.0221673
0.0133377
0.0133216
0.0133701
0.0134411
0.0135165
0.0135881
0.0136514
0.013702
0.0137339
0.0137388
0.013361
0.0134017
0.0134514
0.0135083
0.013568
0.013626
0.0136782
0.0137201
0.0137457
0.0137465
0.0133996
0.0134678
0.0135229
0.0135736
0.0136223
0.0136686
0.0137101
0.0137432
0.0137622
0.013759
0.0135243
0.0135676
0.0136067
0.0136438
0.0136796
0.013714
0.013745
0.0137693
0.0137818
0.0137746
0.0136677
0.01368
0.0136968
0.0137163
0.0137377
0.0137597
0.0137803
0.0137963
0.0138026
0.0137916
0.0137949
0.0137842
0.0137814
0.0137846
0.0137923
0.0138027
0.0138136
0.0138218
0.0138225
0.0138083
0.0138959
0.0138699
0.0138526
0.0138429
0.0138391
0.0138396
0.0138423
0.0138439
0.0138398
0.0138228
0.0139691
0.0139333
0.0139063
0.0138872
0.0138748
0.0138678
0.013864
0.0138605
0.0138527
0.0138337
0.0140151
0.0139734
0.0139403
0.0139153
0.0138973
0.0138853
0.0138772
0.0138702
0.0138599
0.0138396
0.0140344
0.01399
0.013954
0.013926
0.0139053
0.0138907
0.0138805
0.0138718
0.0138604
0.0138399
0.013705
0.0136119
0.0135423
0.0134865
0.0134392
0.013396
0.0133488
0.0132753
0.0130955
0.0125494
0.013591
0.0135658
0.0135285
0.0134909
0.013458
0.0134318
0.0134118
0.0133964
0.013394
0.0135633
0.0136047
0.0135673
0.0135339
0.0135071
0.0134898
0.013485
0.0134963
0.0135297
0.013599
0.0137406
0.0136131
0.0135704
0.0135396
0.0135221
0.0135194
0.0135332
0.0135661
0.01362
0.0136942
0.0137825
0.0136003
0.0135545
0.0135287
0.0135222
0.013534
0.0135632
0.0136089
0.0136681
0.0137323
0.0137874
0.0135421
0.0134993
0.0134866
0.0134979
0.0135277
0.0135721
0.0136273
0.0136877
0.0137426
0.0137786
0.0133996
0.0133823
0.0134039
0.0134474
0.0135028
0.0135649
0.0136295
0.0136911
0.0137402
0.0137651
0.0131076
0.0131883
0.0132873
0.013383
0.013471
0.0135518
0.0136252
0.0136882
0.0137336
0.0137518
0.0126187
0.0129751
0.0131924
0.013341
0.0134541
0.0135465
0.013624
0.0136864
0.0137284
0.0137418
0.0129382
0.0131081
0.0132515
0.0133712
0.0134725
0.0135592
0.0136325
0.0136904
0.013728
0.0137371
0.00900338
0.00809801
0.00850275
0.00879755
0.00901292
0.00917346
0.00929785
0.00939957
0.00948801
0.00956954
0.00964834
0.00972706
0.00980735
0.00989011
0.00997577
0.0100644
0.0101559
0.0102499
0.010346
0.0104436
0.0105422
0.0106411
0.0107396
0.010837
0.0109323
0.0110249
0.0111136
0.0111976
0.0112759
0.0113474
0.0114111
0.0114661
0.0115117
0.0115471
0.0115723
0.0115877
0.0115936
0.0115895
0.0115686
0.0112438
0.00930376
0.0081854
0.00856633
0.00884255
0.00904376
0.00919388
0.00931083
0.00940739
0.00949234
0.00957155
0.00964886
0.00972666
0.0098064
0.00988886
0.00997437
0.0100629
0.0101544
0.0102483
0.0103443
0.0104418
0.0105402
0.0106387
0.0107366
0.0108331
0.0109274
0.0110184
0.0111052
0.0111867
0.0112617
0.011329
0.0113872
0.0114348
0.0114706
0.0114929
0.0115005
0.0114917
0.0114649
0.0114178
0.0113501
0.0111171
0.0098302
0.00835631
0.00869024
0.00892982
0.00910335
0.00923334
0.00933614
0.00942306
0.00950165
0.00957682
0.0096517
0.0097282
0.00980741
0.00988988
0.00997575
0.0100649
0.0101572
0.010252
0.010349
0.0104475
0.0105468
0.0106463
0.0107452
0.0108427
0.0109378
0.0110296
0.011117
0.011199
0.0112742
0.0113412
0.0113987
0.011445
0.0114783
0.0114967
0.0114984
0.0114814
0.011444
0.0113859
0.0113143
0.011256
0.0104675
0.00860323
0.00886788
0.00905329
0.00918634
0.00928734
0.00937013
0.00944365
0.00951354
0.00958329
0.00965501
0.00972989
0.00980855
0.00989118
0.00997773
0.0100679
0.0101614
0.0102576
0.010356
0.010456
0.0105569
0.0106579
0.0107583
0.0108571
0.0109535
0.0110465
0.0111349
0.0112175
0.011293
0.0113599
0.0114165
0.0114607
0.0114905
0.0115033
0.0114964
0.0114671
0.0114134
0.0113353
0.0112414
0.0114074
0.0110975
0.00891653
0.00908995
0.00920423
0.00928524
0.00935001
0.00940844
0.00946604
0.00952585
0.00958948
0.00965779
0.00973109
0.00980941
0.00989256
0.0099802
0.0100719
0.0101671
0.0102652
0.0103657
0.0104677
0.0105706
0.0106737
0.010776
0.0108766
0.0109748
0.0110692
0.0111589
0.0112425
0.0113185
0.0113852
0.0114405
0.0114822
0.0115073
0.0115127
0.0114945
0.0114487
0.0113717
0.011263
0.0111244
0.0115401
0.0116209
0.0092859
0.00934466
0.0093711
0.00939043
0.00941406
0.00944587
0.00948665
0.00953614
0.0095938
0.00965901
0.00973115
0.00980963
0.00989383
0.00998312
0.0100769
0.0101744
0.010275
0.010378
0.0104826
0.0105881
0.0106936
0.0107984
0.0109014
0.0110016
0.011098
0.0111893
0.011274
0.0113505
0.0114169
0.0114708
0.0115093
0.0115287
0.0115247
0.011492
0.0114245
0.0113159
0.0111622
0.0109512
0.0116075
0.0119662
0.00970219
0.00961725
0.0095392
0.00949034
0.00947133
0.00947692
0.00950186
0.00954209
0.00959475
0.00965775
0.00972956
0.00980895
0.00989491
0.00998652
0.0100829
0.0101834
0.0102871
0.0103932
0.0105009
0.0106095
0.0107181
0.0108257
0.0109314
0.0110342
0.0111328
0.0112259
0.011312
0.0113892
0.0114552
0.0115072
0.0115417
0.011554
0.0115384
0.0114873
0.0113915
0.0112398
0.011021
0.0107029
0.0115454
0.012095
0.0101603
0.00988782
0.00968983
0.00957195
0.00951358
0.00949655
0.00950857
0.0095418
0.00959119
0.00965337
0.00972597
0.00980724
0.0098958
0.0099905
0.0100903
0.0101944
0.0103017
0.0104115
0.010523
0.0106351
0.0107472
0.0108581
0.010967
0.0110727
0.0111738
0.0112691
0.0113567
0.0114346
0.0115001
0.0115498
0.0115794
0.011583
0.0115528
0.0114784
0.0113457
0.0111356
0.0108227
0.0103573
0.011265
0.0120137
0.0106657
0.0101246
0.00979916
0.00962194
0.00953374
0.0095009
0.00950468
0.00953416
0.00958264
0.00964579
0.00972064
0.00980505
0.00989735
0.00999622
0.0101005
0.0102092
0.0103214
0.0104363
0.0105529
0.0106704
0.010788
0.0109049
0.01102
0.0111324
0.011241
0.0113445
0.0114414
0.01153
0.0116078
0.0116717
0.0117176
0.0117395
0.0117289
0.011673
0.0115522
0.0113344
0.0109633
0.0103498
0.0109993
0.0118155
0.0112577
0.0102649
0.0098395
0.00963023
0.00952838
0.00948928
0.0094908
0.00952058
0.00957115
0.00963765
0.00971678
0.00980612
0.00990387
0.0100086
0.010119
0.010234
0.0103529
0.0104745
0.0105982
0.0107231
0.0108486
0.0109739
0.0110983
0.0112212
0.0113422
0.0114606
0.0115764
0.0116894
0.0118004
0.0119105
0.0120221
0.0121395
0.0122692
0.0124202
0.0126016
0.0128121
0.013004
0.0130731
0.0135455
0.0109079
0.0109244
0.0101658
0.00978842
0.00959132
0.00949303
0.00945553
0.00945866
0.00949064
0.00954406
0.009614
0.00969703
0.00979062
0.00989287
0.0100022
0.0101175
0.0102376
0.0103616
0.0104887
0.0106182
0.0107494
0.010882
0.0110155
0.0111496
0.0112845
0.0114203
0.0115578
0.0116984
0.011844
0.011998
0.012165
0.0123514
0.0125653
0.0128158
0.0131095
0.0134426
0.0137848
0.0140596
0.0142128
0.0148732
0.00995233
0.0101177
0.00986297
0.00964045
0.00949873
0.00942362
0.00939764
0.00940779
0.00944504
0.00950314
0.00957761
0.00966521
0.00976347
0.00987048
0.00998473
0.010105
0.0102301
0.0103592
0.0104916
0.0106265
0.0107634
0.0109019
0.0110416
0.0111825
0.0113245
0.0114681
0.0116141
0.0117636
0.0119186
0.0120819
0.0122569
0.0124481
0.01266
0.0128963
0.0131558
0.0134279
0.0136847
0.0138823
0.0140008
0.0141151
0.00947758
0.00962522
0.00955699
0.00945014
0.00936895
0.00932619
0.00931902
0.00934141
0.00938766
0.00945312
0.00953412
0.00962781
0.00973194
0.00984469
0.0099646
0.0100905
0.0102212
0.010356
0.010494
0.0106347
0.0107775
0.010922
0.011068
0.0112153
0.0113641
0.0115148
0.0116679
0.0118247
0.0119866
0.0121556
0.012334
0.0125244
0.0127284
0.0129456
0.0131711
0.013392
0.0135857
0.0137245
0.0137942
0.0138063
0.0091709
0.00928025
0.00928435
0.00924968
0.00921899
0.00920915
0.00922385
0.00926168
0.00931964
0.00939465
0.00948392
0.0095851
0.0096962
0.00981561
0.00994196
0.0100741
0.010211
0.0103518
0.010496
0.0106427
0.0107916
0.0109422
0.0110944
0.011248
0.0114031
0.0115601
0.0117194
0.0118818
0.0120485
0.0122206
0.0123993
0.0125856
0.0127789
0.0129765
0.0131718
0.0133528
0.0135023
0.0136027
0.0136471
0.0136466
0.00892618
0.00900787
0.00904207
0.00905147
0.00905949
0.00907936
0.00911629
0.00917106
0.00924249
0.00932867
0.00942762
0.00953747
0.00965657
0.00978348
0.00991697
0.010056
0.0101995
0.0103469
0.0104974
0.0106505
0.0108056
0.0109624
0.0111207
0.0112804
0.0114415
0.0116041
0.0117686
0.0119356
0.0121055
0.0122789
0.012456
0.0126366
0.0128188
0.0129988
0.0131698
0.0133217
0.0134424
0.0135219
0.0135596
0.0135703
0.00870389
0.00877088
0.00882047
0.00885841
0.00889596
0.00894162
0.00899979
0.00907194
0.00915779
0.00925627
0.00936599
0.0094855
0.00961346
0.00974862
0.0098899
0.0100363
0.010187
0.0103413
0.0104985
0.0106581
0.0108197
0.0109828
0.0111472
0.0113127
0.0114794
0.0116472
0.0118162
0.0119868
0.0121589
0.0123325
0.0125073
0.012682
0.0128542
0.0130197
0.0131725
0.0133048
0.0134087
0.0134798
0.0135215
0.0135496
0.00848802
0.00855037
0.00861116
0.00866983
0.00873087
0.00879892
0.00887698
0.00896634
0.00906708
0.00917859
0.00929987
0.00942984
0.00956738
0.00971145
0.00986109
0.0100154
0.0101737
0.0103353
0.0104995
0.0106659
0.0108339
0.0110034
0.0111738
0.0113451
0.0115171
0.0116897
0.0118629
0.0120364
0.0122102
0.0123837
0.0125561
0.0127256
0.0128895
0.0130442
0.0131844
0.0133047
0.0134005
0.0134709
0.0135216
0.0135668
0.00827178
0.00833659
0.00840832
0.00848417
0.0085651
0.00865309
0.00874977
0.00885596
0.00897176
0.00909674
0.00923016
0.00937119
0.0095189
0.00967243
0.00983094
0.00999366
0.0101599
0.0103291
0.0105006
0.0106739
0.0108487
0.0110245
0.011201
0.011378
0.0115552
0.0117324
0.0119093
0.0120857
0.012261
0.0124344
0.0126047
0.0127702
0.0129282
0.0130753
0.0132078
0.0133219
0.0134154
0.0134896
0.0135506
0.0136103
0.0080523
0.00812456
0.00820828
0.00830002
0.0083989
0.00850524
0.00861958
0.00874221
0.00887306
0.00901177
0.00915774
0.00931028
0.00946865
0.00963209
0.00979988
0.00997137
0.0101459
0.010323
0.010502
0.0106825
0.0108641
0.0110464
0.011229
0.0114117
0.011594
0.0117757
0.0119564
0.0121355
0.0123124
0.0124861
0.0126553
0.0128181
0.0129722
0.013115
0.0132434
0.0133555
0.0134504
0.0135305
0.0136016
0.0136728
0.0078285
0.00791181
0.00800897
0.00811642
0.00823238
0.00835615
0.00848749
0.00862622
0.00877209
0.00892468
0.00908348
0.00924788
0.00941726
0.00959098
0.00976842
0.00994899
0.0101321
0.0103173
0.0105041
0.010692
0.0108806
0.0110694
0.0112583
0.0114466
0.0116341
0.0118204
0.0120049
0.0121869
0.0123658
0.0125404
0.0127093
0.0128709
0.0130232
0.013164
0.0132914
0.0134043
0.0135028
0.0135897
0.0136698
0.01375
0.00760028
0.00769734
0.00780938
0.00793291
0.0080657
0.00820646
0.0083544
0.00850901
0.00866984
0.0088364
0.00900821
0.00918473
0.00936541
0.00954971
0.00973707
0.009927
0.010119
0.0103126
0.0105073
0.0107027
0.0108984
0.011094
0.0112892
0.0114833
0.0116761
0.0118671
0.0120556
0.0122409
0.0124221
0.0125983
0.012768
0.0129298
0.0130819
0.0132229
0.0133514
0.0134669
0.0135703
0.013664
0.013752
0.0138391
0.00736805
0.00748098
0.00760924
0.00774945
0.00789918
0.00805678
0.00822115
0.0083915
0.00856724
0.00874783
0.00893278
0.00912158
0.00931377
0.00950886
0.00970639
0.00990589
0.0101069
0.0103091
0.010512
0.0107151
0.0109181
0.0111206
0.0113222
0.0115223
0.0117206
0.0119164
0.0121091
0.0122981
0.0124823
0.0126607
0.0128322
0.0129954
0.0131489
0.0132916
0.0134227
0.0135422
0.013651
0.0137512
0.013846
0.0139386
0.00713259
0.0072631
0.00740879
0.00756637
0.00773331
0.00790781
0.00808854
0.00827457
0.0084652
0.00865983
0.00885798
0.00905918
0.00926302
0.00946907
0.00967692
0.00988618
0.0100965
0.0103074
0.0105185
0.0107296
0.01094
0.0111496
0.0113577
0.011564
0.011768
0.0119689
0.0121663
0.0123593
0.012547
0.0127285
0.0129026
0.0130682
0.0132243
0.01337
0.0135048
0.013629
0.0137434
0.0138498
0.0139506
0.0140476
0.00689492
0.00704446
0.00720865
0.00738427
0.00756879
0.00776032
0.00795743
0.00815911
0.00836458
0.00857324
0.00878462
0.00899828
0.00921385
0.00943096
0.00964926
0.00986841
0.0100881
0.0103079
0.0105275
0.0107465
0.0109646
0.0111814
0.0113963
0.011609
0.0118188
0.0120252
0.0122276
0.0124251
0.0126169
0.0128021
0.0129797
0.0131487
0.0133083
0.0134579
0.0135972
0.0137265
0.0138466
0.0139589
0.0140648
0.0141657
0.0066563
0.00682609
0.00700971
0.00720401
0.00740647
0.00761518
0.00782871
0.008046
0.00826627
0.00848893
0.00871351
0.00893962
0.00916695
0.00939517
0.00962399
0.00985311
0.0100822
0.0103111
0.0105393
0.0107665
0.0109923
0.0112164
0.0114384
0.0116576
0.0118736
0.0120858
0.0122935
0.012496
0.0126925
0.012882
0.0130638
0.013237
0.013401
0.0135552
0.0136995
0.0138342
0.0139599
0.0140777
0.0141885
0.0142928
0.00641819
0.00660929
0.00681314
0.00702664
0.00724735
0.00747338
0.00770334
0.00793619
0.00817117
0.00840773
0.00864543
0.00888396
0.00912301
0.00936234
0.0096017
0.00984084
0.0100795
0.0103174
0.0105543
0.0107898
0.0110236
0.0112553
0.0114844
0.0117104
0.0119329
0.0121512
0.0123647
0.0125726
0.0127742
0.0129687
0.0131554
0.0133334
0.0135023
0.0136617
0.0138114
0.0139516
0.014083
0.014206
0.0143213
0.0144289
0.00618223
0.00639555
0.00662029
0.00685342
0.00709258
0.007336
0.00758234
0.00783064
0.00808019
0.0083305
0.00858121
0.00883202
0.00908273
0.00933311
0.00958299
0.00983216
0.0100804
0.0103275
0.0105731
0.010817
0.0110589
0.0112983
0.0115347
0.0117679
0.0119971
0.0122218
0.0124414
0.0126552
0.0128625
0.0130625
0.0132545
0.013438
0.0136124
0.0137773
0.0139327
0.0140787
0.0142156
0.0143438
0.0144634
0.0145743
0.0059503
0.00618658
0.00643269
0.00668571
0.00694343
0.00720419
0.00746678
0.00773034
0.00799426
0.00825812
0.00852163
0.00878457
0.00904679
0.00930813
0.00956845
0.00982761
0.0100854
0.0103417
0.0105962
0.0108486
0.0110986
0.0113459
0.0115899
0.0118304
0.0120666
0.0122981
0.0125242
0.0127443
0.0129577
0.0131637
0.0133616
0.013551
0.0137313
0.0139021
0.0140635
0.0142153
0.0143578
0.014491
0.0146149
0.0147291
0.00572451
0.00598429
0.00625206
0.00652507
0.00680128
0.0070792
0.0073578
0.00763634
0.00791433
0.00819145
0.0084675
0.00874234
0.00901587
0.00928801
0.00955867
0.00982775
0.0100951
0.0103606
0.0106239
0.0108849
0.0111432
0.0113985
0.0116504
0.0118983
0.0121419
0.0123804
0.0126134
0.0128402
0.0130602
0.0132726
0.0134769
0.0136726
0.0138591
0.0140363
0.0142038
0.0143616
0.0145096
0.0146479
0.0147761
0.0148938
0.00550721
0.00579079
0.00608027
0.00637313
0.00666757
0.00696233
0.00725655
0.00754967
0.00784134
0.00813135
0.00841961
0.00870605
0.00899065
0.00927338
0.00955422
0.0098331
0.0101099
0.0103846
0.0106568
0.0109264
0.0111931
0.0114566
0.0117164
0.0119722
0.0122233
0.0124692
0.0127095
0.0129433
0.0131702
0.0133895
0.0136006
0.0138029
0.0139961
0.0141798
0.0143537
0.0145176
0.0146714
0.0148148
0.0149474
0.0150686
0.00530099
0.00560836
0.00591932
0.00623164
0.00654384
0.00685491
0.00716422
0.0074714
0.00777625
0.00807869
0.00837874
0.00867641
0.00897177
0.00926485
0.00955566
0.0098442
0.0101304
0.0104141
0.0106953
0.0109736
0.0112488
0.0115206
0.0117886
0.0120523
0.0123112
0.0125649
0.0128127
0.013054
0.0132882
0.0135147
0.013733
0.0139424
0.0141426
0.014333
0.0145135
0.0146837
0.0148433
0.014992
0.0151292
0.0152542
0.00510868
0.00543945
0.00577129
0.00610241
0.00643164
0.00675829
0.00708199
0.00740256
0.00771998
0.0080343
0.00834564
0.00865412
0.00895987
0.00926298
0.00956353
0.00986154
0.010157
0.0104498
0.0107398
0.0110268
0.0113106
0.0115908
0.0118671
0.012139
0.0124061
0.0126677
0.0129234
0.0131725
0.0134144
0.0136486
0.0138744
0.0140912
0.0142987
0.0144962
0.0146836
0.0148602
0.0150258
0.0151799
0.0153219
0.015451
0.00493332
0.00528661
0.00563837
0.00598725
0.00633252
0.00667382
0.00701102
0.00734418
0.00767343
0.00799898
0.00832104
0.00863983
0.00895554
0.00926834
0.00957834
0.0098856
0.0101901
0.0104919
0.0107907
0.0110865
0.0113789
0.0116677
0.0119525
0.0122328
0.0125082
0.0127782
0.013042
0.0132993
0.0135493
0.0137914
0.0140251
0.0142497
0.0144648
0.0146697
0.0148641
0.0150475
0.0152194
0.0153791
0.0155261
0.0156595
0.00477809
0.00515248
0.0055227
0.00588798
0.00624801
0.00660278
0.00695243
0.00729722
0.00763747
0.00797349
0.00830562
0.00863416
0.00895936
0.00928145
0.00960058
0.00991685
0.0102303
0.0105409
0.0108485
0.011153
0.0114542
0.0117517
0.0120451
0.012334
0.012618
0.0128965
0.0131689
0.0134347
0.0136931
0.0139436
0.0141855
0.0144183
0.0146413
0.0148539
0.0150557
0.0152461
0.0154244
0.0155901
0.0157423
0.0158804
0.0046462
0.00503961
0.00542637
0.00580631
0.00617954
0.00654638
0.00690724
0.00726258
0.00761286
0.00795853
0.00830001
0.00863767
0.00897184
0.00930278
0.00963069
0.0099557
0.0102779
0.0105972
0.0109135
0.0112268
0.0115367
0.011843
0.0121452
0.012443
0.0127358
0.0130232
0.0133045
0.013579
0.0138463
0.0141055
0.014356
0.0145973
0.0148286
0.0150493
0.0152588
0.0154564
0.0156415
0.0158134
0.0159712
0.0161142
0.00454074
0.00495044
0.00535133
0.00574381
0.0061284
0.00650571
0.00687639
0.00724106
0.00760032
0.00795472
0.00830476
0.00865088
0.00899345
0.00933278
0.00966909
0.0100025
0.0103332
0.0106611
0.0109861
0.0113081
0.0116268
0.011942
0.0122532
0.01256
0.012862
0.0131585
0.013449
0.0137327
0.0140091
0.0142775
0.0145371
0.0147872
0.0150272
0.0152563
0.0154738
0.0156791
0.0158713
0.0160497
0.0162135
0.0163617
0.0044645
0.00488709
0.00529925
0.00570184
0.0060957
0.00648171
0.00686067
0.00723335
0.00760044
0.00796259
0.00832036
0.00867422
0.0090246
0.00937182
0.00971613
0.0100577
0.0103966
0.0107329
0.0110665
0.0113972
0.0117248
0.012049
0.0123694
0.0126855
0.0129969
0.0133028
0.0136028
0.0138962
0.0141821
0.01446
0.014729
0.0149884
0.0152375
0.0154754
0.0157014
0.0159147
0.0161144
0.0162998
0.0164698
0.0166236
0.00441971
0.00485127
0.00527146
0.00568146
0.00608233
0.0064751
0.00686071
0.00723999
0.00761373
0.0079826
0.00834721
0.00870807
0.00906563
0.00942023
0.00977214
0.0101215
0.0104685
0.0108131
0.0111551
0.0114946
0.0118311
0.0121644
0.0124942
0.0128198
0.0131408
0.0134566
0.0137664
0.0140697
0.0143657
0.0146535
0.0149324
0.0152016
0.0154602
0.0157073
0.0159422
0.0161639
0.0163716
0.0165642
0.016741
0.0169008
0.00440789
0.00484412
0.00526886
0.0056834
0.00608889
0.00648642
0.00687696
0.0072614
0.00764053
0.00801506
0.00838561
0.00875272
0.00911682
0.00947828
0.00983736
0.0101942
0.010549
0.0109017
0.0112522
0.0116004
0.0119459
0.0122885
0.0126277
0.0129631
0.0132941
0.01362
0.0139401
0.0142538
0.0145602
0.0148584
0.0151477
0.0154271
0.0156957
0.0159526
0.0161969
0.0164275
0.0166436
0.016844
0.0170278
0.0171941
0.00442965
0.00486613
0.00529186
0.00570801
0.00611569
0.00651593
0.00690967
0.00729779
0.00768107
0.00806019
0.00843578
0.00880837
0.00917838
0.00954617
0.00991201
0.0102761
0.0106384
0.0109991
0.0113579
0.0117148
0.0120695
0.0124215
0.0127705
0.0131159
0.0134571
0.0137935
0.0141244
0.0144489
0.0147661
0.0150753
0.0153754
0.0156656
0.0159448
0.016212
0.0164661
0.0167062
0.0169312
0.0171399
0.0173313
0.0175044
0.00448466
0.00491711
0.00534035
0.00575525
0.00616273
0.00656366
0.0069589
0.00734925
0.00773542
0.00811809
0.00849782
0.00887512
0.00925041
0.00962403
0.00999622
0.0103671
0.0107369
0.0111054
0.0114725
0.0118382
0.012202
0.0125636
0.0129226
0.0132783
0.0136302
0.0139775
0.0143195
0.0146553
0.014984
0.0153046
0.0156162
0.0159177
0.0162081
0.0164861
0.0167508
0.0170009
0.0172353
0.0174529
0.0176524
0.0178329
0.00457169
0.00499619
0.00541371
0.00582468
0.00622968
0.00662939
0.00702449
0.00741565
0.00780353
0.00818871
0.00857171
0.008953
0.00933297
0.00971192
0.0100901
0.0104676
0.0108445
0.0112207
0.0115962
0.0119706
0.0123438
0.0127152
0.0130844
0.0134508
0.0138137
0.0141724
0.014526
0.0148736
0.0152143
0.015547
0.0158706
0.0161841
0.0164862
0.0167758
0.0170516
0.0173124
0.0175569
0.0177839
0.0179922
0.0181806
0.00468872
0.00510193
0.00551089
0.00591549
0.00631594
0.00671263
0.00710606
0.00749673
0.00788517
0.00827189
0.00865735
0.00904194
0.00942601
0.00980982
0.0101936
0.0105774
0.0109613
0.0113452
0.0117289
0.0121123
0.0124949
0.0128764
0.0132561
0.0136335
0.0140079
0.0143784
0.0147442
0.0151042
0.0154575
0.0158029
0.0161393
0.0164655
0.0167801
0.0170819
0.0173696
0.0176418
0.0178971
0.0181342
0.0183518
0.0185486
0.00483319
0.00523241
0.00563042
0.00602655
0.00642062
0.00681271
0.00720306
0.00759203
0.00798
0.00836736
0.0087545
0.00914175
0.00952939
0.00991766
0.0103067
0.0106966
0.0110874
0.0114789
0.0118709
0.0122633
0.0126556
0.0130474
0.013438
0.0138268
0.0142131
0.014596
0.0149745
0.0153476
0.0157142
0.016073
0.0164229
0.0167625
0.0170905
0.0174053
0.0177056
0.01799
0.0182569
0.0185049
0.0187325
0.0189385
0.00500212
0.00538535
0.00577053
0.00615648
0.00654262
0.00692871
0.00731477
0.00770096
0.00808752
0.00847472
0.00886285
0.00925218
0.00964293
0.0100353
0.0104293
0.0108251
0.0112226
0.0116218
0.0120222
0.0124238
0.012826
0.0132284
0.0136302
0.014031
0.0144297
0.0148255
0.0152174
0.0156043
0.0159849
0.016358
0.0167222
0.0170761
0.0174182
0.017747
0.0180608
0.0183582
0.0186375
0.0188972
0.0191356
0.0193514
0.00519239
0.00555828
0.00592925
0.00630368
0.00668063
0.00705958
0.00744031
0.0078228
0.00820712
0.00859346
0.00898198
0.00937288
0.00976632
0.0101624
0.0105613
0.0109628
0.0113671
0.0117738
0.0121828
0.0125937
0.0130061
0.0134195
0.0138331
0.0142462
0.0146579
0.0150674
0.0154734
0.0158748
0.0162702
0.0166584
0.0170379
0.017407
0.0177642
0.0181079
0.0184363
0.0187477
0.0190403
0.0193126
0.0195627
0.0197891
0.00540086
0.00574864
0.00610447
0.00646642
0.00683322
0.00720412
0.00757867
0.00795669
0.0083381
0.00872296
0.00911136
0.00950341
0.0098992
0.0102988
0.0107023
0.0111095
0.0115205
0.0119349
0.0123526
0.0127732
0.0131961
0.0136208
0.0140466
0.0144727
0.0148981
0.0153219
0.0157428
0.0161595
0.0165708
0.0169751
0.0173707
0.0177562
0.0181296
0.0184892
0.0188332
0.0191597
0.0194667
0.0197525
0.0200153
0.0202532
0.00562447
0.00595385
0.00629404
0.00664287
0.00699886
0.00736102
0.00772875
0.00810168
0.00847963
0.00886253
0.0092504
0.00964326
0.0100411
0.0104441
0.010852
0.011265
0.0116827
0.012105
0.0125316
0.0129621
0.0133959
0.0138325
0.0142711
0.0147108
0.0151506
0.0155895
0.0160261
0.0164592
0.0168873
0.0173086
0.0177216
0.0181245
0.0185153
0.0188921
0.0192529
0.0195956
0.0199182
0.0202187
0.0204951
0.0207455
0.00586033
0.00617141
0.00649579
0.00683118
0.00717593
0.0075289
0.00788933
0.00825673
0.00863081
0.0090114
0.00939842
0.00979183
0.0101916
0.0105978
0.0110102
0.0114288
0.0118535
0.0122838
0.0127196
0.0131604
0.0136056
0.0140546
0.0145065
0.0149606
0.0154156
0.0158705
0.0163239
0.0167743
0.0172202
0.0176599
0.0180915
0.018513
0.0189225
0.0193178
0.0196967
0.020057
0.0203965
0.0207129
0.0210042
0.0212682
0.00610574
0.0063989
0.00670759
0.00702947
0.0073628
0.00770632
0.00805917
0.00842075
0.00879067
0.00916869
0.00955466
0.00994849
0.0103501
0.0107594
0.0111764
0.0116008
0.0120325
0.0124712
0.0129166
0.0133681
0.0138252
0.0142871
0.0147532
0.0152223
0.0156934
0.0161653
0.0166365
0.0171054
0.0175705
0.0180297
0.0184812
0.0189229
0.0193525
0.0197677
0.0201662
0.0205455
0.0209033
0.0212371
0.0215446
0.0218237
0.0126774
0.0115855
0.011879
0.0121689
0.0124091
0.0125816
0.0126979
0.0127713
0.0128125
0.0128279
0.0132272
0.0130321
0.0132029
0.0131812
0.0131444
0.0131187
0.0131069
0.0131041
0.0131044
0.0131028
0.0129021
0.0127676
0.0129626
0.0130781
0.0131585
0.0132163
0.0132577
0.0132856
0.0133017
0.0133068
0.0129089
0.01288
0.0130559
0.0131851
0.0132813
0.0133533
0.0134061
0.0134426
0.0134645
0.0134727
0.0129967
0.0130365
0.0131885
0.0133126
0.0134097
0.0134849
0.0135416
0.0135817
0.0136063
0.0136163
0.0131211
0.0132018
0.0133325
0.0134461
0.0135386
0.0136126
0.0136696
0.0137108
0.0137366
0.0137476
0.0132591
0.0133624
0.0134766
0.0135798
0.0136667
0.0137379
0.0137939
0.013835
0.0138614
0.0138729
0.0133998
0.0135145
0.0136169
0.0137119
0.0137938
0.0138623
0.0139171
0.0139579
0.0139844
0.0139964
0.0135389
0.0136586
0.0137534
0.0138426
0.0139208
0.0139873
0.0140411
0.0140816
0.0141082
0.0141206
0.0136755
0.013797
0.0138873
0.0139729
0.0140489
0.0141141
0.0141674
0.0142078
0.0142347
0.0142475
0.0138105
0.0139322
0.0140205
0.0141042
0.0141791
0.0142439
0.0142971
0.0143377
0.014365
0.0143783
0.0139454
0.0140666
0.0141546
0.0142378
0.0143127
0.0143776
0.0144312
0.0144723
0.0145001
0.0145139
0.0140817
0.0142024
0.0142913
0.0143751
0.0144506
0.0145162
0.0145705
0.0146123
0.0146407
0.0146552
0.0142211
0.0143415
0.014432
0.014517
0.0145937
0.0146604
0.0147156
0.0147584
0.0147876
0.0148027
0.0143648
0.0144851
0.0145779
0.0146647
0.0147429
0.0148109
0.0148674
0.0149111
0.0149412
0.014957
0.0145141
0.0146347
0.0147301
0.0148189
0.0148989
0.0149685
0.0150263
0.0150711
0.0151021
0.0151186
0.0146701
0.0147912
0.0148894
0.0149805
0.0150624
0.0151337
0.0151929
0.0152389
0.0152708
0.015288
0.0148336
0.0149556
0.0150566
0.0151501
0.0152341
0.0153071
0.0153678
0.015415
0.0154479
0.0154658
0.0150056
0.0151286
0.0152325
0.0153285
0.0154146
0.0154894
0.0155516
0.0156
0.0156338
0.0156524
0.0151867
0.0153111
0.0154179
0.0155163
0.0156045
0.015681
0.0157447
0.0157943
0.0158291
0.0158483
0.0153778
0.0155036
0.0156132
0.015714
0.0158043
0.0158827
0.0159478
0.0159986
0.0160342
0.0160542
0.0155795
0.0157069
0.0158193
0.0159225
0.0160148
0.0160948
0.0161613
0.0162133
0.0162498
0.0162704
0.0157926
0.0159217
0.0160367
0.0161422
0.0162365
0.0163182
0.0163861
0.0164391
0.0164765
0.0164977
0.0160177
0.0161486
0.0162662
0.0163739
0.0164701
0.0165534
0.0166226
0.0166766
0.0167148
0.0167366
0.0162557
0.0163883
0.0165085
0.0166183
0.0167163
0.016801
0.0168715
0.0169265
0.0169655
0.0169878
0.0165072
0.0166417
0.0167642
0.0168761
0.0169757
0.0170619
0.0171335
0.0171895
0.0172291
0.0172519
0.0167731
0.0169095
0.0170342
0.017148
0.0172493
0.0173368
0.0174094
0.0174663
0.0175066
0.0175298
0.0170542
0.0171925
0.0173194
0.0174349
0.0175377
0.0176264
0.0177
0.0177577
0.0177985
0.0178222
0.0173515
0.0174916
0.0176205
0.0177377
0.0178418
0.0179317
0.0180062
0.0180645
0.0181059
0.0181299
0.017666
0.0178079
0.0179386
0.0180573
0.0181627
0.0182535
0.0183288
0.0183878
0.0184296
0.0184539
0.0179986
0.0181423
0.0182747
0.0183948
0.0185013
0.018593
0.018669
0.0187284
0.0187706
0.0187952
0.0183507
0.018496
0.0186299
0.0187512
0.0188586
0.0189511
0.0190276
0.0190874
0.0191299
0.0191547
0.0187232
0.0188701
0.0190054
0.0191278
0.019236
0.019329
0.019406
0.0194661
0.0195088
0.0195338
0.0191178
0.019266
0.0194026
0.0195258
0.0196346
0.0197281
0.0198053
0.0198656
0.0199084
0.0199335
0.0195356
0.0196852
0.0198227
0.0199466
0.0200559
0.0201496
0.0202269
0.0202873
0.0203302
0.0203552
0.0199785
0.0201292
0.0202675
0.0203918
0.0205013
0.0205951
0.0206724
0.0207327
0.0207755
0.0208005
0.020448
0.0205997
0.0207385
0.0208631
0.0209726
0.0210662
0.0211433
0.0212034
0.021246
0.0212709
0.0209461
0.0210985
0.0212376
0.0213621
0.0214714
0.0215647
0.0216414
0.0217011
0.0217434
0.0217681
0.0214748
0.0216276
0.0217667
0.021891
0.0219998
0.0220925
0.0221687
0.0222278
0.0222697
0.0222941
0.0220372
0.0221905
0.0223293
0.022453
0.0225608
0.0226525
0.0227276
0.0227858
0.022827
0.022851
)
;

boundaryField
{
    down
    {
        type            symmetryPlane;
    }
    right
    {
        type            calculated;
        value           nonuniform List<scalar> 
50
(
0.00359023
0.00362065
0.00368056
0.00376821
0.00388123
0.00401683
0.00417206
0.00434397
0.00452971
0.00472668
0.0049523
0.0052042
0.00546291
0.00572589
0.00599095
0.00625617
0.00651988
0.00678062
0.00703707
0.00728809
0.00753265
0.00776982
0.00799878
0.00821878
0.00842915
0.00862927
0.00881859
0.00899661
0.00916286
0.00931694
0.00945847
0.00958711
0.00970256
0.00980453
0.00989278
0.00996709
0.0100273
0.0100731
0.0101045
0.0101214
0.0101235
0.0101109
0.0100834
0.0100411
0.00998393
0.0099119
0.00982508
0.00972353
0.00960737
0.00947677
)
;
    }
    up
    {
        type            symmetryPlane;
    }
    left
    {
        type            calculated;
        value           uniform 0;
    }
    cylinder
    {
        type            symmetry;
    }
    defaultFaces
    {
        type            empty;
    }
}


// ************************************************************************* //
