/*--------------------------------*- C++ -*----------------------------------*\
  =========                 |
  \\      /  F ield         | OpenFOAM: The Open Source CFD Toolbox
   \\    /   O peration     | Website:  https://openfoam.org
    \\  /    A nd           | Version:  6
     \\/     M anipulation  |
\*---------------------------------------------------------------------------*/
FoamFile
{
    version     2.0;
    format      ascii;
    class       volScalarField;
    location    "0";
    object      Phi;
}
// * * * * * * * * * * * * * * * * * * * * * * * * * * * * * * * * * * * * * //

dimensions      [0 2 -1 0 0 0 0];

internalField   nonuniform List<scalar> 
5200
(
4.4113
4.40534
4.39486
4.38085
4.36404
4.34497
4.32404
4.30158
4.27784
4.253
4.47184
4.46641
4.45685
4.44407
4.42873
4.41134
4.39225
4.37176
4.3501
4.32745
4.53626
4.53139
4.52281
4.51134
4.49757
4.48195
4.46482
4.44643
4.42698
4.40665
4.60416
4.59987
4.59232
4.58223
4.57012
4.55638
4.54131
4.52513
4.50802
4.49012
4.67511
4.67144
4.66497
4.65632
4.64594
4.63416
4.62125
4.60738
4.59271
4.57737
4.74868
4.74565
4.74029
4.73314
4.72456
4.71482
4.70414
4.69267
4.68054
4.66785
4.82442
4.82204
4.81784
4.81223
4.8055
4.79786
4.78948
4.78048
4.77097
4.76101
4.90186
4.90015
4.89713
4.8931
4.88826
4.88276
4.87674
4.87027
4.86343
4.85627
4.98052
4.97949
4.97767
4.97524
4.97232
4.96901
4.96538
4.96148
4.95736
4.95304
5.05992
5.05957
5.05896
5.05815
5.05717
5.05606
5.05485
5.05354
5.05217
5.05072
4.08636
4.0776
4.06217
4.04154
4.0168
3.98872
3.95793
3.92487
3.88992
3.85336
4.0926
4.0839
4.06856
4.04807
4.02348
3.99558
3.96497
3.93212
3.89738
3.86106
4.10506
4.09646
4.08132
4.06108
4.03679
4.00924
3.97901
3.94657
3.91226
3.87639
4.12365
4.11521
4.10035
4.08049
4.05666
4.02962
3.99996
3.96813
3.93447
3.89927
4.14826
4.14003
4.12555
4.10619
4.08296
4.0566
4.02769
3.99666
3.96386
3.92955
4.17873
4.17077
4.15675
4.13801
4.11552
4.09001
4.06203
4.032
4.00025
3.96705
4.21488
4.20723
4.19376
4.17575
4.15415
4.12965
4.10277
4.07392
4.04342
4.01153
4.25648
4.24919
4.23635
4.2192
4.19861
4.17526
4.14965
4.12216
4.0931
4.06272
4.30328
4.2964
4.28427
4.26807
4.24862
4.22657
4.20237
4.17641
4.14896
4.12027
4.35499
4.34855
4.33722
4.32206
4.30388
4.28325
4.26062
4.23633
4.21066
4.1838
3.79654
3.71611
3.63238
3.5461
3.45777
3.3678
3.27648
3.18406
3.09069
2.99655
2.90173
2.80634
2.71045
2.61413
2.51744
2.42043
2.32312
2.22556
2.12778
2.02979
1.93163
1.83331
1.73485
1.63627
1.53757
1.43877
1.33989
1.24092
1.14188
1.04278
0.943626
0.844421
0.745175
0.645892
0.546578
0.447238
0.347878
0.248502
0.149115
0.0497208
3.80397
3.72299
3.63886
3.55224
3.46363
3.37342
3.28189
3.18925
3.0957
3.00137
2.90638
2.81082
2.71476
2.61828
2.52143
2.42425
2.32679
2.22907
2.13113
2.03298
1.93467
1.83619
1.73757
1.63883
1.53998
1.44103
1.34198
1.24286
1.14367
1.04441
0.9451
0.84574
0.746338
0.646899
0.54743
0.447935
0.34842
0.248889
0.149346
0.0497969
3.81879
3.73673
3.65177
3.56448
3.47532
3.38463
3.29265
3.19962
3.10569
3.011
2.91565
2.81975
2.72336
2.62656
2.52938
2.43188
2.3341
2.23606
2.1378
2.03935
1.94072
1.84193
1.743
1.64395
1.54478
1.44552
1.34616
1.24673
1.14723
1.04766
0.948039
0.848369
0.748657
0.648909
0.54913
0.449325
0.3495
0.249659
0.149807
0.0499487
3.84092
3.75724
3.67105
3.58278
3.49278
3.40136
3.30873
3.21509
3.12059
3.02536
2.9295
2.83308
2.7362
2.6389
2.54124
2.44326
2.345
2.2465
2.14777
2.04884
1.94974
1.85049
1.75109
1.65158
1.55195
1.45222
1.3524
1.2525
1.15254
1.05251
0.952425
0.852293
0.752118
0.651908
0.551667
0.4514
0.351113
0.25081
0.150496
0.0501753
3.87023
3.78443
3.6966
3.60701
3.51591
3.42351
3.33002
3.23558
3.14033
3.04438
2.94782
2.85074
2.75319
2.65525
2.55694
2.45833
2.35944
2.26031
2.16096
2.06141
1.96169
1.86182
1.76181
1.66168
1.56143
1.46109
1.36066
1.26015
1.15957
1.05893
0.958231
0.857487
0.7567
0.655878
0.555025
0.454146
0.353247
0.252333
0.151407
0.0504753
3.90656
3.81814
3.72829
3.63706
3.54457
3.45098
3.3564
3.26096
3.16477
3.06793
2.97051
2.8726
2.77424
2.67549
2.57639
2.47699
2.37732
2.27741
2.17729
2.07698
1.97649
1.87586
1.77508
1.67419
1.57318
1.47208
1.37089
1.26962
1.16828
1.06688
0.965423
0.86392
0.762375
0.660795
0.559184
0.457548
0.355891
0.254219
0.152536
0.0508468
3.9497
3.85822
3.76595
3.67276
3.57862
3.48358
3.38771
3.29108
3.19378
3.09588
2.99744
2.89853
2.7992
2.6995
2.59946
2.49913
2.39854
2.29771
2.19667
2.09545
1.99405
1.89251
1.79083
1.68903
1.58712
1.48511
1.38302
1.28085
1.17861
1.07631
0.973956
0.871553
0.769109
0.666629
0.564119
0.461584
0.359028
0.256457
0.153876
0.0512876
3.99942
3.90444
3.80939
3.71392
3.61786
3.52115
3.42377
3.32577
3.22718
3.12805
3.02844
2.92838
2.82794
2.72713
2.62601
2.52461
2.42295
2.32107
2.21898
2.1167
2.01426
1.91167
1.80895
1.70611
1.60316
1.50012
1.39699
1.29378
1.19051
1.08717
0.983777
0.880339
0.77686
0.673345
0.5698
0.46623
0.36264
0.259034
0.155418
0.051795
4.0554
3.95656
3.85838
3.76033
3.66208
3.56346
3.46438
3.36482
3.26477
3.16426
3.06331
2.96197
2.86026
2.75822
2.65589
2.55327
2.45042
2.34734
2.24407
2.14061
2.037
1.93323
1.82934
1.72533
1.62121
1.517
1.4127
1.30833
1.20389
1.09938
0.994828
0.890225
0.785581
0.680901
0.576192
0.471458
0.366703
0.261933
0.157153
0.0523659
4.11725
4.01421
3.91259
3.81168
3.71099
3.61025
3.50927
3.40797
3.3063
3.20426
3.10184
2.99908
2.89598
2.79257
2.68889
2.58494
2.48076
2.37637
2.27179
2.16703
2.06211
1.95706
1.85187
1.74656
1.64116
1.53565
1.43007
1.3244
1.21867
1.11288
1.00704
0.90115
0.795219
0.689253
0.583256
0.477235
0.371194
0.265138
0.159071
0.0529968
4.15969
4.05286
3.94809
3.84452
3.74159
3.63893
3.5363
3.43354
3.33057
3.22736
3.12386
3.0201
2.91605
2.81175
2.70721
2.60244
2.49746
2.39229
2.28694
2.18143
2.07577
1.96998
1.86407
1.75805
1.65193
1.54572
1.43942
1.33306
1.22663
1.12015
1.01361
0.90703
0.800409
0.693754
0.58707
0.480362
0.373635
0.266892
0.16014
0.0533806
4.17694
4.06784
3.96095
3.8555
3.75095
3.6469
3.54309
3.43935
3.33557
3.23166
3.12758
3.02332
2.91886
2.81421
2.70936
2.60433
2.49913
2.39376
2.28825
2.18259
2.0768
1.9709
1.86489
1.75877
1.65257
1.54629
1.43994
1.33352
1.22704
1.1205
1.01392
0.9073
0.800641
0.69395
0.587233
0.480493
0.373736
0.266964
0.160182
0.0533947
4.19229
4.08153
3.97297
3.86596
3.76001
3.65473
3.54985
3.4452
3.34063
3.23605
3.13141
3.02666
2.92179
2.81678
2.71163
2.60633
2.5009
2.39533
2.28964
2.18383
2.0779
1.97188
1.86576
1.75956
1.65327
1.54691
1.44049
1.33401
1.22747
1.12089
1.01426
0.907592
0.800892
0.694163
0.587409
0.480635
0.373845
0.267041
0.160228
0.05341
4.20587
4.09392
3.98408
3.8758
3.76866
3.66231
3.55649
3.45099
3.34569
3.24049
3.1353
3.03008
2.9248
2.81943
2.71397
2.60841
2.50274
2.39697
2.2911
2.18513
2.07907
1.97292
1.86669
1.76039
1.65401
1.54757
1.44108
1.33453
1.22793
1.12129
1.01462
0.907903
0.80116
0.69439
0.587598
0.480787
0.373961
0.267123
0.160277
0.0534263
4.21783
4.10506
3.99426
3.88498
3.77686
3.66959
3.56292
3.45668
3.35071
3.24491
3.1392
3.03353
2.92785
2.82214
2.71638
2.61055
2.50465
2.39867
2.29261
2.18648
2.08028
1.974
1.86766
1.76125
1.65479
1.54827
1.4417
1.33508
1.22842
1.12173
1.01499
0.908232
0.801443
0.69463
0.587797
0.480948
0.374085
0.267211
0.160329
0.0534436
4.22837
4.11505
4.00354
3.89348
3.78455
3.6765
3.56911
3.4622
3.35562
3.24928
3.14309
3.03699
2.93093
2.82488
2.71882
2.61273
2.5066
2.40041
2.29418
2.18788
2.08153
1.97513
1.86867
1.76216
1.6556
1.54899
1.44235
1.33566
1.22893
1.12218
1.01539
0.908577
0.80174
0.694882
0.588007
0.481117
0.374214
0.267303
0.160384
0.0534618
4.23763
4.12399
4.01197
3.9013
3.79173
3.68304
3.57502
3.46751
3.3604
3.25356
3.14692
3.04042
2.934
2.82763
2.72128
2.61494
2.50858
2.40219
2.29577
2.18932
2.08282
1.97629
1.86971
1.76309
1.65644
1.54974
1.44302
1.33625
1.22946
1.12265
1.0158
0.908936
0.802049
0.695145
0.588225
0.481293
0.374349
0.267398
0.160441
0.0534808
4.24578
4.13196
4.0196
3.90848
3.7984
3.68917
3.58062
3.47261
3.36501
3.25772
3.15067
3.0438
2.93704
2.83037
2.72375
2.61715
2.51057
2.40399
2.29739
2.19077
2.08413
1.97747
1.87077
1.76405
1.65729
1.55051
1.4437
1.33687
1.23001
1.12313
1.01623
0.909307
0.802369
0.695416
0.588451
0.481475
0.374489
0.267497
0.1605
0.0535005
4.25297
4.13909
4.0265
3.91505
3.80457
3.69491
3.58591
3.47745
3.36943
3.26175
3.15432
3.0471
2.94003
2.83307
2.72619
2.61936
2.51257
2.40579
2.29902
2.19224
2.08546
1.97866
1.87185
1.76502
1.65817
1.5513
1.44441
1.3375
1.23057
1.12363
1.01666
0.909687
0.802697
0.695695
0.588683
0.481662
0.374633
0.267599
0.160561
0.0535207
4.25931
4.14545
4.03273
3.92105
3.81026
3.70025
3.59088
3.48205
3.37365
3.26561
3.15786
3.05032
2.94296
2.83573
2.72861
2.62155
2.51455
2.40759
2.30065
2.19372
2.08679
1.97987
1.87294
1.766
1.65906
1.5521
1.44512
1.33814
1.23114
1.12413
1.01711
0.910076
0.803033
0.695981
0.58892
0.481853
0.374781
0.267704
0.160624
0.0535414
4.26492
4.15113
4.03836
3.92652
3.8155
3.70521
3.59553
3.48638
3.37767
3.26932
3.16126
3.05344
2.94581
2.83834
2.73098
2.62371
2.51652
2.40937
2.30227
2.19519
2.08813
1.98108
1.87404
1.76699
1.65995
1.5529
1.44585
1.33879
1.23172
1.12464
1.01756
0.910471
0.803374
0.696271
0.589162
0.482048
0.374931
0.26781
0.160687
0.0535625
4.26989
4.15621
4.04344
3.9315
3.82031
3.7098
3.59988
3.49046
3.38147
3.27285
3.16452
3.05645
2.94857
2.84087
2.73329
2.62583
2.51845
2.41114
2.30387
2.19665
2.08946
1.98229
1.87513
1.76798
1.66085
1.55371
1.44657
1.33944
1.2323
1.12516
1.01802
0.910869
0.803718
0.696564
0.589406
0.482246
0.375083
0.267918
0.160751
0.0535838
4.27431
4.16077
4.04803
3.93603
3.82473
3.71405
3.60393
3.49429
3.38507
3.2762
3.16764
3.05933
2.95124
2.84332
2.73555
2.6279
2.52034
2.41287
2.30546
2.19809
2.09077
1.98348
1.87622
1.76897
1.66174
1.55452
1.4473
1.34009
1.23288
1.12568
1.01847
0.91127
0.804065
0.696859
0.589652
0.482444
0.375235
0.268026
0.160816
0.0536053
4.27824
4.16485
4.05217
3.94016
3.82878
3.71798
3.60769
3.49787
3.38845
3.27937
3.1706
3.06209
2.9538
2.84569
2.73773
2.62991
2.52219
2.41456
2.30701
2.19952
2.09207
1.98467
1.8773
1.76995
1.66263
1.55532
1.44803
1.34074
1.23347
1.1262
1.01893
0.911671
0.804412
0.697155
0.589899
0.482643
0.375389
0.268135
0.160881
0.0536269
4.28175
4.16852
4.05592
3.94392
3.83249
3.7216
3.61119
3.50121
3.39162
3.28237
3.17342
3.06472
2.95625
2.84796
2.73984
2.63185
2.52399
2.41621
2.30853
2.20091
2.09335
1.98583
1.87836
1.77092
1.66351
1.55612
1.44875
1.34139
1.23405
1.12671
1.01939
0.91207
0.804758
0.697449
0.590145
0.482842
0.375542
0.268243
0.160946
0.0536485
4.28489
4.17182
4.05931
3.94734
3.8359
3.72494
3.61443
3.50433
3.39459
3.28519
3.17608
3.06722
2.95858
2.85014
2.74187
2.63373
2.52572
2.41782
2.31
2.20226
2.09459
1.98697
1.8794
1.77187
1.66437
1.5569
1.44945
1.34203
1.23462
1.12722
1.01984
0.912467
0.805101
0.697742
0.590389
0.48304
0.375694
0.268351
0.16101
0.0536699
4.2877
4.17479
4.06238
3.95046
3.83901
3.72801
3.61742
3.50722
3.39738
3.28784
3.17859
3.06959
2.96081
2.85222
2.74381
2.63554
2.5274
2.41937
2.31143
2.20358
2.0958
1.98809
1.88042
1.7728
1.66522
1.55767
1.45015
1.34266
1.23518
1.12773
1.02029
0.912858
0.805441
0.698032
0.590631
0.483236
0.375845
0.268458
0.161074
0.0536912
4.29023
4.17747
4.06516
3.9533
3.84186
3.73083
3.62019
3.50992
3.39997
3.29033
3.18096
3.07183
2.96292
2.85421
2.74566
2.63727
2.52901
2.42086
2.31282
2.20486
2.09698
1.98917
1.88141
1.77371
1.66605
1.55843
1.45084
1.34327
1.23574
1.12822
1.02073
0.913243
0.805775
0.698317
0.590869
0.483429
0.375994
0.268564
0.161137
0.0537122
4.29249
4.17989
4.06769
3.95588
3.84446
3.73343
3.62275
3.51241
3.40239
3.29265
3.18318
3.07394
2.96492
2.85609
2.74743
2.63892
2.53055
2.4223
2.31415
2.20609
2.09812
1.99022
1.88238
1.77459
1.66685
1.55916
1.4515
1.34388
1.23628
1.12871
1.02115
0.913621
0.806103
0.698597
0.591103
0.483618
0.37614
0.268668
0.161199
0.0537328
4.29453
4.18207
4.06997
3.95823
3.84685
3.73581
3.62511
3.51473
3.40464
3.29482
3.18526
3.07593
2.9668
2.85787
2.74911
2.6405
2.53202
2.42367
2.31542
2.20728
2.09921
1.99123
1.88331
1.77545
1.66764
1.55987
1.45215
1.34446
1.23681
1.12918
1.02157
0.913989
0.806422
0.698871
0.591332
0.483803
0.376283
0.268769
0.16126
0.0537529
4.29637
4.18405
4.07205
3.96037
3.84903
3.738
3.62729
3.51687
3.40672
3.29684
3.1872
3.07779
2.96858
2.85955
2.75069
2.64199
2.53342
2.42498
2.31664
2.20841
2.10026
1.9922
1.8842
1.77627
1.66839
1.56056
1.45278
1.34503
1.23732
1.12964
1.02198
0.914347
0.806734
0.699137
0.591554
0.483984
0.376422
0.268868
0.161319
0.0537726
4.29803
4.18583
4.07393
3.96232
3.85102
3.74001
3.62929
3.51884
3.40866
3.29872
3.18902
3.07953
2.97024
2.86113
2.75219
2.6434
2.53475
2.42622
2.31781
2.20949
2.10127
1.99313
1.88506
1.77706
1.66912
1.56123
1.45338
1.34558
1.23781
1.13008
1.02237
0.914693
0.807035
0.699394
0.59177
0.484158
0.376557
0.268964
0.161376
0.0537916
4.29952
4.18745
4.07564
3.9641
3.85284
3.74185
3.63112
3.52066
3.41044
3.30046
3.19071
3.08116
2.9718
2.86262
2.7536
2.64473
2.536
2.4274
2.31891
2.21052
2.10223
1.99402
1.88588
1.77782
1.66981
1.56186
1.45396
1.3461
1.23829
1.1305
1.02275
0.915027
0.807325
0.699643
0.591978
0.484327
0.376687
0.269056
0.161431
0.05381
4.30087
4.1889
4.07718
3.96571
3.85449
3.74353
3.63281
3.52233
3.41209
3.30208
3.19227
3.08267
2.97325
2.864
2.75492
2.64598
2.53718
2.42851
2.31995
2.21149
2.10313
1.99486
1.88666
1.77854
1.67047
1.56247
1.45451
1.34661
1.23874
1.13091
1.02312
0.915347
0.807603
0.699881
0.592178
0.484489
0.376812
0.269145
0.161484
0.0538277
4.30208
4.19022
4.07858
3.96718
3.856
3.74506
3.63435
3.52387
3.41361
3.30356
3.19372
3.08407
2.9746
2.8653
2.75615
2.64715
2.53829
2.42955
2.32093
2.21241
2.10399
1.99565
1.8874
1.77922
1.6711
1.56304
1.45504
1.34709
1.23917
1.1313
1.02346
0.915652
0.807869
0.700109
0.592368
0.484644
0.376932
0.26923
0.161535
0.0538446
4.30317
4.19141
4.07985
3.9685
3.85737
3.74646
3.63576
3.52528
3.415
3.30493
3.19506
3.08537
2.97585
2.8665
2.7573
2.64824
2.53932
2.43053
2.32185
2.21327
2.10479
1.9964
1.8881
1.77986
1.67169
1.56359
1.45554
1.34754
1.23958
1.13167
1.02379
0.915942
0.808122
0.700326
0.59255
0.484791
0.377046
0.269311
0.161584
0.0538607
4.30415
4.19248
4.08099
3.9697
3.85861
3.74772
3.63704
3.52656
3.41628
3.30619
3.19628
3.08656
2.977
2.86761
2.75836
2.64926
2.54029
2.43144
2.3227
2.21408
2.10555
1.99711
1.88875
1.78047
1.67225
1.5641
1.45601
1.34797
1.23997
1.13202
1.0241
0.916216
0.808361
0.70053
0.592721
0.48493
0.377153
0.269387
0.161629
0.0538759
4.30503
4.19344
4.08202
3.97078
3.85973
3.74887
3.6382
3.52773
3.41744
3.30733
3.19741
3.08765
2.97806
2.86863
2.75934
2.65019
2.54117
2.43228
2.3235
2.21482
2.10625
1.99776
1.88936
1.78103
1.67277
1.56458
1.45645
1.34837
1.24033
1.13234
1.02439
0.916472
0.808584
0.700722
0.592882
0.485061
0.377254
0.269459
0.161672
0.0538902
4.30582
4.1943
4.08294
3.97175
3.86074
3.74991
3.63925
3.52878
3.41849
3.30837
3.19843
3.08865
2.97903
2.86956
2.76024
2.65105
2.54199
2.43305
2.32423
2.21551
2.10689
1.99836
1.88992
1.78155
1.67326
1.56502
1.45685
1.34874
1.24067
1.13265
1.02466
0.916712
0.808793
0.700901
0.593032
0.485183
0.377348
0.269526
0.161712
0.0539035
4.30652
4.19507
4.08377
3.97262
3.86164
3.75083
3.6402
3.52973
3.41944
3.30931
3.19935
3.08955
2.97991
2.87041
2.76105
2.65183
2.54274
2.43376
2.3249
2.21614
2.10748
1.99892
1.89044
1.78203
1.6737
1.56543
1.45723
1.34908
1.24098
1.13292
1.02491
0.916932
0.808986
0.701067
0.593171
0.485296
0.377436
0.269588
0.161749
0.0539159
4.30713
4.19575
4.0845
3.97339
3.86245
3.75166
3.64104
3.53058
3.42029
3.31015
3.20018
3.09036
2.9807
2.87117
2.76179
2.65254
2.54341
2.4344
2.32551
2.21672
2.10802
1.99942
1.89091
1.78247
1.67411
1.56581
1.45757
1.34939
1.24126
1.13318
1.02514
0.917135
0.809163
0.701219
0.593299
0.485399
0.377516
0.269645
0.161783
0.0539272
4.30768
4.19634
4.08514
3.97407
3.86316
3.75239
3.64178
3.53133
3.42104
3.3109
3.20092
3.09109
2.9814
2.87186
2.76245
2.65317
2.54402
2.43498
2.32605
2.21723
2.10851
1.99988
1.89133
1.78286
1.67447
1.56615
1.45788
1.34968
1.24152
1.13341
1.02535
0.917318
0.809323
0.701356
0.593414
0.485493
0.377588
0.269697
0.161814
0.0539375
4.30815
4.19686
4.0857
3.97467
3.86378
3.75303
3.64244
3.53199
3.4217
3.31156
3.20157
3.09172
2.98202
2.87246
2.76303
2.65373
2.54455
2.43549
2.32654
2.21769
2.10894
2.00028
1.89171
1.78322
1.6748
1.56645
1.45816
1.34993
1.24175
1.13362
1.02553
0.917482
0.809466
0.701479
0.593517
0.485577
0.377653
0.269743
0.161842
0.0539467
4.30856
4.19731
4.08618
3.97518
3.86431
3.75358
3.643
3.53256
3.42227
3.31213
3.20213
3.09228
2.98256
2.87298
2.76354
2.65422
2.54502
2.43593
2.32696
2.21809
2.10932
2.00064
1.89204
1.78352
1.67508
1.56671
1.4584
1.35015
1.24195
1.1338
1.02569
0.917626
0.809592
0.701587
0.593608
0.48565
0.37771
0.269783
0.161866
0.0539548
4.3089
4.19769
4.08659
3.97561
3.86476
3.75405
3.64348
3.53305
3.42276
3.31261
3.20261
3.09275
2.98302
2.87343
2.76397
2.65463
2.54542
2.43632
2.32732
2.21843
2.10964
2.00094
1.89232
1.78379
1.67533
1.56694
1.45861
1.35034
1.24213
1.13396
1.02583
0.91775
0.8097
0.70168
0.593686
0.485714
0.377759
0.269818
0.161887
0.0539618
4.30918
4.198
4.08692
3.97597
3.86514
3.75444
3.64387
3.53345
3.42316
3.31301
3.20301
3.09314
2.98341
2.8738
2.76433
2.65498
2.54575
2.43663
2.32762
2.21872
2.10991
2.00119
1.89256
1.78401
1.67553
1.56713
1.45878
1.3505
1.24227
1.13409
1.02595
0.917854
0.809791
0.701758
0.593752
0.485767
0.377801
0.269848
0.161905
0.0539676
4.30941
4.19824
4.08719
3.97625
3.86543
3.75474
3.64419
3.53376
3.42348
3.31333
3.20332
3.09345
2.98371
2.8741
2.76462
2.65526
2.54601
2.43688
2.32786
2.21895
2.11012
2.00139
1.89275
1.78419
1.6757
1.56728
1.45892
1.35063
1.24239
1.13419
1.02605
0.917937
0.809863
0.701821
0.593804
0.48581
0.377834
0.269871
0.161919
0.0539723
4.30957
4.19843
4.08739
3.97646
3.86565
3.75497
3.64442
3.534
3.42372
3.31357
3.20356
3.09368
2.98394
2.87432
2.76483
2.65546
2.54621
2.43707
2.32804
2.21912
2.11029
2.00155
1.89289
1.78432
1.67582
1.56739
1.45903
1.35072
1.24247
1.13427
1.02612
0.917999
0.809918
0.701868
0.593844
0.485842
0.377858
0.269889
0.161929
0.0539758
4.30968
4.19855
4.08752
3.9766
3.8658
3.75512
3.64457
3.53416
3.42388
3.31373
3.20372
3.09384
2.98409
2.87447
2.76497
2.6556
2.54634
2.4372
2.32816
2.21923
2.11039
2.00165
1.89299
1.78441
1.6759
1.56747
1.4591
1.35079
1.24253
1.13433
1.02616
0.918041
0.809955
0.701899
0.59387
0.485863
0.377875
0.269901
0.161936
0.0539781
4.30974
4.19861
4.08758
3.97667
3.86587
3.7552
3.64465
3.53424
3.42395
3.31381
3.20379
3.09391
2.98416
2.87454
2.76504
2.65567
2.54641
2.43726
2.32822
2.21929
2.11045
2.0017
1.89303
1.78445
1.67594
1.56751
1.45913
1.35082
1.24256
1.13435
1.02619
0.918062
0.809973
0.701915
0.593883
0.485874
0.377883
0.269907
0.16194
0.0539793
5.05077
4.9532
4.85649
4.76122
4.66796
4.57727
4.48968
4.4057
4.32584
4.25052
5.05208
4.95711
4.86293
4.77006
4.67904
4.59035
4.50451
4.42198
4.34325
4.26869
5.05317
4.96035
4.86829
4.77745
4.68833
4.6014
4.51712
4.43594
4.35829
4.28455
5.05408
4.96309
4.8728
4.78369
4.6962
4.61078
4.52788
4.4479
4.37127
4.29833
5.05485
4.96542
4.87666
4.78901
4.70293
4.61882
4.53712
4.45821
4.38249
4.3103
5.05552
4.96742
4.87998
4.79361
4.70874
4.62577
4.54511
4.46715
4.39223
4.32071
5.0561
4.96917
4.88288
4.79762
4.7138
4.63183
4.55208
4.47493
4.40072
4.32978
5.05661
4.97071
4.88543
4.80114
4.71826
4.63715
4.55819
4.48175
4.40815
4.33771
5.05706
4.97208
4.88769
4.80427
4.7222
4.64186
4.56359
4.48776
4.41468
4.34466
5.05747
4.97331
4.88972
4.80706
4.72572
4.64605
4.56839
4.49308
4.42044
4.35077
5.05783
4.97441
4.89154
4.80958
4.72889
4.64981
4.57268
4.49783
4.42556
4.35616
5.05816
4.97541
4.8932
4.81187
4.73176
4.65321
4.57655
4.50208
4.43012
4.36093
5.05846
4.97633
4.89471
4.81395
4.73437
4.65629
4.58004
4.50591
4.4342
4.36517
5.05874
4.97718
4.89611
4.81586
4.73676
4.65911
4.58322
4.50938
4.43787
4.36895
5.059
4.97796
4.8974
4.81763
4.73896
4.66169
4.58612
4.51253
4.44118
4.37233
5.05923
4.97868
4.89859
4.81927
4.741
4.66408
4.58879
4.5154
4.44418
4.37537
5.05946
4.97936
4.89971
4.82079
4.74289
4.66629
4.59125
4.51804
4.44691
4.37809
5.05967
4.98
4.90076
4.82222
4.74466
4.66834
4.59353
4.52047
4.4494
4.38055
5.05986
4.9806
4.90175
4.82357
4.74632
4.67027
4.59565
4.52271
4.45168
4.38277
5.06005
4.98117
4.90269
4.82484
4.74789
4.67207
4.59763
4.52479
4.45377
4.38478
5.06023
4.98172
4.90357
4.82604
4.74936
4.67377
4.59948
4.52672
4.4557
4.38661
5.06039
4.98223
4.90442
4.82719
4.75076
4.67537
4.60122
4.52853
4.45748
4.38827
5.06056
4.98273
4.90523
4.82828
4.7521
4.67689
4.60286
4.53021
4.45913
4.38978
5.06071
4.9832
4.906
4.82932
4.75337
4.67833
4.60442
4.5318
4.46066
4.39116
5.06086
4.98365
4.90674
4.83032
4.75458
4.67971
4.60589
4.53329
4.46208
4.39242
5.061
4.98409
4.90746
4.83128
4.75575
4.68102
4.60728
4.53469
4.4634
4.39357
5.06114
4.98452
4.90815
4.83221
4.75686
4.68228
4.60861
4.53602
4.46464
4.39462
5.06128
4.98493
4.90881
4.8331
4.75794
4.68348
4.60988
4.53727
4.46579
4.39557
5.06141
4.98532
4.90946
4.83396
4.75898
4.68464
4.61109
4.53846
4.46687
4.39645
5.06153
4.98571
4.91009
4.8348
4.75998
4.68576
4.61225
4.53959
4.46788
4.39724
5.06166
4.98608
4.91069
4.83561
4.76095
4.68683
4.61336
4.54066
4.46883
4.39796
5.06178
4.98645
4.91128
4.83639
4.76188
4.68786
4.61443
4.54168
4.46972
4.39862
5.0619
4.9868
4.91186
4.83716
4.76279
4.68886
4.61545
4.54265
4.47055
4.39921
5.06201
4.98715
4.91242
4.8379
4.76367
4.68983
4.61644
4.54358
4.47132
4.39974
5.06212
4.98749
4.91296
4.83862
4.76453
4.69076
4.61738
4.54446
4.47205
4.40021
5.06224
4.98782
4.9135
4.83932
4.76536
4.69166
4.61829
4.54529
4.47273
4.40063
5.06234
4.98814
4.91402
4.84001
4.76617
4.69254
4.61916
4.54609
4.47336
4.401
5.06245
4.98846
4.91452
4.84067
4.76695
4.69338
4.62
4.54685
4.47394
4.40132
5.06255
4.98877
4.91502
4.84132
4.76771
4.6942
4.62081
4.54757
4.47448
4.40159
5.06266
4.98907
4.9155
4.84196
4.76845
4.69499
4.62158
4.54825
4.47498
4.4018
5.94651
5.92167
5.89793
5.87547
5.85455
5.83548
5.81866
5.80465
5.79417
5.78822
5.87205
5.8494
5.82774
5.80725
5.78817
5.77077
5.75544
5.74266
5.73309
5.72766
5.79283
5.7725
5.75306
5.73467
5.71754
5.70193
5.68816
5.67669
5.66811
5.66324
5.70934
5.69145
5.67435
5.65817
5.6431
5.62937
5.61726
5.60717
5.59962
5.59534
5.62208
5.60675
5.59209
5.57823
5.56531
5.55354
5.54317
5.53452
5.52805
5.52438
5.53159
5.51891
5.50679
5.49532
5.48465
5.47491
5.46633
5.45919
5.45384
5.4508
5.43843
5.42848
5.41897
5.40998
5.4016
5.39397
5.38724
5.38163
5.37744
5.37506
5.34316
5.33601
5.32918
5.32271
5.31669
5.31121
5.30637
5.30234
5.29933
5.29762
5.24639
5.24208
5.23796
5.23407
5.23045
5.22714
5.22423
5.2218
5.21999
5.21895
5.14871
5.14727
5.1459
5.1446
5.14339
5.14229
5.14132
5.14051
5.1399
5.13956
6.34626
6.30969
6.27473
6.24167
6.21086
6.18278
6.15803
6.13741
6.12197
6.11321
6.33856
6.30223
6.26748
6.23462
6.20401
6.17611
6.15151
6.13101
6.11567
6.10696
6.32322
6.28734
6.25303
6.22058
6.19035
6.16279
6.1385
6.11825
6.1031
6.0945
6.30034
6.26513
6.23146
6.19962
6.16996
6.14292
6.11908
6.09921
6.08435
6.07591
6.27004
6.23573
6.20292
6.17188
6.14297
6.11661
6.09338
6.07401
6.05953
6.0513
6.23253
6.19932
6.16757
6.13753
6.10955
6.08404
6.06155
6.04281
6.02879
6.02082
6.18804
6.15614
6.12564
6.09679
6.0699
6.0454
6.02379
6.00579
5.99232
5.98467
6.13684
6.10645
6.07739
6.0499
6.02428
6.00093
5.98034
5.96319
5.95035
5.94306
6.07927
6.05058
6.02313
5.99716
5.97297
5.95091
5.93147
5.91526
5.90313
5.89625
6.01572
5.98887
5.96319
5.9389
5.91627
5.89565
5.87746
5.86231
5.85097
5.84453
10.1563
10.0566
9.95678
9.85702
9.75728
9.65757
9.55791
9.4583
9.35874
9.25925
9.15982
9.06047
8.9612
8.86202
8.76293
8.66395
8.56508
8.46634
8.36773
8.26928
8.17099
8.07289
7.975
7.87734
7.77994
7.68284
7.58607
7.48969
7.39374
7.29828
7.20341
7.10921
7.0158
6.92333
6.83198
6.74197
6.65362
6.5673
6.48355
6.4031
10.1563
10.0563
9.95639
9.85647
9.75657
9.65671
9.55689
9.45712
9.35741
9.25776
9.15818
9.05867
8.95925
8.85991
8.76067
8.66153
8.5625
8.4636
8.36484
8.26623
8.16779
8.06953
7.97148
7.87367
7.77611
7.67885
7.58192
7.48537
7.38925
7.29363
7.19858
7.1042
7.0106
6.91793
6.82635
6.73611
6.64747
6.56082
6.47666
6.39566
10.1561
10.0559
9.95562
9.85537
9.75516
9.65498
9.55485
9.45477
9.35475
9.25479
9.1549
9.05509
8.95535
8.85571
8.75615
8.6567
8.55737
8.45816
8.35909
8.26016
8.16141
8.06284
7.96447
7.86634
7.76847
7.67089
7.57363
7.47675
7.3803
7.28434
7.18894
7.0942
7.00023
6.90715
6.81514
6.72441
6.63522
6.54791
6.46292
6.38084
10.1559
10.0552
9.95446
9.85374
9.75305
9.65241
9.55181
9.45127
9.35078
9.25036
9.15001
9.04973
8.94954
8.84943
8.74941
8.6495
8.54971
8.45003
8.35049
8.25111
8.15189
8.05285
7.95402
7.85541
7.75706
7.659
7.56127
7.4639
7.36695
7.27048
7.17457
7.07928
6.98474
6.89106
6.7984
6.70694
6.61691
6.52862
6.4424
6.3587
10.1557
10.0543
9.95291
9.85157
9.75026
9.649
9.54778
9.44663
9.34553
9.2445
9.14354
9.04265
8.94184
8.84112
8.7405
8.63997
8.53956
8.43928
8.33912
8.23912
8.13928
8.03963
7.94017
7.84094
7.74197
7.64327
7.5449
7.44689
7.34928
7.25214
7.15553
7.05953
6.96424
6.86976
6.77622
6.6838
6.59267
6.50305
6.4152
6.32938
10.1553
10.0532
9.951
9.84887
9.7468
9.64477
9.5428
9.44088
9.33903
9.23724
9.13552
9.03388
8.93231
8.83083
8.72945
8.62817
8.527
8.42595
8.32504
8.22428
8.12367
8.02325
7.92303
7.82303
7.72327
7.6238
7.52463
7.42582
7.32739
7.22942
7.13195
7.03507
6.93884
6.84336
6.74875
6.65512
6.5626
6.47135
6.38147
6.29304
10.1549
10.0518
9.94871
9.84567
9.74268
9.63975
9.53688
9.43406
9.33131
9.22862
9.12601
9.02347
8.921
8.81863
8.71635
8.61417
8.5121
8.41015
8.30834
8.20667
8.10516
8.00383
7.90269
7.80177
7.7011
7.60069
7.50059
7.40082
7.30143
7.20246
7.10398
7.00603
6.90869
6.81203
6.71612
6.62105
6.52688
6.43367
6.34138
6.24988
10.1545
10.0502
9.94607
9.84197
9.73794
9.63397
9.53006
9.42621
9.32243
9.21871
9.11506
9.01149
8.90799
8.80458
8.70127
8.59805
8.49495
8.39197
8.28911
8.1864
8.08385
7.98147
7.87929
7.77731
7.67558
7.5741
7.47291
7.37205
7.27154
7.17144
7.07178
6.97261
6.87398
6.77594
6.67853
6.58179
6.4857
6.39021
6.29514
6.20015
10.1539
10.0484
9.94307
9.83779
9.73259
9.62745
9.52238
9.41737
9.31243
9.20755
9.10274
8.99801
8.89335
8.78878
8.68431
8.57993
8.47566
8.37151
8.26749
8.16361
8.05988
7.95633
7.85296
7.7498
7.64687
7.54419
7.44178
7.33968
7.23792
7.13653
7.03554
6.93499
6.8349
6.7353
6.63619
6.53755
6.43928
6.34121
6.24301
6.14414
10.1533
10.0464
9.93973
9.83316
9.72667
9.62025
9.5139
9.40761
9.30138
9.19522
9.08913
8.98312
8.87718
8.77133
8.66556
8.5599
8.45435
8.34891
8.2436
8.13842
8.0334
7.92855
7.82388
7.71941
7.61515
7.51114
7.4074
7.30393
7.20078
7.09797
6.99551
6.89343
6.79172
6.69039
6.58938
6.48861
6.38791
6.28697
6.18533
6.08228
10.1526
10.0451
9.93779
9.83055
9.72338
9.61629
9.50925
9.40228
9.29537
9.18853
9.08176
8.97505
8.86842
8.76188
8.65542
8.54905
8.44279
8.33664
8.23061
8.12471
8.01895
7.91335
7.80792
7.70267
7.59761
7.49278
7.38818
7.28382
7.17973
7.07592
6.97239
6.86913
6.76613
6.66335
6.56068
6.458
6.35505
6.25146
6.14667
6.03983
10.1522
10.0448
9.93748
9.83023
9.72306
9.61595
9.50889
9.4019
9.29497
9.18809
9.08128
8.97454
8.86787
8.76127
8.65475
8.54833
8.44199
8.33576
8.22963
8.12362
8.01774
7.91199
7.80639
7.70095
7.59568
7.49059
7.38569
7.28098
7.17648
7.07218
6.96806
6.86412
6.7603
6.65653
6.5527
6.44862
6.34405
6.23858
6.13167
6.02256
10.1517
10.0444
9.93712
9.82988
9.7227
9.61557
9.5085
9.40148
9.29452
9.18762
9.08077
8.97399
8.86727
8.76062
8.65404
8.54754
8.44113
8.33481
8.22858
8.12246
8.01644
7.91055
7.80478
7.69914
7.59364
7.48829
7.38308
7.27802
7.17311
7.06832
6.96364
6.85903
6.75443
6.64975
6.54485
6.43955
6.33357
6.22655
6.11797
6.0072
10.1513
10.044
9.93673
9.8295
9.72231
9.61517
9.50808
9.40103
9.29404
9.1871
9.08022
8.97339
8.86662
8.75992
8.65328
8.54671
8.44021
8.3338
8.22747
8.12123
8.01508
7.90903
7.80309
7.69725
7.59152
7.4859
7.38039
7.27498
7.16966
7.0644
6.95918
6.85394
6.74861
6.64309
6.53724
6.43087
6.32371
6.21542
6.10557
5.9936
10.1509
10.0436
9.93632
9.82908
9.72189
9.61473
9.50762
9.40055
9.29353
9.18656
9.07964
8.97277
8.86595
8.75918
8.65248
8.54583
8.43925
8.33274
8.22631
8.11994
8.01366
7.90745
7.80133
7.69529
7.58933
7.48345
7.37764
7.27189
7.16617
7.06046
6.95472
6.8489
6.7429
6.63663
6.52994
6.42265
6.31451
6.20522
6.0944
5.98162
10.1505
10.0432
9.93589
9.82865
9.72144
9.61427
9.50714
9.40005
9.293
9.18599
9.07903
8.97211
8.86523
8.75841
8.65164
8.54492
8.43825
8.33165
8.2251
8.11861
8.01219
7.90583
7.79953
7.69329
7.5871
7.48096
7.37486
7.26877
7.16268
7.05654
6.95032
6.84395
6.73735
6.63042
6.523
6.41493
6.306
6.19592
6.08439
5.97107
10.15
10.0427
9.93544
9.82819
9.72097
9.61379
9.50663
9.39952
9.29244
9.18539
9.07839
8.97142
8.86449
8.75761
8.65077
8.54397
8.43722
8.33051
8.22386
8.11725
8.01068
7.90417
7.79769
7.69125
7.58484
7.47845
7.37206
7.26566
7.15921
7.05268
6.94601
6.83915
6.73201
6.62448
6.51644
6.40773
6.29815
6.18747
6.07544
5.96179
10.1495
10.0422
9.93497
9.82771
9.72048
9.61328
9.50611
9.39897
9.29185
9.18477
9.07773
8.97071
8.86373
8.75678
8.64987
8.543
8.43616
8.32935
8.22258
8.11585
8.00915
7.90248
7.79583
7.6892
7.58257
7.47594
7.36928
7.26258
7.15579
7.04889
6.94181
6.83451
6.72688
6.61885
6.51028
6.40104
6.29094
6.17981
6.06744
5.95361
10.1491
10.0418
9.93448
9.82722
9.71998
9.61276
9.50557
9.3984
9.29125
9.18414
9.07704
8.96998
8.86294
8.75593
8.64895
8.542
8.43507
8.32817
8.22129
8.11444
8.0076
7.90078
7.79396
7.68714
7.5803
7.47344
7.36653
7.25954
7.15244
7.0452
6.93775
6.83005
6.72201
6.61353
6.50452
6.39484
6.28435
6.17289
6.0603
5.94641
10.1486
10.0413
9.93399
9.82672
9.71946
9.61223
9.50501
9.39781
9.29064
9.18348
9.07635
8.96923
8.86214
8.75507
8.64802
8.54099
8.43397
8.32697
8.21999
8.11301
8.00604
7.89907
7.79209
7.68509
7.57805
7.47097
7.36382
7.25656
7.14918
7.04162
6.93385
6.82579
6.71738
6.60853
6.49915
6.38912
6.27833
6.16664
6.05391
5.94004
10.1481
10.0408
9.93348
9.8262
9.71893
9.61168
9.50444
9.39722
9.29001
9.18282
9.07564
8.96848
8.86133
8.7542
8.64707
8.53997
8.43286
8.32577
8.21868
8.11159
8.00449
7.89737
7.79023
7.68306
7.57583
7.46854
7.36116
7.25366
7.14602
7.03818
6.9301
6.82174
6.71301
6.60385
6.49416
6.38386
6.27284
6.16099
6.04821
5.93441
10.1476
10.0403
9.93297
9.82568
9.7184
9.61112
9.50386
9.39661
9.28937
9.18214
9.07492
8.96771
8.86051
8.75331
8.64612
8.53894
8.43175
8.32456
8.21737
8.11016
8.00294
7.89569
7.7884
7.68106
7.57365
7.46617
7.35858
7.25085
7.14297
7.03487
6.92654
6.8179
6.7089
6.59947
6.48954
6.37902
6.26783
6.15588
6.0431
5.92942
10.1471
10.0398
9.93245
9.82515
9.71785
9.61056
9.50328
9.396
9.28873
9.18146
9.0742
8.96694
8.85968
8.75243
8.64517
8.53791
8.43064
8.32336
8.21607
8.10875
8.00141
7.89402
7.78659
7.6791
7.57152
7.46386
7.35607
7.24814
7.14003
7.03172
6.92314
6.81427
6.70504
6.59539
6.48526
6.37457
6.26327
6.15127
6.03852
5.92498
10.1466
10.0392
9.93193
9.82462
9.7173
9.60999
9.50269
9.39538
9.28808
9.18077
9.07347
8.96616
8.85886
8.75154
8.64422
8.53689
8.42954
8.32217
8.21478
8.10736
7.9999
7.89239
7.78482
7.67718
7.56945
7.46161
7.35365
7.24553
7.13723
7.02871
6.91993
6.81085
6.70142
6.59159
6.4813
6.37049
6.25911
6.1471
6.03441
5.92102
10.1461
10.0387
9.93141
9.82408
9.71676
9.60943
9.5021
9.39477
9.28743
9.18009
9.07275
8.96539
8.85803
8.75066
8.64327
8.53587
8.42844
8.32099
8.21351
8.10599
7.99841
7.89079
7.78309
7.67531
7.56744
7.45945
7.35132
7.24303
7.13455
7.02585
6.91689
6.80764
6.69804
6.58806
6.47765
6.36675
6.25532
6.14332
6.03072
5.91748
10.1455
10.0382
9.93088
9.82355
9.71621
9.60886
9.50151
9.39415
9.28678
9.17941
9.07202
8.96463
8.85722
8.74979
8.64234
8.53487
8.42737
8.31983
8.21226
8.10464
7.99697
7.88923
7.78141
7.6735
7.56549
7.45736
7.34908
7.24064
7.132
7.02314
6.91403
6.80463
6.69489
6.58479
6.47428
6.36332
6.25187
6.13991
6.02739
5.91432
10.145
10.0377
9.93036
9.82302
9.71566
9.6083
9.50092
9.39354
9.28614
9.17873
9.07131
8.96387
8.85641
8.74893
8.64142
8.53388
8.42631
8.3187
8.21104
8.10333
7.99556
7.88771
7.77978
7.67176
7.56362
7.45536
7.34694
7.23836
7.12958
7.02059
6.91134
6.80181
6.69196
6.58176
6.47118
6.36018
6.24873
6.13681
6.0244
5.91149
10.1445
10.0372
9.92985
9.82249
9.71512
9.60774
9.50035
9.39294
9.28551
9.17807
9.07061
8.96312
8.85562
8.74808
8.64052
8.53292
8.42528
8.31759
8.20985
8.10205
7.99419
7.88625
7.77821
7.67008
7.56183
7.45344
7.34491
7.2362
7.1273
7.01818
6.90881
6.79917
6.68923
6.57896
6.46832
6.3573
6.24587
6.134
6.02169
5.90894
10.144
10.0367
9.92934
9.82197
9.71459
9.60719
9.49978
9.39234
9.28489
9.17741
9.06992
8.96239
8.85484
8.74725
8.63963
8.53197
8.42427
8.31651
8.2087
8.10082
7.99287
7.88483
7.7767
7.66847
7.56011
7.45162
7.34297
7.23415
7.12514
7.01591
6.90645
6.79672
6.6867
6.57637
6.4657
6.35467
6.24326
6.13145
6.01925
5.90665
10.1435
10.0362
9.92884
9.82146
9.71407
9.60665
9.49922
9.39176
9.28428
9.17677
9.06924
8.96168
8.85408
8.74645
8.63878
8.53106
8.42329
8.31547
8.20758
8.09963
7.99159
7.88347
7.77525
7.66692
7.55847
7.44988
7.34113
7.23221
7.12311
7.01379
6.90424
6.79443
6.68435
6.57397
6.46328
6.35225
6.24088
6.12914
6.01704
5.90459
10.1431
10.0357
9.92835
9.82096
9.71356
9.60613
9.49867
9.39119
9.28368
9.17615
9.06858
8.96098
8.85334
8.74567
8.63794
8.53017
8.42235
8.31446
8.20651
8.09848
7.99037
7.88217
7.77387
7.66546
7.55691
7.44823
7.3394
7.23039
7.1212
7.0118
6.90218
6.79231
6.68218
6.57177
6.46106
6.35005
6.23871
6.12704
6.01505
5.90273
10.1426
10.0352
9.92787
9.82048
9.71306
9.60561
9.49814
9.39064
9.28311
9.17554
9.06794
8.96031
8.85263
8.74491
8.63714
8.52932
8.42144
8.31349
8.20548
8.09738
7.98921
7.88093
7.77255
7.66406
7.55544
7.44668
7.33776
7.22868
7.11941
7.00994
6.90026
6.79034
6.68017
6.56974
6.45903
6.34803
6.23673
6.12513
6.01324
5.90105
10.1421
10.0348
9.92741
9.82001
9.71258
9.60512
9.49763
9.3901
9.28255
9.17496
9.06733
8.95966
8.85194
8.74418
8.63637
8.5285
8.42056
8.31257
8.20449
8.09634
7.98809
7.87975
7.77131
7.66274
7.55405
7.44522
7.33623
7.22708
7.11774
7.00821
6.89848
6.78852
6.67832
6.56787
6.45716
6.34618
6.23493
6.1234
6.0116
5.89954
10.1417
10.0343
9.92696
9.81955
9.71211
9.60464
9.49713
9.38959
9.28201
9.17439
9.06673
8.95903
8.85128
8.74348
8.63563
8.52771
8.41973
8.31168
8.20355
8.09534
7.98704
7.87864
7.77013
7.6615
7.55274
7.44384
7.33479
7.22558
7.11619
7.00661
6.89683
6.78683
6.67661
6.56616
6.45545
6.3445
6.2333
6.12183
6.01012
5.89817
10.1413
10.0339
9.92654
9.81912
9.71166
9.60418
9.49665
9.38909
9.28149
9.17385
9.06617
8.95844
8.85065
8.74282
8.63492
8.52697
8.41894
8.31084
8.20267
8.0944
7.98605
7.87759
7.76902
7.66033
7.55151
7.44256
7.33345
7.22418
7.11474
7.00512
6.8953
6.78528
6.67505
6.56458
6.45389
6.34297
6.23181
6.12041
6.00879
5.89694
10.1409
10.0335
9.92613
9.8187
9.71124
9.60374
9.4962
9.38862
9.281
9.17334
9.06563
8.95787
8.85006
8.74219
8.63426
8.52626
8.41819
8.31005
8.20183
8.09352
7.98511
7.8766
7.76798
7.65924
7.55037
7.44136
7.33221
7.22289
7.11341
7.00375
6.8939
6.78386
6.67361
6.56315
6.45247
6.34158
6.23046
6.11912
6.00758
5.89583
10.1405
10.0331
9.92574
9.81831
9.71083
9.60332
9.49577
9.38818
9.28054
9.17285
9.06512
8.95733
8.84949
8.74159
8.63363
8.5256
8.41749
8.30931
8.20104
8.09269
7.98424
7.87568
7.76701
7.65822
7.5493
7.44025
7.33105
7.2217
7.11218
7.00249
6.89262
6.78256
6.6723
6.56184
6.45118
6.34031
6.22924
6.11796
6.00649
5.89483
10.1401
10.0328
9.92537
9.81793
9.71045
9.60293
9.49537
9.38776
9.2801
9.1724
9.06464
8.95683
8.84896
8.74103
8.63304
8.52497
8.41683
8.30862
8.20031
8.09192
7.98342
7.87482
7.76611
7.65728
7.54832
7.43923
7.32999
7.2206
7.11105
7.00133
6.89144
6.78137
6.67111
6.56065
6.45001
6.33917
6.22814
6.11691
6.00551
5.89393
10.1398
10.0324
9.92503
9.81758
9.7101
9.60256
9.49499
9.38736
9.27969
9.17197
9.06419
8.95636
8.84847
8.74051
8.63249
8.5244
8.41622
8.30797
8.19963
8.0912
7.98267
7.87403
7.76528
7.65641
7.54742
7.43829
7.32902
7.2196
7.11002
7.00028
6.89037
6.78029
6.67003
6.55958
6.44895
6.33814
6.22714
6.11597
6.00463
5.89313
10.1395
10.0321
9.92471
9.81726
9.70976
9.60222
9.49464
9.387
9.27931
9.17157
9.06378
8.95593
8.84801
8.74003
8.63198
8.52386
8.41566
8.30738
8.19901
8.09054
7.98198
7.87331
7.76453
7.65562
7.54659
7.43743
7.32813
7.21869
7.10909
6.99933
6.88941
6.77932
6.66905
6.55862
6.448
6.33722
6.22626
6.11513
6.00385
5.89241
10.1392
10.0318
9.92442
9.81696
9.70946
9.60191
9.49431
9.38667
9.27897
9.17121
9.0634
8.95553
8.84759
8.73959
8.63152
8.52338
8.41515
8.30684
8.19844
8.08995
7.98135
7.87265
7.76384
7.65491
7.54585
7.43666
7.32733
7.21786
7.10825
6.99847
6.88854
6.77844
6.66818
6.55775
6.44716
6.3364
6.22547
6.11439
6.00315
5.89178
10.1389
10.0316
9.92415
9.81669
9.70918
9.60163
9.49402
9.38636
9.27865
9.17088
9.06306
8.95517
8.84722
8.7392
8.6311
8.52293
8.41469
8.30635
8.19793
8.08941
7.98079
7.87206
7.76322
7.65426
7.54518
7.43597
7.32662
7.21713
7.1075
6.99771
6.88777
6.77767
6.66741
6.55699
6.44641
6.33567
6.22477
6.11373
6.00254
5.89122
10.1387
10.0313
9.92391
9.81645
9.70893
9.60137
9.49376
9.38609
9.27837
9.17059
9.06275
8.95485
8.84688
8.73884
8.63073
8.52254
8.41427
8.30592
8.19747
8.08893
7.98028
7.87153
7.76267
7.65369
7.54459
7.43536
7.32599
7.21648
7.10683
6.99704
6.88709
6.77699
6.66673
6.55632
6.44575
6.33504
6.22417
6.11316
6.00201
5.89074
10.1385
10.0311
9.9237
9.81623
9.70872
9.60115
9.49352
9.38585
9.27812
9.17033
9.06248
8.95456
8.84658
8.73853
8.6304
8.5222
8.41391
8.30554
8.19707
8.08851
7.97984
7.87107
7.76219
7.65319
7.54407
7.43482
7.32544
7.21592
7.10626
6.99646
6.8865
6.7764
6.66615
6.55574
6.44519
6.33449
6.22364
6.11266
6.00155
5.89032
10.1383
10.0309
9.92352
9.81605
9.70853
9.60095
9.49332
9.38564
9.2779
9.1701
9.06224
8.95432
8.84632
8.73826
8.63012
8.5219
8.4136
8.30521
8.19673
8.08815
7.97947
7.87068
7.76178
7.65277
7.54363
7.43437
7.32497
7.21544
7.10577
6.99596
6.886
6.7759
6.66565
6.55525
6.44471
6.33403
6.2232
6.11225
6.00117
5.88997
10.1382
10.0308
9.92337
9.81589
9.70837
9.60079
9.49316
9.38547
9.27772
9.16992
9.06205
8.95411
8.84611
8.73803
8.62988
8.52165
8.41334
8.30493
8.19644
8.08785
7.97915
7.87035
7.76144
7.65241
7.54326
7.43399
7.32458
7.21504
7.10537
6.99555
6.88559
6.77549
6.66524
6.55485
6.44431
6.33364
6.22284
6.1119
6.00085
5.88968
10.138
10.0307
9.92324
9.81577
9.70824
9.60066
9.49302
9.38533
9.27758
9.16977
9.06189
8.95395
8.84594
8.73785
8.62969
8.52145
8.41313
8.30472
8.19621
8.08761
7.9789
7.87009
7.76117
7.65213
7.54297
7.43369
7.32427
7.21473
7.10504
6.99522
6.88526
6.77516
6.66491
6.55453
6.444
6.33334
6.22255
6.11163
6.0006
5.88945
10.138
10.0306
9.92315
9.81567
9.70814
9.60056
9.49292
9.38522
9.27747
9.16965
9.06177
8.95382
8.84581
8.73772
8.62955
8.5213
8.41297
8.30455
8.19604
8.08743
7.97871
7.8699
7.76096
7.65192
7.54275
7.43346
7.32404
7.21449
7.1048
6.99498
6.88501
6.77491
6.66467
6.55429
6.44377
6.33312
6.22233
6.11143
6.00041
5.88928
10.1379
10.0305
9.92309
9.81561
9.70808
9.60049
9.49285
9.38515
9.2774
9.16958
9.06169
8.95374
8.84572
8.73763
8.62946
8.5212
8.41287
8.30444
8.19592
8.08731
7.97859
7.86976
7.76083
7.65178
7.54261
7.43331
7.32389
7.21433
7.10464
6.99482
6.88485
6.77475
6.66451
6.55413
6.44361
6.33297
6.22219
6.1113
6.00028
5.88917
10.1379
10.0305
9.92306
9.81558
9.70805
9.60046
9.49282
9.38512
9.27736
9.16954
9.06165
8.9537
8.84568
8.73758
8.62941
8.52115
8.41281
8.30439
8.19587
8.08725
7.97853
7.8697
7.76076
7.65171
7.54253
7.43323
7.32381
7.21425
7.10456
6.99473
6.88477
6.77467
6.66443
6.55405
6.44354
6.33289
6.22212
6.11123
6.00022
5.88911
5.94898
5.87364
5.79377
5.70978
5.62218
5.53147
5.43821
5.34294
5.24622
5.14864
5.9308
5.85622
5.77747
5.69494
5.60908
5.52039
5.42935
5.33648
5.2423
5.14732
5.91493
5.84116
5.7635
5.68231
5.59802
5.51108
5.42195
5.33111
5.23904
5.14623
5.90113
5.82817
5.75152
5.67154
5.58862
5.5032
5.4157
5.32658
5.23629
5.1453
5.88914
5.81693
5.7412
5.66228
5.58057
5.49645
5.41036
5.32271
5.23395
5.14451
5.87871
5.80717
5.73225
5.65427
5.5736
5.49062
5.40575
5.31937
5.23192
5.14383
5.86962
5.79867
5.72445
5.64728
5.56752
5.48554
5.40172
5.31646
5.23016
5.14323
5.86167
5.79122
5.71761
5.64115
5.56219
5.48107
5.39818
5.31389
5.2286
5.14271
5.85471
5.78467
5.71158
5.63574
5.55746
5.47711
5.39504
5.31161
5.22722
5.14224
5.84858
5.77889
5.70624
5.63092
5.55325
5.47357
5.39222
5.30957
5.22597
5.14181
5.84316
5.77375
5.70147
5.62661
5.54947
5.47038
5.38969
5.30772
5.22485
5.14143
5.83837
5.76917
5.6972
5.62272
5.54605
5.4675
5.38739
5.30605
5.22383
5.14108
5.8341
5.76507
5.69335
5.61921
5.54295
5.46487
5.38528
5.30451
5.2229
5.14076
5.8303
5.76138
5.68986
5.61601
5.54012
5.46246
5.38335
5.3031
5.22203
5.14047
5.8269
5.75804
5.68669
5.61309
5.53751
5.46024
5.38157
5.3018
5.22123
5.14019
5.82385
5.75502
5.68379
5.6104
5.53511
5.45818
5.37991
5.30058
5.22049
5.13994
5.8211
5.75227
5.68113
5.60792
5.53288
5.45627
5.37837
5.29944
5.21979
5.1397
5.81862
5.74976
5.67869
5.60562
5.5308
5.45448
5.37692
5.29838
5.21913
5.13947
5.81637
5.74746
5.67642
5.60348
5.52886
5.4528
5.37555
5.29737
5.21852
5.13926
5.81434
5.74535
5.67433
5.60148
5.52704
5.45122
5.37426
5.29642
5.21793
5.13905
5.81249
5.7434
5.67237
5.59961
5.52532
5.44972
5.37304
5.29551
5.21737
5.13886
5.81081
5.7416
5.67055
5.59785
5.5237
5.44831
5.37188
5.29465
5.21684
5.13867
5.80927
5.73993
5.66884
5.59619
5.52216
5.44696
5.37077
5.29383
5.21633
5.1385
5.80788
5.73838
5.66724
5.59462
5.5207
5.44567
5.36972
5.29304
5.21584
5.13833
5.8066
5.73694
5.66573
5.59313
5.51931
5.44444
5.3687
5.29228
5.21537
5.13816
5.80543
5.7356
5.66431
5.59172
5.51798
5.44326
5.36772
5.29155
5.21492
5.13801
5.80437
5.73435
5.66297
5.59038
5.51671
5.44213
5.36679
5.29085
5.21448
5.13785
5.80339
5.73318
5.6617
5.58909
5.51549
5.44104
5.36588
5.29017
5.21406
5.13771
5.80251
5.73208
5.6605
5.58787
5.51432
5.43999
5.36501
5.28951
5.21365
5.13757
5.8017
5.73106
5.65935
5.5867
5.5132
5.43898
5.36416
5.28887
5.21325
5.13743
5.80096
5.7301
5.65827
5.58557
5.51211
5.438
5.36334
5.28826
5.21287
5.13729
5.80029
5.7292
5.65724
5.5845
5.51107
5.43705
5.36254
5.28766
5.21249
5.13716
5.79969
5.72836
5.65626
5.58347
5.51006
5.43613
5.36177
5.28707
5.21213
5.13704
5.79915
5.72758
5.65533
5.58247
5.50909
5.43524
5.36102
5.28651
5.21177
5.13691
5.79867
5.72684
5.65444
5.58152
5.50815
5.43438
5.3603
5.28595
5.21143
5.1368
5.79824
5.72616
5.6536
5.58061
5.50724
5.43355
5.35959
5.28542
5.21109
5.13668
5.79787
5.72552
5.6528
5.57973
5.50636
5.43274
5.3589
5.28489
5.21077
5.13657
5.79755
5.72493
5.65203
5.57888
5.50551
5.43195
5.35823
5.28438
5.21045
5.13646
5.79728
5.72439
5.65131
5.57808
5.50469
5.43119
5.35758
5.28388
5.21014
5.13635
5.79706
5.72389
5.65063
5.5773
5.5039
5.43045
5.35694
5.2834
5.20983
5.13625
)
;

boundaryField
{
    down
    {
        type            symmetryPlane;
    }
    right
    {
        type            fixedValue;
        value           uniform 0;
    }
    up
    {
        type            symmetryPlane;
    }
    left
    {
        type            zeroGradient;
    }
    cylinder
    {
        type            symmetry;
    }
    defaultFaces
    {
        type            empty;
    }
}


// ************************************************************************* //
