#Tiempo [fms]     Presion [Atm]
50100 59.1016116867277
50200 58.1881623154231
50300 58.3576440299432
50400 59.0434553992126
50500 57.4758237001037
50600 57.5762635608028
50700 58.2696682420134
50800 58.6563608008124
50900 59.1264254261347
51000 58.734361360251
51100 58.4218062706604
51200 58.7116541830348
51300 59.8885977609235
51400 61.5387926510493
51500 62.1091128834437
51600 60.8194586823991
51700 59.4528090328735
51800 59.0637470687899
51900 59.2280889506823
52000 58.2603370787204
52100 58.1691284308972
52200 57.5548068810928
52300 57.7640963956117
52400 57.3815049496223
52500 58.5909162690312
52600 58.704118417682
52700 58.4670470611761
52800 58.7812570835467
52900 58.9055256351276
53000 59.9768216160376
53100 59.9862077148194
53200 59.0946303258607
53300 59.0978213283086
53400 59.2123733785451
53500 59.3870157409043
53600 59.3341045366547
53700 58.4929000737298
53800 58.6635815654491
53900 58.3044469236023
54000 59.042167122269
54100 58.3560619182612
54200 57.1125479317103
54300 57.1713821106027
54400 57.2176239578506
54500 56.6648285027429
54600 57.3597201468995
54700 57.6604354111157
54800 57.9861202497081
54900 59.2735532397863
55000 59.5354823333433
55100 59.413251882344
55200 60.6125359055966
55300 59.7225583882424
55400 58.7481032550426
55500 58.9767322544276
55600 59.3683788267848
55700 59.197976054556
55800 58.1569824387509
55900 58.1172324274134
56000 57.5710332589194
56100 57.9748317475617
56200 57.2609909118626
56300 57.8827454522826
56400 57.8508732871723
56500 56.9337971106126
56600 57.9238363212528
56700 59.2800962660686
56800 59.3733490974072
56900 60.0298310753814
57000 58.6272475415473
57100 59.1253648779894
57200 59.7840343331321
57300 59.4454739006756
57400 58.9272386456623
57500 59.3366719104423
57600 59.1048962671101
57700 58.8101738412589
57800 58.700178574436
57900 58.8940142648739
58000 59.0664415709606
58100 58.0724796513914
58200 58.1418974049269
58300 58.8959076021455
58400 57.6362051562874
58500 57.1393331740819
58600 57.4202021048643
58700 57.5585790496805
58800 57.2034442394329
58900 57.3465976957145
59000 58.5166071717106
59100 58.0202581554312
59200 58.5713561437611
59300 58.7858247125019
59400 58.110794051495
59500 59.1944316607313
59600 58.7701059601914
59700 59.4272207915425
59800 60.6714387525165
59900 59.1379079106547
60000 58.5372311027316
60100 58.9136549681597
60200 59.3615392434609
60300 58.9770738252375
60400 59.1267387239976
60500 58.7256013476497
60600 57.3180294817782
60700 57.4445151392308
60800 56.886078302235
60900 56.9496634784619
61000 57.6273265602506
61100 57.4130955443435
61200 58.1610791088268
61300 59.026951884932
61400 59.3972214691282
61500 59.2467533626482
61600 60.24025476013
61700 61.2794857502433
61800 60.3427902336798
61900 59.0977515702559
62000 58.7013524583663
62100 58.1824148743249
62200 58.9007258641273
62300 58.4740804894713
62400 57.8167722554529
62500 58.4631383802845
62600 58.8353664566679
62700 58.9903607563154
62800 58.0919147367369
62900 59.1164830232482
63000 58.7480562170959
63100 59.0327636037353
63200 58.4437339678424
63300 58.2857282655131
63400 59.503996937783
63500 58.7496118610568
63600 59.2021569050907
63700 59.6887713837964
63800 58.9015594426112
63900 60.0301763821002
64000 59.6285102886715
64100 59.7123464379609
64200 59.5020411474026
64300 59.6471063833541
64400 59.5298281753146
64500 60.2564575219507
64600 60.9655303505619
64700 59.936023251457
64800 58.4759410422542
64900 57.8111527568405
65000 57.7994496774501
65100 57.6401017932358
65200 58.2122153785895
65300 57.5248804262251
65400 58.0613647214787
65500 59.6621588496229
65600 59.3562057256001
65700 58.5349442834099
65800 58.8006401958091
65900 58.2610536259492
66000 59.0760933858347
66100 59.1960790306067
66200 58.9166772992285
66300 58.9172451117511
66400 58.3169621261231
66500 58.8847006634845
66600 59.9265078593383
66700 59.2867136363025
66800 58.9971068149558
66900 59.298566405668
67000 57.9933243706361
67100 58.2462567789095
67200 57.4205213273074
67300 57.1292758183356
67400 57.1802423187884
67500 57.423246707384
67600 57.1847215688017
67700 58.1472446061874
67800 57.8247506403827
67900 57.6447423342678
68000 57.3301640554843
68100 58.6453423434846
68200 59.7514091538852
68300 59.754816683431
68400 59.1417995134566
68500 59.2274038701385
68600 59.1117328303559
68700 59.9812667610398
68800 59.1339796862413
68900 59.3005946825127
69000 58.3489600644491
69100 58.5269981286364
69200 57.1149581675733
69300 57.3248854955162
69400 58.9512360385881
69500 58.4196209286961
69600 58.0688869947698
69700 58.4814408593086
69800 57.9679863351073
69900 59.0404742255156
70000 58.4039746746202
70100 59.9612218697988
70200 58.2963867231961
70300 58.6070447851424
70400 59.3766504872357
70500 60.0165327674978
70600 59.6567818259717
70700 59.6155401263417
70800 60.3593483973403
70900 60.467062076761
71000 59.7686991187841
71100 57.9348755288749
71200 58.5443750170816
71300 58.1137767453018
71400 58.6080130621214
71500 57.3034588457799
71600 57.0815310688103
71700 57.924273291844
71800 58.8264413761112
71900 58.6454514944625
72000 58.45437531877
72100 59.0165633419136
72200 59.9441232304602
72300 59.6014545838177
72400 60.1887064898739
72500 60.312566602794
72600 58.7520463660956
72700 57.4457376847155
72800 58.0022114547271
72900 58.6181464128283
73000 58.0751765033813
73100 57.6681937977579
73200 58.7741281094416
73300 57.4924684636901
73400 57.7924414140081
73500 56.9121309353822
73600 57.1870387118804
73700 57.1884852985993
73800 58.3228074512188
73900 57.8987015198776
74000 58.1585372445721
74100 57.7078007584511
74200 57.5601646802632
74300 59.1271650638261
74400 58.9486332254876
74500 57.7006240491238
74600 59.5046488652338
74700 59.0510862932275
74800 59.3416703918872
74900 58.3262620566733
75000 57.6413518863229
75100 56.5826856817834
75200 57.9677613675002
75300 58.8706323620255
75400 59.7713481682849
75500 58.5348759177433
75600 57.7649018131498
75700 58.0202090167136
75800 57.6125167720488
75900 57.6383721200865
76000 59.0587020725934
76100 58.6152659823083
76200 58.1266372837836
76300 58.188522316375
76400 59.3177137888124
76500 58.3315727831346
76600 58.7415529465513
76700 61.0666989862569
76800 61.6328843526233
76900 59.7180097964508
77000 59.2208502410522
77100 59.5440230684377
77200 59.2369453680458
77300 58.003979917387
77400 58.3523410873678
77500 58.8580265054065
77600 57.6269052151722
77700 57.4925193499963
77800 57.9027038259678
77900 57.7246068744525
78000 58.0500449571332
78100 57.7666798706934
78200 57.4227933361552
78300 58.3305087328906
78400 58.2155773620569
78500 58.0131903695991
78600 58.9424090083444
78700 59.1344703156759
78800 60.1558262890644
78900 59.2281726612317
79000 59.052167308341
79100 58.8745149629742
79200 59.1548124916307
79300 59.1746351887908
79400 57.5447623642144
79500 58.0124864889383
79600 57.8434265932796
79700 57.460884173368
79800 57.7668381410175
79900 58.3118050080397
80000 58.8920003247129
80100 57.2982529418229
80200 56.4189574119891
80300 56.6715501818437
80400 57.6235683916388
80500 58.0163449068087
80600 58.5515445180322
80700 57.199945009787
80800 59.0926387111662
80900 59.3085424784874
81000 58.5874020845084
81100 58.9761866666383
81200 59.5782833104511
81300 59.3572660755239
81400 59.2755960539193
81500 59.4293722462868
81600 59.4719147766528
81700 56.7641123368979
81800 57.862801733167
81900 58.5251498834324
82000 57.8724030500986
82100 59.0929990367338
82200 58.7002023337677
82300 58.5090580080383
82400 59.023994143264
82500 59.1435177910566
82600 58.6886283818324
82700 57.7194332397356
82800 57.7136707227996
82900 58.8196709238021
83000 59.3664400335502
83100 59.3565615533964
83200 60.3669942585574
83300 59.4592938079005
83400 59.2096404561551
83500 59.2654163178253
83600 59.5328913073771
83700 59.8280885530468
83800 59.6229229050728
83900 59.4362146654299
84000 58.2075062908856
84100 57.910012543624
84200 58.0212530746702
84300 57.3746192499305
84400 56.6485077486406
84500 57.0909949116364
84600 57.7947034960312
84700 59.0417406456116
84800 58.4920097859579
84900 59.1064828098091
85000 59.0494646426686
85100 59.1064391002401
85200 58.0526067801457
85300 58.3816387950439
85400 58.5579765341688
85500 58.3766579250782
85600 59.2392207131227
85700 58.9398424042891
85800 58.6109804287286
85900 58.8209262847245
86000 59.2529418347169
86100 59.0366084340246
86200 59.8830530978416
86300 58.8204976161527
86400 57.7317508846997
86500 58.7212107017986
86600 57.8243285452789
86700 57.6771329042963
86800 57.8142768611389
86900 58.3879737553672
87000 58.0462982064276
87100 58.6621388267063
87200 58.0564348987377
87300 56.9228385489941
87400 57.4600483812978
87500 57.4364794232216
87600 58.5801951265063
87700 58.7197621584653
87800 59.0156862916802
87900 59.7626677764386
88000 59.2679262144285
88100 59.3065950779162
88200 60.2604033221509
88300 60.1670648209999
88400 59.3646906422929
88500 59.0214182809502
88600 59.7688480884645
88700 58.8006826575428
88800 59.3557560484471
88900 58.7444529644338
89000 58.4927369372377
89100 57.4813429056084
89200 57.5975890763914
89300 57.5175970939683
89400 57.6709674096679
89500 57.9392820044738
89600 59.0499835309247
89700 59.1349821883458
89800 58.7166378100416
89900 60.4707592832273
90000 60.0097756626939
90100 59.9245899125917
90200 59.7211548584852
90300 59.4007502163834
90400 59.0006070107766
90500 58.8911202684276
90600 58.6589294751078
90700 58.4614702421502
90800 58.5304033730378
90900 58.7986291829781
91000 59.0783232097861
91100 58.5563343140456
91200 58.7065988607716
91300 58.8233643760579
91400 58.9720013941431
91500 59.3649984339131
91600 58.5978887795275
91700 58.8429868423719
91800 57.788003231485
91900 58.0446644175941
92000 57.8215402516616
92100 58.1227875780053
92200 59.2098845997298
92300 59.5618231500451
92400 59.4964246010777
92500 58.524799617585
92600 59.969443791154
92700 61.7041468011669
92800 61.3228722144411
92900 60.6651736197241
93000 60.9207005247632
93100 59.6032261235186
93200 58.4323418194116
93300 58.4149733599014
93400 56.9650781158176
93500 57.5002078039878
93600 58.0765456630761
93700 57.5814389985658
93800 57.2951689832462
93900 57.000906119547
94000 57.8933564173976
94100 58.0042070353539
94200 58.0140314500607
94300 58.2246225945631
94400 57.7862506310616
94500 58.3602857020359
94600 59.5162602026867
94700 59.0014463359938
94800 58.346631032731
94900 59.202389716622
95000 59.04461565052
95100 58.8595262628784
95200 58.9268871457509
95300 58.2116038788278
95400 57.5782838347275
95500 57.9696890765728
95600 57.4271924149865
95700 56.6783736433688
95800 57.9999079143043
95900 58.5227642717057
96000 56.9229693726792
96100 57.5955627501576
96200 58.2930673334998
96300 58.0551162254748
96400 57.5488702204286
96500 58.1633161050667
96600 58.9326523652392
96700 57.9232197280166
96800 58.4931548963484
96900 59.0438643881546
97000 58.3830891341287
97100 57.8162952032588
97200 58.4231111208859
97300 57.7888220376887
97400 58.3003503663544
97500 59.5676138003631
97600 59.6700603588605
97700 59.2442818018432
97800 58.8844649842915
97900 59.0615297519537
98000 59.3247637517957
98100 58.9918839275775
98200 58.7909404893323
98300 59.6140600401896
98400 57.9499831953397
98500 58.5948738013605
98600 58.3702047282429
98700 58.7803625603492
98800 58.0903453228176
98900 58.1445768442229
99000 57.7726090015837
99100 58.5309869115038
99200 58.8536048876018
99300 58.9431754903473
99400 59.3850875202098
99500 59.3415122144487
99600 59.5345207540863
99700 59.4860967876971
99800 59.2711429600461
99900 59.7057742303217
100000 58.8519574063311
100100 59.402109193721
100200 59.6286249894841
100300 59.0560772435
100400 59.0603849930574
100500 58.4601583440244
100600 57.2297378574063
100700 57.6201431564758
100800 58.0960853846598
100900 57.8323228123093
101000 57.9862521770679
101100 58.211488981085
101200 58.1987294145288
101300 57.9420275627166
101400 59.1834435372543
101500 59.5512874626102
101600 58.5137621203824
101700 58.2474499296711
101800 58.864291233832
101900 57.7875281568373
102000 58.3547653487991
102100 59.0717741343726
102200 59.6939047308344
102300 58.1171039702012
102400 59.0690058563257
102500 58.9705259971524
102600 58.4695482182529
102700 57.8271477479973
102800 58.2697065197832
102900 58.0279572725847
103000 57.9792903971959
103100 58.2052587211903
103200 57.4294021115958
103300 56.3181343310277
103400 56.9445859525452
103500 57.7217816823143
103600 57.5940547701878
103700 57.9031944054562
103800 57.7101700523478
103900 58.8954854909706
104000 59.6130242105577
104100 59.9814341415862
104200 58.9213233120658
104300 59.1387033535695
104400 58.4630347307748
104500 58.4766311181278
104600 58.5165133091715
104700 58.0091476584273
104800 58.7202436334518
104900 59.0589820214063
105000 57.878922357112
105100 58.2124955252344
105200 58.5659371823306
105300 59.3478296458618
105400 58.9711958959238
105500 58.3830718484496
105600 58.0632329528015
105700 57.8551648550945
105800 58.7754285353799
105900 57.8906136537339
106000 58.2480016878595
106100 58.3315711498399
106200 58.3281810865004
106300 59.8718020794377
106400 59.5297116229079
106500 59.2873999300334
106600 59.7440659961797
106700 60.5955443489505
106800 59.9145503183025
106900 59.5381327251989
107000 59.0573696560937
107100 58.0114755825777
107200 58.40981808768
107300 58.026113236578
107400 58.0345152909475
107500 57.2976568977638
107600 56.5287174142339
107700 57.1632278475768
107800 58.0710781588301
107900 58.4355991814318
108000 58.8548847082323
108100 59.3910779412286
108200 58.946413478585
108300 57.6086703422745
108400 57.3386930214637
108500 58.2581871461268
108600 58.8071653698735
108700 58.7933103905124
108800 60.0193081978993
108900 58.9524696601615
109000 59.5611539566028
109100 60.2789820031995
109200 59.0893034900332
109300 57.9975331802659
109400 57.4689928868775
109500 57.2017982743826
109600 58.0547263335632
109700 58.5784120077708
109800 58.5784834828709
109900 58.8539778163645
110000 58.3736404210938
110100 58.3902130322099
110200 57.9753873411288
110300 57.1090202515338
110400 58.198783594055
110500 58.5902054518143
110600 58.9374760933193
110700 58.7305659273861
110800 57.9467169132768
110900 59.120927941861
111000 58.9107252028616
111100 59.0611772060995
111200 58.9178877316877
111300 58.925698469238
111400 58.664193321707
111500 58.8649166883957
111600 58.5943091511025
111700 58.1126220637241
111800 57.7913691944522
111900 58.0683127246197
112000 58.3685653905495
112100 58.0160144851244
112200 58.1430733491466
112300 57.9812425079118
112400 57.542068466049
112500 58.1476665553879
112600 58.2605045690158
112700 57.9299159251483
112800 58.5860983480711
112900 59.4850280352175
113000 59.7556353165431
113100 60.8146853201341
113200 60.1558998053663
113300 60.6356293017538
113400 61.1404972905785
113500 59.9648320704092
113600 58.7911733185086
113700 59.3563748164412
113800 58.5633114511681
113900 58.1713286121519
114000 59.1500915812851
114100 58.8676349492775
114200 58.4806070325032
114300 57.6680204948017
114400 58.0129056609352
114500 57.6801088778857
114600 58.0754200055503
114700 56.9100797380741
114800 57.5763607874565
114900 58.8105070443684
115000 59.1384258370863
115100 58.8450970944193
115200 57.8065397611329
115300 57.6412163482438
115400 58.4889079110418
115500 58.7172336973613
115600 59.1708472135835
115700 58.2998555706858
115800 59.7148257140182
115900 60.3379024773484
116000 60.3672733449119
116100 59.1061566603117
116200 59.7922170148566
116300 59.3685743552922
116400 59.1286959764998
116500 58.6968771840389
116600 58.3757271885003
116700 57.6210985423745
116800 57.8525801963518
116900 57.7977608960115
117000 57.736338567855
117100 57.9659922020125
117200 58.2275693549412
117300 57.8273917260412
117400 58.2787808946104
117500 59.0412738547144
117600 58.2403665468877
117700 58.6472115571134
117800 59.1701006826066
117900 59.2753558643329
118000 59.2592210745919
118100 59.6586634190082
118200 59.0544252021363
118300 57.9594996166618
118400 58.3058884321878
118500 58.9193238581808
118600 59.1956008094992
118700 58.8718459303463
118800 58.4424397354517
118900 58.3423022741239
119000 58.669429474127
119100 58.4579874792308
119200 58.4462454062376
119300 58.0893949040236
119400 58.1981836427432
119500 58.1698504147876
119600 58.0640492185107
119700 58.4458757111895
119800 59.4023278672735
119900 59.5391259785456
120000 58.9908860866957
120100 58.9018829613357
120200 59.2869506931273
120300 60.1559505423829
120400 60.3651959992019
120500 59.7273446424296
120600 60.3196547533335
120700 60.3528727834043
120800 61.2886508801556
120900 59.9645420182418
121000 59.2582046098952
121100 58.3858950952636
121200 58.0591001903331
121300 58.4251154337972
121400 57.6327926962044
121500 57.3751003619356
121600 57.5497839802281
121700 58.7809458208703
121800 57.9474059697207
121900 58.1442631485446
122000 57.26183031818
122100 57.6847635130706
122200 58.5243005371759
122300 59.1875113631581
122400 58.7404858297393
122500 60.0738497548124
122600 60.0900954971371
122700 58.8322038196356
122800 58.5751100532075
122900 59.0416008592329
123000 59.2482962457431
123100 58.4398504092463
123200 58.0397245324769
123300 58.2637491348877
123400 57.7000037459834
123500 57.6810457663343
123600 57.6188543201454
123700 57.4049668981062
123800 56.8458383769794
123900 57.4218728525502
124000 58.8215287741592
124100 57.867288681853
124200 57.798536474235
124300 58.3355953022868
124400 60.0813204489974
124500 59.374484168395
124600 60.3936561964315
124700 59.2497782284323
124800 58.78384708466
124900 59.415008213863
125000 58.7182487484226
125100 58.2910020772976
125200 58.9274853199954
125300 59.1055486179584
125400 58.8621388392612
125500 58.8532411509568
125600 59.076050396653
125700 58.5588606813694
125800 58.7432761404805
125900 57.8767373837346
126000 57.4740251761082
126100 57.9648626137159
126200 56.8055213166291
126300 56.7140591279311
126400 56.6790770604754
126500 58.1509217022816
126600 58.5219073030429
126700 59.116284958429
126800 58.511805171259
126900 59.0916329233822
127000 59.2312099313997
127100 59.3925871033329
127200 58.9202390533474
127300 59.1319484840632
127400 59.0235701953345
127500 59.0312102754426
127600 60.1400251573726
127700 59.303754425616
127800 58.097144705292
127900 57.6754799993137
128000 58.1478866247137
128100 56.838498501384
128200 57.3626162503483
128300 58.9140890662178
128400 59.1865282294912
128500 57.8842097596059
128600 58.0396231240329
128700 58.2343289427821
128800 57.5903856985007
128900 58.3776643071185
129000 59.285816931729
129100 59.6770146884818
129200 59.3836670856386
129300 59.370799141549
129400 59.8408954403209
129500 60.0960448292741
129600 58.730975943054
129700 58.5088746951977
129800 59.6404834222233
129900 59.5929045676191
130000 58.8978920357782
130100 58.8148509948325
130200 58.5281799291138
130300 58.0205094949264
130400 56.8392462493018
130500 57.2427954330042
130600 57.5413275832597
130700 58.9740113271576
130800 59.2558588119809
130900 59.6048115009005
131000 58.2117107322028
131100 57.2653461623437
131200 58.1121272320407
131300 59.7246960104445
131400 59.8819036206409
131500 59.7067505415976
131600 59.0157275054583
131700 59.0622115210639
131800 58.3119539516551
131900 58.6069482399266
132000 58.1271043786377
132100 58.1933840194166
132200 58.1169399191909
132300 58.4345246863899
132400 59.678663961469
132500 58.8679458634592
132600 57.5489615213103
132700 57.6326904078171
132800 57.2561555814617
132900 57.4215626576272
133000 59.1216403270977
133100 59.11146463492
133200 58.1579121544107
133300 57.9638528728173
133400 58.0149578237442
133500 58.6803762189387
133600 59.029526822294
133700 58.4748735588541
133800 59.6202742534481
133900 60.8654403493743
134000 59.5845820339871
134100 59.3977850211822
134200 60.662023920469
134300 59.1196063451406
134400 58.4229744747028
134500 58.5611867712618
134600 58.7381440964436
134700 57.5822445766024
134800 57.0668464839346
134900 57.7754483572731
135000 57.817672646223
135100 56.5959715070622
135200 56.413157324213
135300 57.8181978721354
135400 58.4600255964206
135500 57.4217941161777
135600 57.2326530035404
135700 57.5622183438769
135800 58.5871401933524
135900 59.7581280037497
136000 59.0552063641511
136100 58.4793361790155
136200 58.3467840066524
136300 59.1998664642179
136400 58.6417716981499
136500 59.3731601714577
136600 59.5567147240712
136700 57.9022205829449
136800 57.6964082272639
136900 57.6152378705158
137000 57.9066798863297
137100 58.2678704365036
137200 58.0344990984439
137300 58.4059853484627
137400 58.0371107821096
137500 57.2290248898715
137600 56.8274289582024
137700 57.6667322252044
137800 58.225249776703
137900 58.8973246378967
138000 58.865940748419
138100 59.0268914196851
138200 60.0288634968393
138300 59.262890971009
138400 59.652435609089
138500 57.9992968350926
138600 58.8835767769171
138700 59.7545804533187
138800 59.3843150933342
138900 59.3556551204532
139000 57.6371560501411
139100 57.2688129825055
139200 58.8234015861882
139300 58.2859904451582
139400 57.9740324280299
139500 58.8350415161302
139600 58.7866919276316
139700 58.1816910388696
139800 58.0254475804859
139900 58.8836524084581
140000 58.6090087841368
140100 57.8395391633306
140200 58.1635673146229
140300 59.750902335026
140400 59.1243936276847
140500 58.6203902536077
140600 58.267473351394
140700 58.9289433822606
140800 59.7518786682102
140900 58.7595584808677
141000 58.2248101989426
141100 58.725270776869
141200 58.3573466405492
141300 58.0156508497818
141400 57.1649930309561
141500 57.7978835176702
141600 57.4122893031206
141700 57.7514289042454
141800 58.8234453978346
141900 57.8340118456683
142000 57.4885102863065
142100 57.7010455826446
142200 57.499157006198
142300 57.7630309774944
142400 57.7114009180276
142500 58.6175620595808
142600 58.3125406569932
142700 57.5829443827009
142800 57.8887799826328
142900 58.4203127064575
143000 58.2976609594935
143100 59.5071953875053
143200 59.6217789635027
143300 58.2279524716456
143400 58.9593397829527
143500 58.1912397518053
143600 59.310354112082
143700 59.0647585674888
143800 58.8921162286818
143900 59.0427987054371
144000 58.6333130199945
144100 58.7917416947964
144200 57.6881470402385
144300 58.1000197695711
144400 58.4413356313699
144500 57.8722415191018
144600 57.0166775988568
144700 57.8115980997225
144800 58.8306708338844
144900 58.6982233188414
145000 58.0404299203565
145100 59.0949954877305
145200 59.075807211688
145300 59.7441102005787
145400 58.4880304194016
145500 58.5021315603646
145600 59.6063877786237
145700 59.4888320847066
145800 58.924281588901
145900 58.6697426754509
146000 59.4367095357878
146100 57.8728484586078
146200 57.8464061214363
146300 57.3385086276822
146400 57.3995555235741
146500 57.4116175518393
146600 57.4484008362595
146700 58.1536924059751
146800 57.2507507702611
146900 57.8740631426541
147000 58.7151514312563
147100 58.3670302042979
147200 58.3333277990621
147300 57.9989643567726
147400 58.9693145410268
147500 59.8769972300626
147600 58.2900587587076
147700 57.7401519290509
147800 59.5415093032547
147900 60.3396224011927
148000 58.6996218388305
148100 57.9911248687861
148200 58.1434366193342
148300 57.5444249856397
148400 58.6459725760771
148500 57.6746287622193
148600 57.3904611383177
148700 57.5924983652141
148800 57.7055350191442
148900 57.7538463903957
149000 59.1948895284489
149100 59.2705933722936
149200 58.7235701694825
149300 59.2680931569914
149400 57.398563759578
149500 58.6071879542528
149600 57.9817878375954
149700 59.292151142207
149800 58.8689831486038
149900 59.8130252005126
150000 59.0374515902708
