#Tiempo [fms]     Densidad [gr_cc]
50100 0.0960533823675909
50200 0.0960533823675909
50300 0.0960533823675909
50400 0.0960533823675909
50500 0.0960533823675909
50600 0.0960533823675909
50700 0.0960533823675909
50800 0.0960533823675909
50900 0.0960533823675909
51000 0.0960533823675909
51100 0.0960533823675909
51200 0.0960533823675909
51300 0.0960533823675909
51400 0.0960533823675909
51500 0.0960533823675909
51600 0.0960533823675909
51700 0.0960533823675909
51800 0.0960533823675909
51900 0.0960533823675909
52000 0.0960533823675909
52100 0.0960533823675909
52200 0.0960533823675909
52300 0.0960533823675909
52400 0.0960533823675909
52500 0.0960533823675909
52600 0.0960533823675909
52700 0.0960533823675909
52800 0.0960533823675909
52900 0.0960533823675909
53000 0.0960533823675909
53100 0.0960533823675909
53200 0.0960533823675909
53300 0.0960533823675909
53400 0.0960533823675909
53500 0.0960533823675909
53600 0.0960533823675909
53700 0.0960533823675909
53800 0.0960533823675909
53900 0.0960533823675909
54000 0.0960533823675909
54100 0.0960533823675909
54200 0.0960533823675909
54300 0.0960533823675909
54400 0.0960533823675909
54500 0.0960533823675909
54600 0.0960533823675909
54700 0.0960533823675909
54800 0.0960533823675909
54900 0.0960533823675909
55000 0.0960533823675909
55100 0.0960533823675909
55200 0.0960533823675909
55300 0.0960533823675909
55400 0.0960533823675909
55500 0.0960533823675909
55600 0.0960533823675909
55700 0.0960533823675909
55800 0.0960533823675909
55900 0.0960533823675909
56000 0.0960533823675909
56100 0.0960533823675909
56200 0.0960533823675909
56300 0.0960533823675909
56400 0.0960533823675909
56500 0.0960533823675909
56600 0.0960533823675909
56700 0.0960533823675909
56800 0.0960533823675909
56900 0.0960533823675909
57000 0.0960533823675909
57100 0.0960533823675909
57200 0.0960533823675909
57300 0.0960533823675909
57400 0.0960533823675909
57500 0.0960533823675909
57600 0.0960533823675909
57700 0.0960533823675909
57800 0.0960533823675909
57900 0.0960533823675909
58000 0.0960533823675909
58100 0.0960533823675909
58200 0.0960533823675909
58300 0.0960533823675909
58400 0.0960533823675909
58500 0.0960533823675909
58600 0.0960533823675909
58700 0.0960533823675909
58800 0.0960533823675909
58900 0.0960533823675909
59000 0.0960533823675909
59100 0.0960533823675909
59200 0.0960533823675909
59300 0.0960533823675909
59400 0.0960533823675909
59500 0.0960533823675909
59600 0.0960533823675909
59700 0.0960533823675909
59800 0.0960533823675909
59900 0.0960533823675909
60000 0.0960533823675909
60100 0.0960533823675909
60200 0.0960533823675909
60300 0.0960533823675909
60400 0.0960533823675909
60500 0.0960533823675909
60600 0.0960533823675909
60700 0.0960533823675909
60800 0.0960533823675909
60900 0.0960533823675909
61000 0.0960533823675909
61100 0.0960533823675909
61200 0.0960533823675909
61300 0.0960533823675909
61400 0.0960533823675909
61500 0.0960533823675909
61600 0.0960533823675909
61700 0.0960533823675909
61800 0.0960533823675909
61900 0.0960533823675909
62000 0.0960533823675909
62100 0.0960533823675909
62200 0.0960533823675909
62300 0.0960533823675909
62400 0.0960533823675909
62500 0.0960533823675909
62600 0.0960533823675909
62700 0.0960533823675909
62800 0.0960533823675909
62900 0.0960533823675909
63000 0.0960533823675909
63100 0.0960533823675909
63200 0.0960533823675909
63300 0.0960533823675909
63400 0.0960533823675909
63500 0.0960533823675909
63600 0.0960533823675909
63700 0.0960533823675909
63800 0.0960533823675909
63900 0.0960533823675909
64000 0.0960533823675909
64100 0.0960533823675909
64200 0.0960533823675909
64300 0.0960533823675909
64400 0.0960533823675909
64500 0.0960533823675909
64600 0.0960533823675909
64700 0.0960533823675909
64800 0.0960533823675909
64900 0.0960533823675909
65000 0.0960533823675909
65100 0.0960533823675909
65200 0.0960533823675909
65300 0.0960533823675909
65400 0.0960533823675909
65500 0.0960533823675909
65600 0.0960533823675909
65700 0.0960533823675909
65800 0.0960533823675909
65900 0.0960533823675909
66000 0.0960533823675909
66100 0.0960533823675909
66200 0.0960533823675909
66300 0.0960533823675909
66400 0.0960533823675909
66500 0.0960533823675909
66600 0.0960533823675909
66700 0.0960533823675909
66800 0.0960533823675909
66900 0.0960533823675909
67000 0.0960533823675909
67100 0.0960533823675909
67200 0.0960533823675909
67300 0.0960533823675909
67400 0.0960533823675909
67500 0.0960533823675909
67600 0.0960533823675909
67700 0.0960533823675909
67800 0.0960533823675909
67900 0.0960533823675909
68000 0.0960533823675909
68100 0.0960533823675909
68200 0.0960533823675909
68300 0.0960533823675909
68400 0.0960533823675909
68500 0.0960533823675909
68600 0.0960533823675909
68700 0.0960533823675909
68800 0.0960533823675909
68900 0.0960533823675909
69000 0.0960533823675909
69100 0.0960533823675909
69200 0.0960533823675909
69300 0.0960533823675909
69400 0.0960533823675909
69500 0.0960533823675909
69600 0.0960533823675909
69700 0.0960533823675909
69800 0.0960533823675909
69900 0.0960533823675909
70000 0.0960533823675909
70100 0.0960533823675909
70200 0.0960533823675909
70300 0.0960533823675909
70400 0.0960533823675909
70500 0.0960533823675909
70600 0.0960533823675909
70700 0.0960533823675909
70800 0.0960533823675909
70900 0.0960533823675909
71000 0.0960533823675909
71100 0.0960533823675909
71200 0.0960533823675909
71300 0.0960533823675909
71400 0.0960533823675909
71500 0.0960533823675909
71600 0.0960533823675909
71700 0.0960533823675909
71800 0.0960533823675909
71900 0.0960533823675909
72000 0.0960533823675909
72100 0.0960533823675909
72200 0.0960533823675909
72300 0.0960533823675909
72400 0.0960533823675909
72500 0.0960533823675909
72600 0.0960533823675909
72700 0.0960533823675909
72800 0.0960533823675909
72900 0.0960533823675909
73000 0.0960533823675909
73100 0.0960533823675909
73200 0.0960533823675909
73300 0.0960533823675909
73400 0.0960533823675909
73500 0.0960533823675909
73600 0.0960533823675909
73700 0.0960533823675909
73800 0.0960533823675909
73900 0.0960533823675909
74000 0.0960533823675909
74100 0.0960533823675909
74200 0.0960533823675909
74300 0.0960533823675909
74400 0.0960533823675909
74500 0.0960533823675909
74600 0.0960533823675909
74700 0.0960533823675909
74800 0.0960533823675909
74900 0.0960533823675909
75000 0.0960533823675909
75100 0.0960533823675909
75200 0.0960533823675909
75300 0.0960533823675909
75400 0.0960533823675909
75500 0.0960533823675909
75600 0.0960533823675909
75700 0.0960533823675909
75800 0.0960533823675909
75900 0.0960533823675909
76000 0.0960533823675909
76100 0.0960533823675909
76200 0.0960533823675909
76300 0.0960533823675909
76400 0.0960533823675909
76500 0.0960533823675909
76600 0.0960533823675909
76700 0.0960533823675909
76800 0.0960533823675909
76900 0.0960533823675909
77000 0.0960533823675909
77100 0.0960533823675909
77200 0.0960533823675909
77300 0.0960533823675909
77400 0.0960533823675909
77500 0.0960533823675909
77600 0.0960533823675909
77700 0.0960533823675909
77800 0.0960533823675909
77900 0.0960533823675909
78000 0.0960533823675909
78100 0.0960533823675909
78200 0.0960533823675909
78300 0.0960533823675909
78400 0.0960533823675909
78500 0.0960533823675909
78600 0.0960533823675909
78700 0.0960533823675909
78800 0.0960533823675909
78900 0.0960533823675909
79000 0.0960533823675909
79100 0.0960533823675909
79200 0.0960533823675909
79300 0.0960533823675909
79400 0.0960533823675909
79500 0.0960533823675909
79600 0.0960533823675909
79700 0.0960533823675909
79800 0.0960533823675909
79900 0.0960533823675909
80000 0.0960533823675909
80100 0.0960533823675909
80200 0.0960533823675909
80300 0.0960533823675909
80400 0.0960533823675909
80500 0.0960533823675909
80600 0.0960533823675909
80700 0.0960533823675909
80800 0.0960533823675909
80900 0.0960533823675909
81000 0.0960533823675909
81100 0.0960533823675909
81200 0.0960533823675909
81300 0.0960533823675909
81400 0.0960533823675909
81500 0.0960533823675909
81600 0.0960533823675909
81700 0.0960533823675909
81800 0.0960533823675909
81900 0.0960533823675909
82000 0.0960533823675909
82100 0.0960533823675909
82200 0.0960533823675909
82300 0.0960533823675909
82400 0.0960533823675909
82500 0.0960533823675909
82600 0.0960533823675909
82700 0.0960533823675909
82800 0.0960533823675909
82900 0.0960533823675909
83000 0.0960533823675909
83100 0.0960533823675909
83200 0.0960533823675909
83300 0.0960533823675909
83400 0.0960533823675909
83500 0.0960533823675909
83600 0.0960533823675909
83700 0.0960533823675909
83800 0.0960533823675909
83900 0.0960533823675909
84000 0.0960533823675909
84100 0.0960533823675909
84200 0.0960533823675909
84300 0.0960533823675909
84400 0.0960533823675909
84500 0.0960533823675909
84600 0.0960533823675909
84700 0.0960533823675909
84800 0.0960533823675909
84900 0.0960533823675909
85000 0.0960533823675909
85100 0.0960533823675909
85200 0.0960533823675909
85300 0.0960533823675909
85400 0.0960533823675909
85500 0.0960533823675909
85600 0.0960533823675909
85700 0.0960533823675909
85800 0.0960533823675909
85900 0.0960533823675909
86000 0.0960533823675909
86100 0.0960533823675909
86200 0.0960533823675909
86300 0.0960533823675909
86400 0.0960533823675909
86500 0.0960533823675909
86600 0.0960533823675909
86700 0.0960533823675909
86800 0.0960533823675909
86900 0.0960533823675909
87000 0.0960533823675909
87100 0.0960533823675909
87200 0.0960533823675909
87300 0.0960533823675909
87400 0.0960533823675909
87500 0.0960533823675909
87600 0.0960533823675909
87700 0.0960533823675909
87800 0.0960533823675909
87900 0.0960533823675909
88000 0.0960533823675909
88100 0.0960533823675909
88200 0.0960533823675909
88300 0.0960533823675909
88400 0.0960533823675909
88500 0.0960533823675909
88600 0.0960533823675909
88700 0.0960533823675909
88800 0.0960533823675909
88900 0.0960533823675909
89000 0.0960533823675909
89100 0.0960533823675909
89200 0.0960533823675909
89300 0.0960533823675909
89400 0.0960533823675909
89500 0.0960533823675909
89600 0.0960533823675909
89700 0.0960533823675909
89800 0.0960533823675909
89900 0.0960533823675909
90000 0.0960533823675909
90100 0.0960533823675909
90200 0.0960533823675909
90300 0.0960533823675909
90400 0.0960533823675909
90500 0.0960533823675909
90600 0.0960533823675909
90700 0.0960533823675909
90800 0.0960533823675909
90900 0.0960533823675909
91000 0.0960533823675909
91100 0.0960533823675909
91200 0.0960533823675909
91300 0.0960533823675909
91400 0.0960533823675909
91500 0.0960533823675909
91600 0.0960533823675909
91700 0.0960533823675909
91800 0.0960533823675909
91900 0.0960533823675909
92000 0.0960533823675909
92100 0.0960533823675909
92200 0.0960533823675909
92300 0.0960533823675909
92400 0.0960533823675909
92500 0.0960533823675909
92600 0.0960533823675909
92700 0.0960533823675909
92800 0.0960533823675909
92900 0.0960533823675909
93000 0.0960533823675909
93100 0.0960533823675909
93200 0.0960533823675909
93300 0.0960533823675909
93400 0.0960533823675909
93500 0.0960533823675909
93600 0.0960533823675909
93700 0.0960533823675909
93800 0.0960533823675909
93900 0.0960533823675909
94000 0.0960533823675909
94100 0.0960533823675909
94200 0.0960533823675909
94300 0.0960533823675909
94400 0.0960533823675909
94500 0.0960533823675909
94600 0.0960533823675909
94700 0.0960533823675909
94800 0.0960533823675909
94900 0.0960533823675909
95000 0.0960533823675909
95100 0.0960533823675909
95200 0.0960533823675909
95300 0.0960533823675909
95400 0.0960533823675909
95500 0.0960533823675909
95600 0.0960533823675909
95700 0.0960533823675909
95800 0.0960533823675909
95900 0.0960533823675909
96000 0.0960533823675909
96100 0.0960533823675909
96200 0.0960533823675909
96300 0.0960533823675909
96400 0.0960533823675909
96500 0.0960533823675909
96600 0.0960533823675909
96700 0.0960533823675909
96800 0.0960533823675909
96900 0.0960533823675909
97000 0.0960533823675909
97100 0.0960533823675909
97200 0.0960533823675909
97300 0.0960533823675909
97400 0.0960533823675909
97500 0.0960533823675909
97600 0.0960533823675909
97700 0.0960533823675909
97800 0.0960533823675909
97900 0.0960533823675909
98000 0.0960533823675909
98100 0.0960533823675909
98200 0.0960533823675909
98300 0.0960533823675909
98400 0.0960533823675909
98500 0.0960533823675909
98600 0.0960533823675909
98700 0.0960533823675909
98800 0.0960533823675909
98900 0.0960533823675909
99000 0.0960533823675909
99100 0.0960533823675909
99200 0.0960533823675909
99300 0.0960533823675909
99400 0.0960533823675909
99500 0.0960533823675909
99600 0.0960533823675909
99700 0.0960533823675909
99800 0.0960533823675909
99900 0.0960533823675909
100000 0.0960533823675909
100100 0.0960533823675909
100200 0.0960533823675909
100300 0.0960533823675909
100400 0.0960533823675909
100500 0.0960533823675909
100600 0.0960533823675909
100700 0.0960533823675909
100800 0.0960533823675909
100900 0.0960533823675909
101000 0.0960533823675909
101100 0.0960533823675909
101200 0.0960533823675909
101300 0.0960533823675909
101400 0.0960533823675909
101500 0.0960533823675909
101600 0.0960533823675909
101700 0.0960533823675909
101800 0.0960533823675909
101900 0.0960533823675909
102000 0.0960533823675909
102100 0.0960533823675909
102200 0.0960533823675909
102300 0.0960533823675909
102400 0.0960533823675909
102500 0.0960533823675909
102600 0.0960533823675909
102700 0.0960533823675909
102800 0.0960533823675909
102900 0.0960533823675909
103000 0.0960533823675909
103100 0.0960533823675909
103200 0.0960533823675909
103300 0.0960533823675909
103400 0.0960533823675909
103500 0.0960533823675909
103600 0.0960533823675909
103700 0.0960533823675909
103800 0.0960533823675909
103900 0.0960533823675909
104000 0.0960533823675909
104100 0.0960533823675909
104200 0.0960533823675909
104300 0.0960533823675909
104400 0.0960533823675909
104500 0.0960533823675909
104600 0.0960533823675909
104700 0.0960533823675909
104800 0.0960533823675909
104900 0.0960533823675909
105000 0.0960533823675909
105100 0.0960533823675909
105200 0.0960533823675909
105300 0.0960533823675909
105400 0.0960533823675909
105500 0.0960533823675909
105600 0.0960533823675909
105700 0.0960533823675909
105800 0.0960533823675909
105900 0.0960533823675909
106000 0.0960533823675909
106100 0.0960533823675909
106200 0.0960533823675909
106300 0.0960533823675909
106400 0.0960533823675909
106500 0.0960533823675909
106600 0.0960533823675909
106700 0.0960533823675909
106800 0.0960533823675909
106900 0.0960533823675909
107000 0.0960533823675909
107100 0.0960533823675909
107200 0.0960533823675909
107300 0.0960533823675909
107400 0.0960533823675909
107500 0.0960533823675909
107600 0.0960533823675909
107700 0.0960533823675909
107800 0.0960533823675909
107900 0.0960533823675909
108000 0.0960533823675909
108100 0.0960533823675909
108200 0.0960533823675909
108300 0.0960533823675909
108400 0.0960533823675909
108500 0.0960533823675909
108600 0.0960533823675909
108700 0.0960533823675909
108800 0.0960533823675909
108900 0.0960533823675909
109000 0.0960533823675909
109100 0.0960533823675909
109200 0.0960533823675909
109300 0.0960533823675909
109400 0.0960533823675909
109500 0.0960533823675909
109600 0.0960533823675909
109700 0.0960533823675909
109800 0.0960533823675909
109900 0.0960533823675909
110000 0.0960533823675909
110100 0.0960533823675909
110200 0.0960533823675909
110300 0.0960533823675909
110400 0.0960533823675909
110500 0.0960533823675909
110600 0.0960533823675909
110700 0.0960533823675909
110800 0.0960533823675909
110900 0.0960533823675909
111000 0.0960533823675909
111100 0.0960533823675909
111200 0.0960533823675909
111300 0.0960533823675909
111400 0.0960533823675909
111500 0.0960533823675909
111600 0.0960533823675909
111700 0.0960533823675909
111800 0.0960533823675909
111900 0.0960533823675909
112000 0.0960533823675909
112100 0.0960533823675909
112200 0.0960533823675909
112300 0.0960533823675909
112400 0.0960533823675909
112500 0.0960533823675909
112600 0.0960533823675909
112700 0.0960533823675909
112800 0.0960533823675909
112900 0.0960533823675909
113000 0.0960533823675909
113100 0.0960533823675909
113200 0.0960533823675909
113300 0.0960533823675909
113400 0.0960533823675909
113500 0.0960533823675909
113600 0.0960533823675909
113700 0.0960533823675909
113800 0.0960533823675909
113900 0.0960533823675909
114000 0.0960533823675909
114100 0.0960533823675909
114200 0.0960533823675909
114300 0.0960533823675909
114400 0.0960533823675909
114500 0.0960533823675909
114600 0.0960533823675909
114700 0.0960533823675909
114800 0.0960533823675909
114900 0.0960533823675909
115000 0.0960533823675909
115100 0.0960533823675909
115200 0.0960533823675909
115300 0.0960533823675909
115400 0.0960533823675909
115500 0.0960533823675909
115600 0.0960533823675909
115700 0.0960533823675909
115800 0.0960533823675909
115900 0.0960533823675909
116000 0.0960533823675909
116100 0.0960533823675909
116200 0.0960533823675909
116300 0.0960533823675909
116400 0.0960533823675909
116500 0.0960533823675909
116600 0.0960533823675909
116700 0.0960533823675909
116800 0.0960533823675909
116900 0.0960533823675909
117000 0.0960533823675909
117100 0.0960533823675909
117200 0.0960533823675909
117300 0.0960533823675909
117400 0.0960533823675909
117500 0.0960533823675909
117600 0.0960533823675909
117700 0.0960533823675909
117800 0.0960533823675909
117900 0.0960533823675909
118000 0.0960533823675909
118100 0.0960533823675909
118200 0.0960533823675909
118300 0.0960533823675909
118400 0.0960533823675909
118500 0.0960533823675909
118600 0.0960533823675909
118700 0.0960533823675909
118800 0.0960533823675909
118900 0.0960533823675909
119000 0.0960533823675909
119100 0.0960533823675909
119200 0.0960533823675909
119300 0.0960533823675909
119400 0.0960533823675909
119500 0.0960533823675909
119600 0.0960533823675909
119700 0.0960533823675909
119800 0.0960533823675909
119900 0.0960533823675909
120000 0.0960533823675909
120100 0.0960533823675909
120200 0.0960533823675909
120300 0.0960533823675909
120400 0.0960533823675909
120500 0.0960533823675909
120600 0.0960533823675909
120700 0.0960533823675909
120800 0.0960533823675909
120900 0.0960533823675909
121000 0.0960533823675909
121100 0.0960533823675909
121200 0.0960533823675909
121300 0.0960533823675909
121400 0.0960533823675909
121500 0.0960533823675909
121600 0.0960533823675909
121700 0.0960533823675909
121800 0.0960533823675909
121900 0.0960533823675909
122000 0.0960533823675909
122100 0.0960533823675909
122200 0.0960533823675909
122300 0.0960533823675909
122400 0.0960533823675909
122500 0.0960533823675909
122600 0.0960533823675909
122700 0.0960533823675909
122800 0.0960533823675909
122900 0.0960533823675909
123000 0.0960533823675909
123100 0.0960533823675909
123200 0.0960533823675909
123300 0.0960533823675909
123400 0.0960533823675909
123500 0.0960533823675909
123600 0.0960533823675909
123700 0.0960533823675909
123800 0.0960533823675909
123900 0.0960533823675909
124000 0.0960533823675909
124100 0.0960533823675909
124200 0.0960533823675909
124300 0.0960533823675909
124400 0.0960533823675909
124500 0.0960533823675909
124600 0.0960533823675909
124700 0.0960533823675909
124800 0.0960533823675909
124900 0.0960533823675909
125000 0.0960533823675909
125100 0.0960533823675909
125200 0.0960533823675909
125300 0.0960533823675909
125400 0.0960533823675909
125500 0.0960533823675909
125600 0.0960533823675909
125700 0.0960533823675909
125800 0.0960533823675909
125900 0.0960533823675909
126000 0.0960533823675909
126100 0.0960533823675909
126200 0.0960533823675909
126300 0.0960533823675909
126400 0.0960533823675909
126500 0.0960533823675909
126600 0.0960533823675909
126700 0.0960533823675909
126800 0.0960533823675909
126900 0.0960533823675909
127000 0.0960533823675909
127100 0.0960533823675909
127200 0.0960533823675909
127300 0.0960533823675909
127400 0.0960533823675909
127500 0.0960533823675909
127600 0.0960533823675909
127700 0.0960533823675909
127800 0.0960533823675909
127900 0.0960533823675909
128000 0.0960533823675909
128100 0.0960533823675909
128200 0.0960533823675909
128300 0.0960533823675909
128400 0.0960533823675909
128500 0.0960533823675909
128600 0.0960533823675909
128700 0.0960533823675909
128800 0.0960533823675909
128900 0.0960533823675909
129000 0.0960533823675909
129100 0.0960533823675909
129200 0.0960533823675909
129300 0.0960533823675909
129400 0.0960533823675909
129500 0.0960533823675909
129600 0.0960533823675909
129700 0.0960533823675909
129800 0.0960533823675909
129900 0.0960533823675909
130000 0.0960533823675909
130100 0.0960533823675909
130200 0.0960533823675909
130300 0.0960533823675909
130400 0.0960533823675909
130500 0.0960533823675909
130600 0.0960533823675909
130700 0.0960533823675909
130800 0.0960533823675909
130900 0.0960533823675909
131000 0.0960533823675909
131100 0.0960533823675909
131200 0.0960533823675909
131300 0.0960533823675909
131400 0.0960533823675909
131500 0.0960533823675909
131600 0.0960533823675909
131700 0.0960533823675909
131800 0.0960533823675909
131900 0.0960533823675909
132000 0.0960533823675909
132100 0.0960533823675909
132200 0.0960533823675909
132300 0.0960533823675909
132400 0.0960533823675909
132500 0.0960533823675909
132600 0.0960533823675909
132700 0.0960533823675909
132800 0.0960533823675909
132900 0.0960533823675909
133000 0.0960533823675909
133100 0.0960533823675909
133200 0.0960533823675909
133300 0.0960533823675909
133400 0.0960533823675909
133500 0.0960533823675909
133600 0.0960533823675909
133700 0.0960533823675909
133800 0.0960533823675909
133900 0.0960533823675909
134000 0.0960533823675909
134100 0.0960533823675909
134200 0.0960533823675909
134300 0.0960533823675909
134400 0.0960533823675909
134500 0.0960533823675909
134600 0.0960533823675909
134700 0.0960533823675909
134800 0.0960533823675909
134900 0.0960533823675909
135000 0.0960533823675909
135100 0.0960533823675909
135200 0.0960533823675909
135300 0.0960533823675909
135400 0.0960533823675909
135500 0.0960533823675909
135600 0.0960533823675909
135700 0.0960533823675909
135800 0.0960533823675909
135900 0.0960533823675909
136000 0.0960533823675909
136100 0.0960533823675909
136200 0.0960533823675909
136300 0.0960533823675909
136400 0.0960533823675909
136500 0.0960533823675909
136600 0.0960533823675909
136700 0.0960533823675909
136800 0.0960533823675909
136900 0.0960533823675909
137000 0.0960533823675909
137100 0.0960533823675909
137200 0.0960533823675909
137300 0.0960533823675909
137400 0.0960533823675909
137500 0.0960533823675909
137600 0.0960533823675909
137700 0.0960533823675909
137800 0.0960533823675909
137900 0.0960533823675909
138000 0.0960533823675909
138100 0.0960533823675909
138200 0.0960533823675909
138300 0.0960533823675909
138400 0.0960533823675909
138500 0.0960533823675909
138600 0.0960533823675909
138700 0.0960533823675909
138800 0.0960533823675909
138900 0.0960533823675909
139000 0.0960533823675909
139100 0.0960533823675909
139200 0.0960533823675909
139300 0.0960533823675909
139400 0.0960533823675909
139500 0.0960533823675909
139600 0.0960533823675909
139700 0.0960533823675909
139800 0.0960533823675909
139900 0.0960533823675909
140000 0.0960533823675909
140100 0.0960533823675909
140200 0.0960533823675909
140300 0.0960533823675909
140400 0.0960533823675909
140500 0.0960533823675909
140600 0.0960533823675909
140700 0.0960533823675909
140800 0.0960533823675909
140900 0.0960533823675909
141000 0.0960533823675909
141100 0.0960533823675909
141200 0.0960533823675909
141300 0.0960533823675909
141400 0.0960533823675909
141500 0.0960533823675909
141600 0.0960533823675909
141700 0.0960533823675909
141800 0.0960533823675909
141900 0.0960533823675909
142000 0.0960533823675909
142100 0.0960533823675909
142200 0.0960533823675909
142300 0.0960533823675909
142400 0.0960533823675909
142500 0.0960533823675909
142600 0.0960533823675909
142700 0.0960533823675909
142800 0.0960533823675909
142900 0.0960533823675909
143000 0.0960533823675909
143100 0.0960533823675909
143200 0.0960533823675909
143300 0.0960533823675909
143400 0.0960533823675909
143500 0.0960533823675909
143600 0.0960533823675909
143700 0.0960533823675909
143800 0.0960533823675909
143900 0.0960533823675909
144000 0.0960533823675909
144100 0.0960533823675909
144200 0.0960533823675909
144300 0.0960533823675909
144400 0.0960533823675909
144500 0.0960533823675909
144600 0.0960533823675909
144700 0.0960533823675909
144800 0.0960533823675909
144900 0.0960533823675909
145000 0.0960533823675909
145100 0.0960533823675909
145200 0.0960533823675909
145300 0.0960533823675909
145400 0.0960533823675909
145500 0.0960533823675909
145600 0.0960533823675909
145700 0.0960533823675909
145800 0.0960533823675909
145900 0.0960533823675909
146000 0.0960533823675909
146100 0.0960533823675909
146200 0.0960533823675909
146300 0.0960533823675909
146400 0.0960533823675909
146500 0.0960533823675909
146600 0.0960533823675909
146700 0.0960533823675909
146800 0.0960533823675909
146900 0.0960533823675909
147000 0.0960533823675909
147100 0.0960533823675909
147200 0.0960533823675909
147300 0.0960533823675909
147400 0.0960533823675909
147500 0.0960533823675909
147600 0.0960533823675909
147700 0.0960533823675909
147800 0.0960533823675909
147900 0.0960533823675909
148000 0.0960533823675909
148100 0.0960533823675909
148200 0.0960533823675909
148300 0.0960533823675909
148400 0.0960533823675909
148500 0.0960533823675909
148600 0.0960533823675909
148700 0.0960533823675909
148800 0.0960533823675909
148900 0.0960533823675909
149000 0.0960533823675909
149100 0.0960533823675909
149200 0.0960533823675909
149300 0.0960533823675909
149400 0.0960533823675909
149500 0.0960533823675909
149600 0.0960533823675909
149700 0.0960533823675909
149800 0.0960533823675909
149900 0.0960533823675909
150000 0.0960533823675909
