#Tiempo [fms]    VolumenMolar [lts/mol]
50100 0.41589364640884
50200 0.41589364640884
50300 0.41589364640884
50400 0.41589364640884
50500 0.41589364640884
50600 0.41589364640884
50700 0.41589364640884
50800 0.41589364640884
50900 0.41589364640884
51000 0.41589364640884
51100 0.41589364640884
51200 0.41589364640884
51300 0.41589364640884
51400 0.41589364640884
51500 0.41589364640884
51600 0.41589364640884
51700 0.41589364640884
51800 0.41589364640884
51900 0.41589364640884
52000 0.41589364640884
52100 0.41589364640884
52200 0.41589364640884
52300 0.41589364640884
52400 0.41589364640884
52500 0.41589364640884
52600 0.41589364640884
52700 0.41589364640884
52800 0.41589364640884
52900 0.41589364640884
53000 0.41589364640884
53100 0.41589364640884
53200 0.41589364640884
53300 0.41589364640884
53400 0.41589364640884
53500 0.41589364640884
53600 0.41589364640884
53700 0.41589364640884
53800 0.41589364640884
53900 0.41589364640884
54000 0.41589364640884
54100 0.41589364640884
54200 0.41589364640884
54300 0.41589364640884
54400 0.41589364640884
54500 0.41589364640884
54600 0.41589364640884
54700 0.41589364640884
54800 0.41589364640884
54900 0.41589364640884
55000 0.41589364640884
55100 0.41589364640884
55200 0.41589364640884
55300 0.41589364640884
55400 0.41589364640884
55500 0.41589364640884
55600 0.41589364640884
55700 0.41589364640884
55800 0.41589364640884
55900 0.41589364640884
56000 0.41589364640884
56100 0.41589364640884
56200 0.41589364640884
56300 0.41589364640884
56400 0.41589364640884
56500 0.41589364640884
56600 0.41589364640884
56700 0.41589364640884
56800 0.41589364640884
56900 0.41589364640884
57000 0.41589364640884
57100 0.41589364640884
57200 0.41589364640884
57300 0.41589364640884
57400 0.41589364640884
57500 0.41589364640884
57600 0.41589364640884
57700 0.41589364640884
57800 0.41589364640884
57900 0.41589364640884
58000 0.41589364640884
58100 0.41589364640884
58200 0.41589364640884
58300 0.41589364640884
58400 0.41589364640884
58500 0.41589364640884
58600 0.41589364640884
58700 0.41589364640884
58800 0.41589364640884
58900 0.41589364640884
59000 0.41589364640884
59100 0.41589364640884
59200 0.41589364640884
59300 0.41589364640884
59400 0.41589364640884
59500 0.41589364640884
59600 0.41589364640884
59700 0.41589364640884
59800 0.41589364640884
59900 0.41589364640884
60000 0.41589364640884
60100 0.41589364640884
60200 0.41589364640884
60300 0.41589364640884
60400 0.41589364640884
60500 0.41589364640884
60600 0.41589364640884
60700 0.41589364640884
60800 0.41589364640884
60900 0.41589364640884
61000 0.41589364640884
61100 0.41589364640884
61200 0.41589364640884
61300 0.41589364640884
61400 0.41589364640884
61500 0.41589364640884
61600 0.41589364640884
61700 0.41589364640884
61800 0.41589364640884
61900 0.41589364640884
62000 0.41589364640884
62100 0.41589364640884
62200 0.41589364640884
62300 0.41589364640884
62400 0.41589364640884
62500 0.41589364640884
62600 0.41589364640884
62700 0.41589364640884
62800 0.41589364640884
62900 0.41589364640884
63000 0.41589364640884
63100 0.41589364640884
63200 0.41589364640884
63300 0.41589364640884
63400 0.41589364640884
63500 0.41589364640884
63600 0.41589364640884
63700 0.41589364640884
63800 0.41589364640884
63900 0.41589364640884
64000 0.41589364640884
64100 0.41589364640884
64200 0.41589364640884
64300 0.41589364640884
64400 0.41589364640884
64500 0.41589364640884
64600 0.41589364640884
64700 0.41589364640884
64800 0.41589364640884
64900 0.41589364640884
65000 0.41589364640884
65100 0.41589364640884
65200 0.41589364640884
65300 0.41589364640884
65400 0.41589364640884
65500 0.41589364640884
65600 0.41589364640884
65700 0.41589364640884
65800 0.41589364640884
65900 0.41589364640884
66000 0.41589364640884
66100 0.41589364640884
66200 0.41589364640884
66300 0.41589364640884
66400 0.41589364640884
66500 0.41589364640884
66600 0.41589364640884
66700 0.41589364640884
66800 0.41589364640884
66900 0.41589364640884
67000 0.41589364640884
67100 0.41589364640884
67200 0.41589364640884
67300 0.41589364640884
67400 0.41589364640884
67500 0.41589364640884
67600 0.41589364640884
67700 0.41589364640884
67800 0.41589364640884
67900 0.41589364640884
68000 0.41589364640884
68100 0.41589364640884
68200 0.41589364640884
68300 0.41589364640884
68400 0.41589364640884
68500 0.41589364640884
68600 0.41589364640884
68700 0.41589364640884
68800 0.41589364640884
68900 0.41589364640884
69000 0.41589364640884
69100 0.41589364640884
69200 0.41589364640884
69300 0.41589364640884
69400 0.41589364640884
69500 0.41589364640884
69600 0.41589364640884
69700 0.41589364640884
69800 0.41589364640884
69900 0.41589364640884
70000 0.41589364640884
70100 0.41589364640884
70200 0.41589364640884
70300 0.41589364640884
70400 0.41589364640884
70500 0.41589364640884
70600 0.41589364640884
70700 0.41589364640884
70800 0.41589364640884
70900 0.41589364640884
71000 0.41589364640884
71100 0.41589364640884
71200 0.41589364640884
71300 0.41589364640884
71400 0.41589364640884
71500 0.41589364640884
71600 0.41589364640884
71700 0.41589364640884
71800 0.41589364640884
71900 0.41589364640884
72000 0.41589364640884
72100 0.41589364640884
72200 0.41589364640884
72300 0.41589364640884
72400 0.41589364640884
72500 0.41589364640884
72600 0.41589364640884
72700 0.41589364640884
72800 0.41589364640884
72900 0.41589364640884
73000 0.41589364640884
73100 0.41589364640884
73200 0.41589364640884
73300 0.41589364640884
73400 0.41589364640884
73500 0.41589364640884
73600 0.41589364640884
73700 0.41589364640884
73800 0.41589364640884
73900 0.41589364640884
74000 0.41589364640884
74100 0.41589364640884
74200 0.41589364640884
74300 0.41589364640884
74400 0.41589364640884
74500 0.41589364640884
74600 0.41589364640884
74700 0.41589364640884
74800 0.41589364640884
74900 0.41589364640884
75000 0.41589364640884
75100 0.41589364640884
75200 0.41589364640884
75300 0.41589364640884
75400 0.41589364640884
75500 0.41589364640884
75600 0.41589364640884
75700 0.41589364640884
75800 0.41589364640884
75900 0.41589364640884
76000 0.41589364640884
76100 0.41589364640884
76200 0.41589364640884
76300 0.41589364640884
76400 0.41589364640884
76500 0.41589364640884
76600 0.41589364640884
76700 0.41589364640884
76800 0.41589364640884
76900 0.41589364640884
77000 0.41589364640884
77100 0.41589364640884
77200 0.41589364640884
77300 0.41589364640884
77400 0.41589364640884
77500 0.41589364640884
77600 0.41589364640884
77700 0.41589364640884
77800 0.41589364640884
77900 0.41589364640884
78000 0.41589364640884
78100 0.41589364640884
78200 0.41589364640884
78300 0.41589364640884
78400 0.41589364640884
78500 0.41589364640884
78600 0.41589364640884
78700 0.41589364640884
78800 0.41589364640884
78900 0.41589364640884
79000 0.41589364640884
79100 0.41589364640884
79200 0.41589364640884
79300 0.41589364640884
79400 0.41589364640884
79500 0.41589364640884
79600 0.41589364640884
79700 0.41589364640884
79800 0.41589364640884
79900 0.41589364640884
80000 0.41589364640884
80100 0.41589364640884
80200 0.41589364640884
80300 0.41589364640884
80400 0.41589364640884
80500 0.41589364640884
80600 0.41589364640884
80700 0.41589364640884
80800 0.41589364640884
80900 0.41589364640884
81000 0.41589364640884
81100 0.41589364640884
81200 0.41589364640884
81300 0.41589364640884
81400 0.41589364640884
81500 0.41589364640884
81600 0.41589364640884
81700 0.41589364640884
81800 0.41589364640884
81900 0.41589364640884
82000 0.41589364640884
82100 0.41589364640884
82200 0.41589364640884
82300 0.41589364640884
82400 0.41589364640884
82500 0.41589364640884
82600 0.41589364640884
82700 0.41589364640884
82800 0.41589364640884
82900 0.41589364640884
83000 0.41589364640884
83100 0.41589364640884
83200 0.41589364640884
83300 0.41589364640884
83400 0.41589364640884
83500 0.41589364640884
83600 0.41589364640884
83700 0.41589364640884
83800 0.41589364640884
83900 0.41589364640884
84000 0.41589364640884
84100 0.41589364640884
84200 0.41589364640884
84300 0.41589364640884
84400 0.41589364640884
84500 0.41589364640884
84600 0.41589364640884
84700 0.41589364640884
84800 0.41589364640884
84900 0.41589364640884
85000 0.41589364640884
85100 0.41589364640884
85200 0.41589364640884
85300 0.41589364640884
85400 0.41589364640884
85500 0.41589364640884
85600 0.41589364640884
85700 0.41589364640884
85800 0.41589364640884
85900 0.41589364640884
86000 0.41589364640884
86100 0.41589364640884
86200 0.41589364640884
86300 0.41589364640884
86400 0.41589364640884
86500 0.41589364640884
86600 0.41589364640884
86700 0.41589364640884
86800 0.41589364640884
86900 0.41589364640884
87000 0.41589364640884
87100 0.41589364640884
87200 0.41589364640884
87300 0.41589364640884
87400 0.41589364640884
87500 0.41589364640884
87600 0.41589364640884
87700 0.41589364640884
87800 0.41589364640884
87900 0.41589364640884
88000 0.41589364640884
88100 0.41589364640884
88200 0.41589364640884
88300 0.41589364640884
88400 0.41589364640884
88500 0.41589364640884
88600 0.41589364640884
88700 0.41589364640884
88800 0.41589364640884
88900 0.41589364640884
89000 0.41589364640884
89100 0.41589364640884
89200 0.41589364640884
89300 0.41589364640884
89400 0.41589364640884
89500 0.41589364640884
89600 0.41589364640884
89700 0.41589364640884
89800 0.41589364640884
89900 0.41589364640884
90000 0.41589364640884
90100 0.41589364640884
90200 0.41589364640884
90300 0.41589364640884
90400 0.41589364640884
90500 0.41589364640884
90600 0.41589364640884
90700 0.41589364640884
90800 0.41589364640884
90900 0.41589364640884
91000 0.41589364640884
91100 0.41589364640884
91200 0.41589364640884
91300 0.41589364640884
91400 0.41589364640884
91500 0.41589364640884
91600 0.41589364640884
91700 0.41589364640884
91800 0.41589364640884
91900 0.41589364640884
92000 0.41589364640884
92100 0.41589364640884
92200 0.41589364640884
92300 0.41589364640884
92400 0.41589364640884
92500 0.41589364640884
92600 0.41589364640884
92700 0.41589364640884
92800 0.41589364640884
92900 0.41589364640884
93000 0.41589364640884
93100 0.41589364640884
93200 0.41589364640884
93300 0.41589364640884
93400 0.41589364640884
93500 0.41589364640884
93600 0.41589364640884
93700 0.41589364640884
93800 0.41589364640884
93900 0.41589364640884
94000 0.41589364640884
94100 0.41589364640884
94200 0.41589364640884
94300 0.41589364640884
94400 0.41589364640884
94500 0.41589364640884
94600 0.41589364640884
94700 0.41589364640884
94800 0.41589364640884
94900 0.41589364640884
95000 0.41589364640884
95100 0.41589364640884
95200 0.41589364640884
95300 0.41589364640884
95400 0.41589364640884
95500 0.41589364640884
95600 0.41589364640884
95700 0.41589364640884
95800 0.41589364640884
95900 0.41589364640884
96000 0.41589364640884
96100 0.41589364640884
96200 0.41589364640884
96300 0.41589364640884
96400 0.41589364640884
96500 0.41589364640884
96600 0.41589364640884
96700 0.41589364640884
96800 0.41589364640884
96900 0.41589364640884
97000 0.41589364640884
97100 0.41589364640884
97200 0.41589364640884
97300 0.41589364640884
97400 0.41589364640884
97500 0.41589364640884
97600 0.41589364640884
97700 0.41589364640884
97800 0.41589364640884
97900 0.41589364640884
98000 0.41589364640884
98100 0.41589364640884
98200 0.41589364640884
98300 0.41589364640884
98400 0.41589364640884
98500 0.41589364640884
98600 0.41589364640884
98700 0.41589364640884
98800 0.41589364640884
98900 0.41589364640884
99000 0.41589364640884
99100 0.41589364640884
99200 0.41589364640884
99300 0.41589364640884
99400 0.41589364640884
99500 0.41589364640884
99600 0.41589364640884
99700 0.41589364640884
99800 0.41589364640884
99900 0.41589364640884
100000 0.41589364640884
100100 0.41589364640884
100200 0.41589364640884
100300 0.41589364640884
100400 0.41589364640884
100500 0.41589364640884
100600 0.41589364640884
100700 0.41589364640884
100800 0.41589364640884
100900 0.41589364640884
101000 0.41589364640884
101100 0.41589364640884
101200 0.41589364640884
101300 0.41589364640884
101400 0.41589364640884
101500 0.41589364640884
101600 0.41589364640884
101700 0.41589364640884
101800 0.41589364640884
101900 0.41589364640884
102000 0.41589364640884
102100 0.41589364640884
102200 0.41589364640884
102300 0.41589364640884
102400 0.41589364640884
102500 0.41589364640884
102600 0.41589364640884
102700 0.41589364640884
102800 0.41589364640884
102900 0.41589364640884
103000 0.41589364640884
103100 0.41589364640884
103200 0.41589364640884
103300 0.41589364640884
103400 0.41589364640884
103500 0.41589364640884
103600 0.41589364640884
103700 0.41589364640884
103800 0.41589364640884
103900 0.41589364640884
104000 0.41589364640884
104100 0.41589364640884
104200 0.41589364640884
104300 0.41589364640884
104400 0.41589364640884
104500 0.41589364640884
104600 0.41589364640884
104700 0.41589364640884
104800 0.41589364640884
104900 0.41589364640884
105000 0.41589364640884
105100 0.41589364640884
105200 0.41589364640884
105300 0.41589364640884
105400 0.41589364640884
105500 0.41589364640884
105600 0.41589364640884
105700 0.41589364640884
105800 0.41589364640884
105900 0.41589364640884
106000 0.41589364640884
106100 0.41589364640884
106200 0.41589364640884
106300 0.41589364640884
106400 0.41589364640884
106500 0.41589364640884
106600 0.41589364640884
106700 0.41589364640884
106800 0.41589364640884
106900 0.41589364640884
107000 0.41589364640884
107100 0.41589364640884
107200 0.41589364640884
107300 0.41589364640884
107400 0.41589364640884
107500 0.41589364640884
107600 0.41589364640884
107700 0.41589364640884
107800 0.41589364640884
107900 0.41589364640884
108000 0.41589364640884
108100 0.41589364640884
108200 0.41589364640884
108300 0.41589364640884
108400 0.41589364640884
108500 0.41589364640884
108600 0.41589364640884
108700 0.41589364640884
108800 0.41589364640884
108900 0.41589364640884
109000 0.41589364640884
109100 0.41589364640884
109200 0.41589364640884
109300 0.41589364640884
109400 0.41589364640884
109500 0.41589364640884
109600 0.41589364640884
109700 0.41589364640884
109800 0.41589364640884
109900 0.41589364640884
110000 0.41589364640884
110100 0.41589364640884
110200 0.41589364640884
110300 0.41589364640884
110400 0.41589364640884
110500 0.41589364640884
110600 0.41589364640884
110700 0.41589364640884
110800 0.41589364640884
110900 0.41589364640884
111000 0.41589364640884
111100 0.41589364640884
111200 0.41589364640884
111300 0.41589364640884
111400 0.41589364640884
111500 0.41589364640884
111600 0.41589364640884
111700 0.41589364640884
111800 0.41589364640884
111900 0.41589364640884
112000 0.41589364640884
112100 0.41589364640884
112200 0.41589364640884
112300 0.41589364640884
112400 0.41589364640884
112500 0.41589364640884
112600 0.41589364640884
112700 0.41589364640884
112800 0.41589364640884
112900 0.41589364640884
113000 0.41589364640884
113100 0.41589364640884
113200 0.41589364640884
113300 0.41589364640884
113400 0.41589364640884
113500 0.41589364640884
113600 0.41589364640884
113700 0.41589364640884
113800 0.41589364640884
113900 0.41589364640884
114000 0.41589364640884
114100 0.41589364640884
114200 0.41589364640884
114300 0.41589364640884
114400 0.41589364640884
114500 0.41589364640884
114600 0.41589364640884
114700 0.41589364640884
114800 0.41589364640884
114900 0.41589364640884
115000 0.41589364640884
115100 0.41589364640884
115200 0.41589364640884
115300 0.41589364640884
115400 0.41589364640884
115500 0.41589364640884
115600 0.41589364640884
115700 0.41589364640884
115800 0.41589364640884
115900 0.41589364640884
116000 0.41589364640884
116100 0.41589364640884
116200 0.41589364640884
116300 0.41589364640884
116400 0.41589364640884
116500 0.41589364640884
116600 0.41589364640884
116700 0.41589364640884
116800 0.41589364640884
116900 0.41589364640884
117000 0.41589364640884
117100 0.41589364640884
117200 0.41589364640884
117300 0.41589364640884
117400 0.41589364640884
117500 0.41589364640884
117600 0.41589364640884
117700 0.41589364640884
117800 0.41589364640884
117900 0.41589364640884
118000 0.41589364640884
118100 0.41589364640884
118200 0.41589364640884
118300 0.41589364640884
118400 0.41589364640884
118500 0.41589364640884
118600 0.41589364640884
118700 0.41589364640884
118800 0.41589364640884
118900 0.41589364640884
119000 0.41589364640884
119100 0.41589364640884
119200 0.41589364640884
119300 0.41589364640884
119400 0.41589364640884
119500 0.41589364640884
119600 0.41589364640884
119700 0.41589364640884
119800 0.41589364640884
119900 0.41589364640884
120000 0.41589364640884
120100 0.41589364640884
120200 0.41589364640884
120300 0.41589364640884
120400 0.41589364640884
120500 0.41589364640884
120600 0.41589364640884
120700 0.41589364640884
120800 0.41589364640884
120900 0.41589364640884
121000 0.41589364640884
121100 0.41589364640884
121200 0.41589364640884
121300 0.41589364640884
121400 0.41589364640884
121500 0.41589364640884
121600 0.41589364640884
121700 0.41589364640884
121800 0.41589364640884
121900 0.41589364640884
122000 0.41589364640884
122100 0.41589364640884
122200 0.41589364640884
122300 0.41589364640884
122400 0.41589364640884
122500 0.41589364640884
122600 0.41589364640884
122700 0.41589364640884
122800 0.41589364640884
122900 0.41589364640884
123000 0.41589364640884
123100 0.41589364640884
123200 0.41589364640884
123300 0.41589364640884
123400 0.41589364640884
123500 0.41589364640884
123600 0.41589364640884
123700 0.41589364640884
123800 0.41589364640884
123900 0.41589364640884
124000 0.41589364640884
124100 0.41589364640884
124200 0.41589364640884
124300 0.41589364640884
124400 0.41589364640884
124500 0.41589364640884
124600 0.41589364640884
124700 0.41589364640884
124800 0.41589364640884
124900 0.41589364640884
125000 0.41589364640884
125100 0.41589364640884
125200 0.41589364640884
125300 0.41589364640884
125400 0.41589364640884
125500 0.41589364640884
125600 0.41589364640884
125700 0.41589364640884
125800 0.41589364640884
125900 0.41589364640884
126000 0.41589364640884
126100 0.41589364640884
126200 0.41589364640884
126300 0.41589364640884
126400 0.41589364640884
126500 0.41589364640884
126600 0.41589364640884
126700 0.41589364640884
126800 0.41589364640884
126900 0.41589364640884
127000 0.41589364640884
127100 0.41589364640884
127200 0.41589364640884
127300 0.41589364640884
127400 0.41589364640884
127500 0.41589364640884
127600 0.41589364640884
127700 0.41589364640884
127800 0.41589364640884
127900 0.41589364640884
128000 0.41589364640884
128100 0.41589364640884
128200 0.41589364640884
128300 0.41589364640884
128400 0.41589364640884
128500 0.41589364640884
128600 0.41589364640884
128700 0.41589364640884
128800 0.41589364640884
128900 0.41589364640884
129000 0.41589364640884
129100 0.41589364640884
129200 0.41589364640884
129300 0.41589364640884
129400 0.41589364640884
129500 0.41589364640884
129600 0.41589364640884
129700 0.41589364640884
129800 0.41589364640884
129900 0.41589364640884
130000 0.41589364640884
130100 0.41589364640884
130200 0.41589364640884
130300 0.41589364640884
130400 0.41589364640884
130500 0.41589364640884
130600 0.41589364640884
130700 0.41589364640884
130800 0.41589364640884
130900 0.41589364640884
131000 0.41589364640884
131100 0.41589364640884
131200 0.41589364640884
131300 0.41589364640884
131400 0.41589364640884
131500 0.41589364640884
131600 0.41589364640884
131700 0.41589364640884
131800 0.41589364640884
131900 0.41589364640884
132000 0.41589364640884
132100 0.41589364640884
132200 0.41589364640884
132300 0.41589364640884
132400 0.41589364640884
132500 0.41589364640884
132600 0.41589364640884
132700 0.41589364640884
132800 0.41589364640884
132900 0.41589364640884
133000 0.41589364640884
133100 0.41589364640884
133200 0.41589364640884
133300 0.41589364640884
133400 0.41589364640884
133500 0.41589364640884
133600 0.41589364640884
133700 0.41589364640884
133800 0.41589364640884
133900 0.41589364640884
134000 0.41589364640884
134100 0.41589364640884
134200 0.41589364640884
134300 0.41589364640884
134400 0.41589364640884
134500 0.41589364640884
134600 0.41589364640884
134700 0.41589364640884
134800 0.41589364640884
134900 0.41589364640884
135000 0.41589364640884
135100 0.41589364640884
135200 0.41589364640884
135300 0.41589364640884
135400 0.41589364640884
135500 0.41589364640884
135600 0.41589364640884
135700 0.41589364640884
135800 0.41589364640884
135900 0.41589364640884
136000 0.41589364640884
136100 0.41589364640884
136200 0.41589364640884
136300 0.41589364640884
136400 0.41589364640884
136500 0.41589364640884
136600 0.41589364640884
136700 0.41589364640884
136800 0.41589364640884
136900 0.41589364640884
137000 0.41589364640884
137100 0.41589364640884
137200 0.41589364640884
137300 0.41589364640884
137400 0.41589364640884
137500 0.41589364640884
137600 0.41589364640884
137700 0.41589364640884
137800 0.41589364640884
137900 0.41589364640884
138000 0.41589364640884
138100 0.41589364640884
138200 0.41589364640884
138300 0.41589364640884
138400 0.41589364640884
138500 0.41589364640884
138600 0.41589364640884
138700 0.41589364640884
138800 0.41589364640884
138900 0.41589364640884
139000 0.41589364640884
139100 0.41589364640884
139200 0.41589364640884
139300 0.41589364640884
139400 0.41589364640884
139500 0.41589364640884
139600 0.41589364640884
139700 0.41589364640884
139800 0.41589364640884
139900 0.41589364640884
140000 0.41589364640884
140100 0.41589364640884
140200 0.41589364640884
140300 0.41589364640884
140400 0.41589364640884
140500 0.41589364640884
140600 0.41589364640884
140700 0.41589364640884
140800 0.41589364640884
140900 0.41589364640884
141000 0.41589364640884
141100 0.41589364640884
141200 0.41589364640884
141300 0.41589364640884
141400 0.41589364640884
141500 0.41589364640884
141600 0.41589364640884
141700 0.41589364640884
141800 0.41589364640884
141900 0.41589364640884
142000 0.41589364640884
142100 0.41589364640884
142200 0.41589364640884
142300 0.41589364640884
142400 0.41589364640884
142500 0.41589364640884
142600 0.41589364640884
142700 0.41589364640884
142800 0.41589364640884
142900 0.41589364640884
143000 0.41589364640884
143100 0.41589364640884
143200 0.41589364640884
143300 0.41589364640884
143400 0.41589364640884
143500 0.41589364640884
143600 0.41589364640884
143700 0.41589364640884
143800 0.41589364640884
143900 0.41589364640884
144000 0.41589364640884
144100 0.41589364640884
144200 0.41589364640884
144300 0.41589364640884
144400 0.41589364640884
144500 0.41589364640884
144600 0.41589364640884
144700 0.41589364640884
144800 0.41589364640884
144900 0.41589364640884
145000 0.41589364640884
145100 0.41589364640884
145200 0.41589364640884
145300 0.41589364640884
145400 0.41589364640884
145500 0.41589364640884
145600 0.41589364640884
145700 0.41589364640884
145800 0.41589364640884
145900 0.41589364640884
146000 0.41589364640884
146100 0.41589364640884
146200 0.41589364640884
146300 0.41589364640884
146400 0.41589364640884
146500 0.41589364640884
146600 0.41589364640884
146700 0.41589364640884
146800 0.41589364640884
146900 0.41589364640884
147000 0.41589364640884
147100 0.41589364640884
147200 0.41589364640884
147300 0.41589364640884
147400 0.41589364640884
147500 0.41589364640884
147600 0.41589364640884
147700 0.41589364640884
147800 0.41589364640884
147900 0.41589364640884
148000 0.41589364640884
148100 0.41589364640884
148200 0.41589364640884
148300 0.41589364640884
148400 0.41589364640884
148500 0.41589364640884
148600 0.41589364640884
148700 0.41589364640884
148800 0.41589364640884
148900 0.41589364640884
149000 0.41589364640884
149100 0.41589364640884
149200 0.41589364640884
149300 0.41589364640884
149400 0.41589364640884
149500 0.41589364640884
149600 0.41589364640884
149700 0.41589364640884
149800 0.41589364640884
149900 0.41589364640884
150000 0.41589364640884
