/*--------------------------------*- C++ -*----------------------------------*\
  =========                 |
  \\      /  F ield         | OpenFOAM: The Open Source CFD Toolbox
   \\    /   O peration     | Website:  https://openfoam.org
    \\  /    A nd           | Version:  6
     \\/     M anipulation  |
\*---------------------------------------------------------------------------*/
FoamFile
{
    version     2.0;
    format      ascii;
    class       volScalarField;
    location    "19";
    object      T;
}
// * * * * * * * * * * * * * * * * * * * * * * * * * * * * * * * * * * * * * //

dimensions      [0 0 0 1 0 0 0];

internalField   nonuniform List<scalar> 
5000
(
0.597619
0.597523
0.597331
0.597043
0.596659
0.59618
0.595605
0.594937
0.594175
0.593319
0.592372
0.591333
0.590205
0.588987
0.587681
0.586289
0.584812
0.583251
0.581607
0.579884
0.578081
0.576201
0.574247
0.572218
0.570119
0.56795
0.565714
0.563414
0.561051
0.558627
0.556146
0.553609
0.551019
0.548379
0.545692
0.542959
0.540183
0.537368
0.534517
0.531631
0.528714
0.525768
0.522797
0.519804
0.516791
0.513761
0.510718
0.507665
0.504603
0.501538
0.498471
0.495405
0.492344
0.48929
0.486247
0.483217
0.480204
0.477211
0.47424
0.471295
0.468378
0.465492
0.46264
0.459825
0.45705
0.454317
0.451629
0.448989
0.446399
0.443863
0.441381
0.438958
0.436595
0.434294
0.432059
0.42989
0.42779
0.425762
0.423807
0.421928
0.420125
0.418401
0.416758
0.415197
0.41372
0.412328
0.411022
0.409805
0.408676
0.407637
0.40669
0.405835
0.405073
0.404404
0.40383
0.40335
0.402967
0.402678
0.402486
0.40239
0.597619
0.597524
0.597332
0.597043
0.59666
0.59618
0.595606
0.594937
0.594175
0.59332
0.592372
0.591334
0.590205
0.588987
0.587682
0.58629
0.584812
0.583251
0.581608
0.579884
0.578082
0.576202
0.574247
0.572219
0.570119
0.567951
0.565715
0.563414
0.561051
0.558627
0.556146
0.553609
0.55102
0.54838
0.545692
0.542959
0.540184
0.537369
0.534517
0.531631
0.528714
0.525768
0.522797
0.519804
0.516791
0.513761
0.510718
0.507665
0.504603
0.501538
0.49847
0.495405
0.492343
0.48929
0.486247
0.483217
0.480204
0.477211
0.47424
0.471295
0.468377
0.465492
0.46264
0.459825
0.457049
0.454317
0.451629
0.448989
0.446399
0.443862
0.441381
0.438958
0.436594
0.434294
0.432058
0.429889
0.42779
0.425762
0.423807
0.421927
0.420125
0.418401
0.416758
0.415197
0.41372
0.412327
0.411022
0.409804
0.408675
0.407637
0.40669
0.405834
0.405072
0.404403
0.403829
0.40335
0.402966
0.402678
0.402486
0.40239
0.59762
0.597524
0.597332
0.597044
0.59666
0.596181
0.595607
0.594938
0.594176
0.59332
0.592373
0.591334
0.590206
0.588988
0.587682
0.58629
0.584813
0.583252
0.581608
0.579885
0.578082
0.576202
0.574247
0.572219
0.57012
0.567951
0.565715
0.563415
0.561051
0.558628
0.556146
0.55361
0.55102
0.54838
0.545692
0.542959
0.540184
0.537369
0.534517
0.531631
0.528714
0.525768
0.522797
0.519804
0.516791
0.513761
0.510718
0.507665
0.504603
0.501538
0.49847
0.495405
0.492343
0.48929
0.486247
0.483217
0.480204
0.477211
0.47424
0.471294
0.468377
0.465491
0.462639
0.459825
0.457049
0.454316
0.451629
0.448989
0.446399
0.443862
0.441381
0.438957
0.436594
0.434293
0.432058
0.429889
0.42779
0.425761
0.423807
0.421927
0.420124
0.418401
0.416757
0.415196
0.413719
0.412327
0.411021
0.409804
0.408675
0.407636
0.406689
0.405834
0.405071
0.404403
0.403829
0.403349
0.402965
0.402677
0.402485
0.40239
0.59762
0.597525
0.597333
0.597044
0.596661
0.596181
0.595607
0.594938
0.594176
0.593321
0.592373
0.591335
0.590206
0.588988
0.587683
0.58629
0.584813
0.583252
0.581609
0.579885
0.578082
0.576203
0.574248
0.57222
0.57012
0.567951
0.565715
0.563415
0.561052
0.558628
0.556147
0.55361
0.55102
0.54838
0.545692
0.542959
0.540184
0.537369
0.534517
0.531631
0.528714
0.525768
0.522798
0.519804
0.516791
0.513762
0.510718
0.507665
0.504603
0.501538
0.49847
0.495405
0.492343
0.48929
0.486247
0.483217
0.480204
0.477211
0.47424
0.471294
0.468377
0.465491
0.462639
0.459824
0.457049
0.454316
0.451628
0.448988
0.446399
0.443862
0.44138
0.438957
0.436594
0.434293
0.432057
0.429889
0.427789
0.425761
0.423806
0.421926
0.420124
0.4184
0.416757
0.415196
0.413719
0.412326
0.411021
0.409803
0.408674
0.407636
0.406689
0.405833
0.405071
0.404402
0.403828
0.403349
0.402965
0.402677
0.402485
0.402389
0.597621
0.597525
0.597333
0.597045
0.596661
0.596182
0.595608
0.594939
0.594177
0.593321
0.592374
0.591335
0.590207
0.588989
0.587683
0.586291
0.584814
0.583252
0.581609
0.579885
0.578083
0.576203
0.574248
0.57222
0.57012
0.567952
0.565716
0.563415
0.561052
0.558628
0.556147
0.55361
0.55102
0.54838
0.545692
0.542959
0.540184
0.537369
0.534517
0.531631
0.528714
0.525769
0.522798
0.519804
0.516791
0.513762
0.510718
0.507665
0.504603
0.501538
0.49847
0.495405
0.492343
0.48929
0.486246
0.483217
0.480204
0.47721
0.47424
0.471294
0.468377
0.465491
0.462639
0.459824
0.457049
0.454316
0.451628
0.448988
0.446398
0.443861
0.44138
0.438957
0.436593
0.434293
0.432057
0.429888
0.427789
0.425761
0.423806
0.421926
0.420123
0.4184
0.416756
0.415195
0.413718
0.412326
0.41102
0.409803
0.408674
0.407635
0.406688
0.405833
0.405071
0.404402
0.403828
0.403348
0.402965
0.402677
0.402485
0.402389
0.597621
0.597526
0.597334
0.597045
0.596662
0.596182
0.595608
0.594939
0.594177
0.593322
0.592374
0.591336
0.590207
0.588989
0.587683
0.586291
0.584814
0.583253
0.58161
0.579886
0.578083
0.576203
0.574248
0.57222
0.570121
0.567952
0.565716
0.563415
0.561052
0.558629
0.556147
0.55361
0.551021
0.54838
0.545693
0.54296
0.540184
0.537369
0.534517
0.531631
0.528714
0.525769
0.522798
0.519804
0.516791
0.513762
0.510718
0.507665
0.504603
0.501538
0.49847
0.495405
0.492343
0.48929
0.486246
0.483217
0.480204
0.47721
0.474239
0.471294
0.468377
0.465491
0.462639
0.459824
0.457049
0.454316
0.451628
0.448988
0.446398
0.443861
0.44138
0.438956
0.436593
0.434292
0.432057
0.429888
0.427788
0.42576
0.423805
0.421926
0.420123
0.418399
0.416756
0.415195
0.413718
0.412326
0.41102
0.409802
0.408674
0.407635
0.406688
0.405832
0.40507
0.404402
0.403827
0.403348
0.402964
0.402676
0.402484
0.402388
0.597622
0.597526
0.597334
0.597046
0.596662
0.596183
0.595608
0.59494
0.594177
0.593322
0.592375
0.591336
0.590207
0.58899
0.587684
0.586292
0.584814
0.583253
0.58161
0.579886
0.578083
0.576204
0.574249
0.572221
0.570121
0.567952
0.565716
0.563416
0.561052
0.558629
0.556147
0.553611
0.551021
0.548381
0.545693
0.54296
0.540184
0.537369
0.534518
0.531632
0.528714
0.525769
0.522798
0.519804
0.516791
0.513762
0.510719
0.507665
0.504603
0.501538
0.49847
0.495405
0.492343
0.489289
0.486246
0.483217
0.480204
0.47721
0.474239
0.471294
0.468377
0.465491
0.462639
0.459824
0.457048
0.454315
0.451628
0.448987
0.446398
0.443861
0.44138
0.438956
0.436593
0.434292
0.432056
0.429888
0.427788
0.42576
0.423805
0.421925
0.420123
0.418399
0.416756
0.415195
0.413717
0.412325
0.41102
0.409802
0.408673
0.407635
0.406687
0.405832
0.40507
0.404401
0.403827
0.403348
0.402964
0.402676
0.402484
0.402388
0.597622
0.597526
0.597334
0.597046
0.596662
0.596183
0.595609
0.59494
0.594178
0.593322
0.592375
0.591336
0.590208
0.58899
0.587684
0.586292
0.584815
0.583254
0.58161
0.579886
0.578084
0.576204
0.574249
0.572221
0.570121
0.567952
0.565717
0.563416
0.561053
0.558629
0.556148
0.553611
0.551021
0.548381
0.545693
0.54296
0.540185
0.53737
0.534518
0.531632
0.528714
0.525769
0.522798
0.519804
0.516791
0.513762
0.510719
0.507665
0.504603
0.501538
0.49847
0.495404
0.492343
0.489289
0.486246
0.483217
0.480204
0.47721
0.474239
0.471294
0.468376
0.46549
0.462639
0.459823
0.457048
0.454315
0.451627
0.448987
0.446397
0.443861
0.441379
0.438956
0.436592
0.434292
0.432056
0.429887
0.427788
0.42576
0.423805
0.421925
0.420122
0.418399
0.416755
0.415194
0.413717
0.412325
0.411019
0.409801
0.408673
0.407634
0.406687
0.405832
0.405069
0.404401
0.403827
0.403347
0.402963
0.402675
0.402483
0.402388
0.597623
0.597527
0.597335
0.597047
0.596663
0.596183
0.595609
0.594941
0.594178
0.593323
0.592375
0.591337
0.590208
0.58899
0.587685
0.586292
0.584815
0.583254
0.581611
0.579887
0.578084
0.576204
0.574249
0.572221
0.570121
0.567953
0.565717
0.563416
0.561053
0.558629
0.556148
0.553611
0.551021
0.548381
0.545693
0.54296
0.540185
0.53737
0.534518
0.531632
0.528715
0.525769
0.522798
0.519804
0.516791
0.513762
0.510719
0.507665
0.504603
0.501538
0.49847
0.495404
0.492343
0.489289
0.486246
0.483217
0.480203
0.47721
0.474239
0.471293
0.468376
0.46549
0.462638
0.459823
0.457048
0.454315
0.451627
0.448987
0.446397
0.44386
0.441379
0.438955
0.436592
0.434292
0.432056
0.429887
0.427788
0.425759
0.423804
0.421925
0.420122
0.418398
0.416755
0.415194
0.413717
0.412324
0.411019
0.409801
0.408672
0.407634
0.406687
0.405831
0.405069
0.4044
0.403826
0.403347
0.402963
0.402675
0.402483
0.402387
0.597623
0.597527
0.597335
0.597047
0.596663
0.596184
0.59561
0.594941
0.594179
0.593323
0.592376
0.591337
0.590208
0.588991
0.587685
0.586293
0.584815
0.583254
0.581611
0.579887
0.578084
0.576205
0.57425
0.572221
0.570122
0.567953
0.565717
0.563416
0.561053
0.558629
0.556148
0.553611
0.551021
0.548381
0.545693
0.54296
0.540185
0.53737
0.534518
0.531632
0.528715
0.525769
0.522798
0.519804
0.516791
0.513762
0.510719
0.507665
0.504603
0.501538
0.49847
0.495404
0.492343
0.489289
0.486246
0.483216
0.480203
0.47721
0.474239
0.471293
0.468376
0.46549
0.462638
0.459823
0.457048
0.454315
0.451627
0.448987
0.446397
0.44386
0.441379
0.438955
0.436592
0.434291
0.432055
0.429887
0.427787
0.425759
0.423804
0.421924
0.420122
0.418398
0.416755
0.415194
0.413716
0.412324
0.411019
0.409801
0.408672
0.407634
0.406686
0.405831
0.405069
0.4044
0.403826
0.403347
0.402963
0.402675
0.402483
0.402387
0.597623
0.597528
0.597335
0.597047
0.596663
0.596184
0.59561
0.594941
0.594179
0.593324
0.592376
0.591337
0.590209
0.588991
0.587685
0.586293
0.584816
0.583254
0.581611
0.579887
0.578085
0.576205
0.57425
0.572222
0.570122
0.567953
0.565717
0.563417
0.561053
0.55863
0.556148
0.553611
0.551022
0.548381
0.545693
0.54296
0.540185
0.53737
0.534518
0.531632
0.528715
0.525769
0.522798
0.519805
0.516791
0.513762
0.510719
0.507665
0.504603
0.501538
0.49847
0.495404
0.492343
0.489289
0.486246
0.483216
0.480203
0.47721
0.474239
0.471293
0.468376
0.46549
0.462638
0.459823
0.457048
0.454315
0.451627
0.448987
0.446397
0.44386
0.441379
0.438955
0.436592
0.434291
0.432055
0.429887
0.427787
0.425759
0.423804
0.421924
0.420121
0.418398
0.416754
0.415193
0.413716
0.412324
0.411018
0.409801
0.408672
0.407633
0.406686
0.405831
0.405068
0.4044
0.403826
0.403346
0.402962
0.402674
0.402482
0.402387
0.597624
0.597528
0.597336
0.597048
0.596664
0.596184
0.59561
0.594941
0.594179
0.593324
0.592376
0.591338
0.590209
0.588991
0.587685
0.586293
0.584816
0.583255
0.581611
0.579888
0.578085
0.576205
0.57425
0.572222
0.570122
0.567953
0.565718
0.563417
0.561053
0.55863
0.556148
0.553611
0.551022
0.548381
0.545694
0.542961
0.540185
0.53737
0.534518
0.531632
0.528715
0.525769
0.522798
0.519805
0.516791
0.513762
0.510719
0.507665
0.504603
0.501538
0.49847
0.495404
0.492343
0.489289
0.486246
0.483216
0.480203
0.47721
0.474239
0.471293
0.468376
0.46549
0.462638
0.459823
0.457047
0.454314
0.451627
0.448986
0.446397
0.44386
0.441378
0.438955
0.436592
0.434291
0.432055
0.429886
0.427787
0.425759
0.423804
0.421924
0.420121
0.418397
0.416754
0.415193
0.413716
0.412324
0.411018
0.4098
0.408672
0.407633
0.406686
0.40583
0.405068
0.404399
0.403825
0.403346
0.402962
0.402674
0.402482
0.402387
0.597624
0.597528
0.597336
0.597048
0.596664
0.596185
0.59561
0.594942
0.594179
0.593324
0.592377
0.591338
0.590209
0.588991
0.587686
0.586293
0.584816
0.583255
0.581612
0.579888
0.578085
0.576205
0.57425
0.572222
0.570122
0.567954
0.565718
0.563417
0.561054
0.55863
0.556149
0.553612
0.551022
0.548382
0.545694
0.542961
0.540185
0.53737
0.534518
0.531632
0.528715
0.525769
0.522798
0.519805
0.516792
0.513762
0.510719
0.507665
0.504603
0.501538
0.49847
0.495404
0.492343
0.489289
0.486246
0.483216
0.480203
0.47721
0.474239
0.471293
0.468376
0.46549
0.462638
0.459823
0.457047
0.454314
0.451626
0.448986
0.446396
0.44386
0.441378
0.438955
0.436591
0.434291
0.432055
0.429886
0.427787
0.425758
0.423803
0.421924
0.420121
0.418397
0.416754
0.415193
0.413716
0.412323
0.411018
0.4098
0.408671
0.407633
0.406685
0.40583
0.405068
0.404399
0.403825
0.403346
0.402962
0.402674
0.402482
0.402386
0.597624
0.597528
0.597336
0.597048
0.596664
0.596185
0.595611
0.594942
0.59418
0.593324
0.592377
0.591338
0.590209
0.588992
0.587686
0.586294
0.584816
0.583255
0.581612
0.579888
0.578085
0.576205
0.57425
0.572222
0.570123
0.567954
0.565718
0.563417
0.561054
0.55863
0.556149
0.553612
0.551022
0.548382
0.545694
0.542961
0.540185
0.53737
0.534518
0.531632
0.528715
0.525769
0.522798
0.519805
0.516792
0.513762
0.510719
0.507665
0.504603
0.501537
0.49847
0.495404
0.492343
0.489289
0.486246
0.483216
0.480203
0.47721
0.474239
0.471293
0.468376
0.46549
0.462638
0.459823
0.457047
0.454314
0.451626
0.448986
0.446396
0.443859
0.441378
0.438954
0.436591
0.43429
0.432055
0.429886
0.427786
0.425758
0.423803
0.421923
0.420121
0.418397
0.416754
0.415193
0.413715
0.412323
0.411018
0.4098
0.408671
0.407632
0.406685
0.40583
0.405068
0.404399
0.403825
0.403346
0.402962
0.402674
0.402482
0.402386
0.597624
0.597529
0.597337
0.597048
0.596664
0.596185
0.595611
0.594942
0.59418
0.593325
0.592377
0.591338
0.59021
0.588992
0.587686
0.586294
0.584816
0.583255
0.581612
0.579888
0.578085
0.576206
0.574251
0.572222
0.570123
0.567954
0.565718
0.563417
0.561054
0.55863
0.556149
0.553612
0.551022
0.548382
0.545694
0.542961
0.540185
0.53737
0.534518
0.531632
0.528715
0.525769
0.522798
0.519805
0.516792
0.513762
0.510719
0.507665
0.504603
0.501537
0.49847
0.495404
0.492343
0.489289
0.486246
0.483216
0.480203
0.477209
0.474238
0.471293
0.468376
0.46549
0.462638
0.459822
0.457047
0.454314
0.451626
0.448986
0.446396
0.443859
0.441378
0.438954
0.436591
0.43429
0.432054
0.429886
0.427786
0.425758
0.423803
0.421923
0.420121
0.418397
0.416753
0.415192
0.413715
0.412323
0.411017
0.4098
0.408671
0.407632
0.406685
0.40583
0.405067
0.404399
0.403825
0.403345
0.402961
0.402673
0.402482
0.402386
0.597625
0.597529
0.597337
0.597049
0.596665
0.596185
0.595611
0.594942
0.59418
0.593325
0.592377
0.591339
0.59021
0.588992
0.587686
0.586294
0.584817
0.583256
0.581612
0.579888
0.578086
0.576206
0.574251
0.572222
0.570123
0.567954
0.565718
0.563417
0.561054
0.55863
0.556149
0.553612
0.551022
0.548382
0.545694
0.542961
0.540185
0.53737
0.534518
0.531632
0.528715
0.525769
0.522798
0.519805
0.516792
0.513762
0.510719
0.507665
0.504603
0.501537
0.49847
0.495404
0.492343
0.489289
0.486246
0.483216
0.480203
0.477209
0.474238
0.471293
0.468375
0.465489
0.462637
0.459822
0.457047
0.454314
0.451626
0.448986
0.446396
0.443859
0.441378
0.438954
0.436591
0.43429
0.432054
0.429886
0.427786
0.425758
0.423803
0.421923
0.42012
0.418397
0.416753
0.415192
0.413715
0.412323
0.411017
0.409799
0.408671
0.407632
0.406685
0.405829
0.405067
0.404399
0.403824
0.403345
0.402961
0.402673
0.402481
0.402386
0.597625
0.597529
0.597337
0.597049
0.596665
0.596186
0.595611
0.594943
0.59418
0.593325
0.592377
0.591339
0.59021
0.588992
0.587686
0.586294
0.584817
0.583256
0.581612
0.579888
0.578086
0.576206
0.574251
0.572223
0.570123
0.567954
0.565718
0.563417
0.561054
0.55863
0.556149
0.553612
0.551022
0.548382
0.545694
0.542961
0.540186
0.53737
0.534518
0.531632
0.528715
0.525769
0.522798
0.519805
0.516792
0.513762
0.510719
0.507665
0.504603
0.501537
0.49847
0.495404
0.492343
0.489289
0.486246
0.483216
0.480203
0.477209
0.474238
0.471293
0.468375
0.465489
0.462637
0.459822
0.457047
0.454314
0.451626
0.448986
0.446396
0.443859
0.441378
0.438954
0.436591
0.43429
0.432054
0.429885
0.427786
0.425758
0.423803
0.421923
0.42012
0.418396
0.416753
0.415192
0.413715
0.412323
0.411017
0.409799
0.40867
0.407632
0.406685
0.405829
0.405067
0.404398
0.403824
0.403345
0.402961
0.402673
0.402481
0.402385
0.597625
0.597529
0.597337
0.597049
0.596665
0.596186
0.595611
0.594943
0.59418
0.593325
0.592378
0.591339
0.59021
0.588992
0.587687
0.586294
0.584817
0.583256
0.581612
0.579889
0.578086
0.576206
0.574251
0.572223
0.570123
0.567954
0.565718
0.563418
0.561054
0.558631
0.556149
0.553612
0.551022
0.548382
0.545694
0.542961
0.540186
0.53737
0.534518
0.531632
0.528715
0.525769
0.522798
0.519805
0.516792
0.513762
0.510719
0.507665
0.504603
0.501537
0.49847
0.495404
0.492343
0.489289
0.486246
0.483216
0.480203
0.477209
0.474238
0.471293
0.468375
0.465489
0.462637
0.459822
0.457047
0.454314
0.451626
0.448986
0.446396
0.443859
0.441378
0.438954
0.436591
0.43429
0.432054
0.429885
0.427786
0.425757
0.423802
0.421923
0.42012
0.418396
0.416753
0.415192
0.413715
0.412322
0.411017
0.409799
0.40867
0.407632
0.406684
0.405829
0.405067
0.404398
0.403824
0.403345
0.402961
0.402673
0.402481
0.402385
0.597625
0.597529
0.597337
0.597049
0.596665
0.596186
0.595612
0.594943
0.59418
0.593325
0.592378
0.591339
0.59021
0.588992
0.587687
0.586294
0.584817
0.583256
0.581613
0.579889
0.578086
0.576206
0.574251
0.572223
0.570123
0.567954
0.565718
0.563418
0.561054
0.558631
0.556149
0.553612
0.551022
0.548382
0.545694
0.542961
0.540186
0.53737
0.534518
0.531632
0.528715
0.525769
0.522798
0.519805
0.516792
0.513762
0.510719
0.507665
0.504603
0.501537
0.49847
0.495404
0.492343
0.489289
0.486246
0.483216
0.480203
0.477209
0.474238
0.471293
0.468375
0.465489
0.462637
0.459822
0.457047
0.454314
0.451626
0.448986
0.446396
0.443859
0.441377
0.438954
0.436591
0.43429
0.432054
0.429885
0.427786
0.425757
0.423802
0.421923
0.42012
0.418396
0.416753
0.415192
0.413714
0.412322
0.411017
0.409799
0.40867
0.407632
0.406684
0.405829
0.405067
0.404398
0.403824
0.403345
0.402961
0.402673
0.402481
0.402385
0.597625
0.597529
0.597337
0.597049
0.596665
0.596186
0.595612
0.594943
0.594181
0.593325
0.592378
0.591339
0.59021
0.588992
0.587687
0.586295
0.584817
0.583256
0.581613
0.579889
0.578086
0.576206
0.574251
0.572223
0.570123
0.567954
0.565718
0.563418
0.561054
0.558631
0.556149
0.553612
0.551022
0.548382
0.545694
0.542961
0.540186
0.53737
0.534518
0.531632
0.528715
0.525769
0.522798
0.519805
0.516792
0.513762
0.510719
0.507665
0.504603
0.501537
0.49847
0.495404
0.492343
0.489289
0.486246
0.483216
0.480203
0.477209
0.474238
0.471293
0.468375
0.465489
0.462637
0.459822
0.457047
0.454314
0.451626
0.448986
0.446396
0.443859
0.441377
0.438954
0.43659
0.43429
0.432054
0.429885
0.427786
0.425757
0.423802
0.421923
0.42012
0.418396
0.416753
0.415192
0.413714
0.412322
0.411017
0.409799
0.40867
0.407632
0.406684
0.405829
0.405067
0.404398
0.403824
0.403345
0.402961
0.402673
0.402481
0.402385
0.597625
0.597529
0.597337
0.597049
0.596665
0.596186
0.595612
0.594943
0.594181
0.593325
0.592378
0.591339
0.59021
0.588993
0.587687
0.586295
0.584817
0.583256
0.581613
0.579889
0.578086
0.576206
0.574251
0.572223
0.570123
0.567954
0.565718
0.563418
0.561054
0.558631
0.556149
0.553612
0.551022
0.548382
0.545694
0.542961
0.540186
0.53737
0.534518
0.531632
0.528715
0.525769
0.522798
0.519805
0.516792
0.513762
0.510719
0.507665
0.504603
0.501537
0.49847
0.495404
0.492343
0.489289
0.486246
0.483216
0.480203
0.477209
0.474238
0.471292
0.468375
0.465489
0.462637
0.459822
0.457047
0.454314
0.451626
0.448985
0.446396
0.443859
0.441377
0.438954
0.43659
0.43429
0.432054
0.429885
0.427785
0.425757
0.423802
0.421922
0.42012
0.418396
0.416753
0.415192
0.413714
0.412322
0.411017
0.409799
0.40867
0.407631
0.406684
0.405829
0.405067
0.404398
0.403824
0.403345
0.402961
0.402673
0.402481
0.402385
0.597625
0.597529
0.597337
0.597049
0.596665
0.596186
0.595612
0.594943
0.594181
0.593325
0.592378
0.591339
0.59021
0.588993
0.587687
0.586295
0.584817
0.583256
0.581613
0.579889
0.578086
0.576206
0.574251
0.572223
0.570123
0.567954
0.565718
0.563418
0.561054
0.558631
0.556149
0.553612
0.551022
0.548382
0.545694
0.542961
0.540186
0.53737
0.534518
0.531632
0.528715
0.525769
0.522798
0.519805
0.516792
0.513762
0.510719
0.507665
0.504603
0.501537
0.49847
0.495404
0.492343
0.489289
0.486246
0.483216
0.480203
0.477209
0.474238
0.471292
0.468375
0.465489
0.462637
0.459822
0.457047
0.454314
0.451626
0.448985
0.446396
0.443859
0.441377
0.438954
0.43659
0.43429
0.432054
0.429885
0.427785
0.425757
0.423802
0.421922
0.42012
0.418396
0.416753
0.415192
0.413714
0.412322
0.411016
0.409799
0.40867
0.407631
0.406684
0.405829
0.405067
0.404398
0.403824
0.403344
0.402961
0.402673
0.402481
0.402385
0.597625
0.59753
0.597337
0.597049
0.596665
0.596186
0.595612
0.594943
0.594181
0.593325
0.592378
0.591339
0.59021
0.588993
0.587687
0.586295
0.584817
0.583256
0.581613
0.579889
0.578086
0.576206
0.574251
0.572223
0.570123
0.567954
0.565719
0.563418
0.561054
0.558631
0.556149
0.553612
0.551022
0.548382
0.545694
0.542961
0.540186
0.53737
0.534518
0.531632
0.528715
0.525769
0.522798
0.519805
0.516792
0.513762
0.510719
0.507665
0.504603
0.501537
0.49847
0.495404
0.492343
0.489289
0.486245
0.483216
0.480203
0.477209
0.474238
0.471292
0.468375
0.465489
0.462637
0.459822
0.457047
0.454313
0.451626
0.448985
0.446396
0.443859
0.441377
0.438954
0.43659
0.43429
0.432054
0.429885
0.427785
0.425757
0.423802
0.421922
0.42012
0.418396
0.416753
0.415192
0.413714
0.412322
0.411016
0.409799
0.40867
0.407631
0.406684
0.405829
0.405066
0.404398
0.403824
0.403344
0.402961
0.402673
0.402481
0.402385
0.597625
0.59753
0.597337
0.597049
0.596665
0.596186
0.595612
0.594943
0.594181
0.593325
0.592378
0.591339
0.59021
0.588993
0.587687
0.586295
0.584817
0.583256
0.581613
0.579889
0.578086
0.576206
0.574251
0.572223
0.570123
0.567954
0.565718
0.563418
0.561054
0.558631
0.556149
0.553612
0.551022
0.548382
0.545694
0.542961
0.540186
0.53737
0.534518
0.531632
0.528715
0.525769
0.522798
0.519805
0.516792
0.513762
0.510719
0.507665
0.504603
0.501537
0.49847
0.495404
0.492343
0.489289
0.486245
0.483216
0.480203
0.477209
0.474238
0.471292
0.468375
0.465489
0.462637
0.459822
0.457047
0.454313
0.451626
0.448985
0.446396
0.443859
0.441377
0.438954
0.43659
0.43429
0.432054
0.429885
0.427785
0.425757
0.423802
0.421922
0.42012
0.418396
0.416753
0.415192
0.413714
0.412322
0.411016
0.409799
0.40867
0.407631
0.406684
0.405829
0.405066
0.404398
0.403824
0.403344
0.402961
0.402673
0.402481
0.402385
0.597625
0.597529
0.597337
0.597049
0.596665
0.596186
0.595612
0.594943
0.594181
0.593325
0.592378
0.591339
0.59021
0.588993
0.587687
0.586295
0.584817
0.583256
0.581613
0.579889
0.578086
0.576206
0.574251
0.572223
0.570123
0.567954
0.565718
0.563418
0.561054
0.558631
0.556149
0.553612
0.551022
0.548382
0.545694
0.542961
0.540186
0.53737
0.534518
0.531632
0.528715
0.525769
0.522798
0.519805
0.516792
0.513762
0.510719
0.507665
0.504603
0.501537
0.49847
0.495404
0.492343
0.489289
0.486245
0.483216
0.480203
0.477209
0.474238
0.471292
0.468375
0.465489
0.462637
0.459822
0.457046
0.454313
0.451626
0.448985
0.446396
0.443859
0.441377
0.438954
0.43659
0.43429
0.432054
0.429885
0.427785
0.425757
0.423802
0.421922
0.42012
0.418396
0.416753
0.415192
0.413714
0.412322
0.411016
0.409799
0.40867
0.407631
0.406684
0.405829
0.405067
0.404398
0.403824
0.403344
0.402961
0.402673
0.402481
0.402385
0.597625
0.597529
0.597337
0.597049
0.596665
0.596186
0.595612
0.594943
0.594181
0.593325
0.592378
0.591339
0.59021
0.588993
0.587687
0.586295
0.584817
0.583256
0.581613
0.579889
0.578086
0.576206
0.574251
0.572223
0.570123
0.567954
0.565718
0.563418
0.561054
0.558631
0.556149
0.553612
0.551022
0.548382
0.545694
0.542961
0.540186
0.53737
0.534518
0.531632
0.528715
0.525769
0.522798
0.519805
0.516791
0.513762
0.510719
0.507665
0.504603
0.501537
0.49847
0.495404
0.492343
0.489289
0.486245
0.483216
0.480203
0.477209
0.474238
0.471292
0.468375
0.465489
0.462637
0.459822
0.457047
0.454313
0.451626
0.448985
0.446396
0.443859
0.441377
0.438954
0.43659
0.43429
0.432054
0.429885
0.427785
0.425757
0.423802
0.421922
0.42012
0.418396
0.416753
0.415192
0.413714
0.412322
0.411017
0.409799
0.40867
0.407631
0.406684
0.405829
0.405067
0.404398
0.403824
0.403345
0.402961
0.402673
0.402481
0.402385
0.597625
0.597529
0.597337
0.597049
0.596665
0.596186
0.595612
0.594943
0.594181
0.593325
0.592378
0.591339
0.59021
0.588992
0.587687
0.586295
0.584817
0.583256
0.581613
0.579889
0.578086
0.576206
0.574251
0.572223
0.570123
0.567954
0.565718
0.563418
0.561054
0.558631
0.556149
0.553612
0.551022
0.548382
0.545694
0.542961
0.540185
0.53737
0.534518
0.531632
0.528715
0.525769
0.522798
0.519805
0.516791
0.513762
0.510718
0.507665
0.504603
0.501537
0.49847
0.495404
0.492343
0.489289
0.486245
0.483216
0.480203
0.477209
0.474238
0.471292
0.468375
0.465489
0.462637
0.459822
0.457047
0.454313
0.451626
0.448985
0.446396
0.443859
0.441377
0.438954
0.43659
0.43429
0.432054
0.429885
0.427785
0.425757
0.423802
0.421922
0.42012
0.418396
0.416753
0.415192
0.413714
0.412322
0.411017
0.409799
0.40867
0.407632
0.406684
0.405829
0.405067
0.404398
0.403824
0.403345
0.402961
0.402673
0.402481
0.402385
0.597625
0.597529
0.597337
0.597049
0.596665
0.596186
0.595612
0.594943
0.594181
0.593325
0.592378
0.591339
0.59021
0.588992
0.587687
0.586294
0.584817
0.583256
0.581612
0.579889
0.578086
0.576206
0.574251
0.572223
0.570123
0.567954
0.565718
0.563417
0.561054
0.55863
0.556149
0.553612
0.551022
0.548382
0.545694
0.542961
0.540185
0.53737
0.534518
0.531632
0.528715
0.525769
0.522798
0.519805
0.516791
0.513762
0.510718
0.507665
0.504603
0.501537
0.49847
0.495404
0.492343
0.489289
0.486245
0.483216
0.480203
0.477209
0.474238
0.471292
0.468375
0.465489
0.462637
0.459822
0.457047
0.454314
0.451626
0.448985
0.446396
0.443859
0.441377
0.438954
0.43659
0.43429
0.432054
0.429885
0.427786
0.425757
0.423802
0.421923
0.42012
0.418396
0.416753
0.415192
0.413714
0.412322
0.411017
0.409799
0.40867
0.407632
0.406684
0.405829
0.405067
0.404398
0.403824
0.403345
0.402961
0.402673
0.402481
0.402385
0.597625
0.597529
0.597337
0.597049
0.596665
0.596186
0.595611
0.594943
0.59418
0.593325
0.592378
0.591339
0.59021
0.588992
0.587687
0.586294
0.584817
0.583256
0.581612
0.579888
0.578086
0.576206
0.574251
0.572223
0.570123
0.567954
0.565718
0.563417
0.561054
0.55863
0.556149
0.553612
0.551022
0.548382
0.545694
0.542961
0.540185
0.53737
0.534518
0.531632
0.528715
0.525769
0.522798
0.519805
0.516791
0.513762
0.510718
0.507665
0.504603
0.501537
0.49847
0.495404
0.492343
0.489289
0.486245
0.483216
0.480203
0.477209
0.474238
0.471292
0.468375
0.465489
0.462637
0.459822
0.457047
0.454314
0.451626
0.448985
0.446396
0.443859
0.441377
0.438954
0.43659
0.43429
0.432054
0.429885
0.427786
0.425757
0.423802
0.421923
0.42012
0.418396
0.416753
0.415192
0.413715
0.412322
0.411017
0.409799
0.40867
0.407632
0.406684
0.405829
0.405067
0.404398
0.403824
0.403345
0.402961
0.402673
0.402481
0.402385
0.597625
0.597529
0.597337
0.597049
0.596665
0.596186
0.595611
0.594943
0.59418
0.593325
0.592377
0.591339
0.59021
0.588992
0.587686
0.586294
0.584817
0.583256
0.581612
0.579888
0.578086
0.576206
0.574251
0.572222
0.570123
0.567954
0.565718
0.563417
0.561054
0.55863
0.556149
0.553612
0.551022
0.548382
0.545694
0.542961
0.540185
0.53737
0.534518
0.531632
0.528715
0.525769
0.522798
0.519804
0.516791
0.513762
0.510718
0.507665
0.504603
0.501537
0.49847
0.495404
0.492343
0.489289
0.486245
0.483216
0.480203
0.477209
0.474238
0.471292
0.468375
0.465489
0.462637
0.459822
0.457047
0.454314
0.451626
0.448986
0.446396
0.443859
0.441377
0.438954
0.436591
0.43429
0.432054
0.429885
0.427786
0.425757
0.423802
0.421923
0.42012
0.418396
0.416753
0.415192
0.413715
0.412323
0.411017
0.409799
0.40867
0.407632
0.406685
0.405829
0.405067
0.404398
0.403824
0.403345
0.402961
0.402673
0.402481
0.402386
0.597625
0.597529
0.597337
0.597049
0.596665
0.596185
0.595611
0.594942
0.59418
0.593325
0.592377
0.591339
0.59021
0.588992
0.587686
0.586294
0.584817
0.583255
0.581612
0.579888
0.578085
0.576206
0.574251
0.572222
0.570123
0.567954
0.565718
0.563417
0.561054
0.55863
0.556149
0.553612
0.551022
0.548382
0.545694
0.542961
0.540185
0.53737
0.534518
0.531632
0.528715
0.525769
0.522798
0.519804
0.516791
0.513762
0.510718
0.507665
0.504603
0.501537
0.49847
0.495404
0.492343
0.489289
0.486245
0.483216
0.480203
0.477209
0.474238
0.471292
0.468375
0.465489
0.462637
0.459822
0.457047
0.454314
0.451626
0.448986
0.446396
0.443859
0.441378
0.438954
0.436591
0.43429
0.432054
0.429885
0.427786
0.425758
0.423803
0.421923
0.42012
0.418396
0.416753
0.415192
0.413715
0.412323
0.411017
0.409799
0.408671
0.407632
0.406685
0.405829
0.405067
0.404399
0.403824
0.403345
0.402961
0.402673
0.402481
0.402386
0.597624
0.597529
0.597337
0.597048
0.596665
0.596185
0.595611
0.594942
0.59418
0.593325
0.592377
0.591338
0.59021
0.588992
0.587686
0.586294
0.584816
0.583255
0.581612
0.579888
0.578085
0.576205
0.57425
0.572222
0.570123
0.567954
0.565718
0.563417
0.561054
0.55863
0.556149
0.553612
0.551022
0.548382
0.545694
0.542961
0.540185
0.53737
0.534518
0.531632
0.528715
0.525769
0.522798
0.519804
0.516791
0.513762
0.510718
0.507664
0.504603
0.501537
0.49847
0.495404
0.492343
0.489289
0.486245
0.483216
0.480203
0.477209
0.474238
0.471293
0.468375
0.465489
0.462637
0.459822
0.457047
0.454314
0.451626
0.448986
0.446396
0.443859
0.441378
0.438954
0.436591
0.43429
0.432054
0.429885
0.427786
0.425758
0.423803
0.421923
0.42012
0.418397
0.416753
0.415192
0.413715
0.412323
0.411017
0.409799
0.408671
0.407632
0.406685
0.40583
0.405067
0.404399
0.403825
0.403345
0.402962
0.402674
0.402482
0.402386
0.597624
0.597528
0.597336
0.597048
0.596664
0.596185
0.595611
0.594942
0.59418
0.593324
0.592377
0.591338
0.590209
0.588992
0.587686
0.586294
0.584816
0.583255
0.581612
0.579888
0.578085
0.576205
0.57425
0.572222
0.570122
0.567954
0.565718
0.563417
0.561054
0.55863
0.556148
0.553611
0.551022
0.548381
0.545693
0.54296
0.540185
0.53737
0.534518
0.531632
0.528715
0.525769
0.522798
0.519804
0.516791
0.513762
0.510718
0.507664
0.504603
0.501537
0.49847
0.495404
0.492343
0.489289
0.486245
0.483216
0.480203
0.477209
0.474238
0.471293
0.468375
0.465489
0.462637
0.459822
0.457047
0.454314
0.451626
0.448986
0.446396
0.443859
0.441378
0.438954
0.436591
0.43429
0.432054
0.429886
0.427786
0.425758
0.423803
0.421923
0.420121
0.418397
0.416754
0.415193
0.413715
0.412323
0.411017
0.4098
0.408671
0.407632
0.406685
0.40583
0.405068
0.404399
0.403825
0.403346
0.402962
0.402674
0.402482
0.402386
0.597624
0.597528
0.597336
0.597048
0.596664
0.596185
0.59561
0.594942
0.594179
0.593324
0.592377
0.591338
0.590209
0.588991
0.587686
0.586293
0.584816
0.583255
0.581612
0.579888
0.578085
0.576205
0.57425
0.572222
0.570122
0.567953
0.565717
0.563417
0.561053
0.55863
0.556148
0.553611
0.551021
0.548381
0.545693
0.54296
0.540185
0.53737
0.534518
0.531632
0.528714
0.525769
0.522798
0.519804
0.516791
0.513761
0.510718
0.507664
0.504603
0.501537
0.49847
0.495404
0.492343
0.489289
0.486245
0.483216
0.480203
0.477209
0.474238
0.471293
0.468375
0.465489
0.462637
0.459822
0.457047
0.454314
0.451626
0.448986
0.446396
0.443859
0.441378
0.438954
0.436591
0.43429
0.432055
0.429886
0.427786
0.425758
0.423803
0.421923
0.420121
0.418397
0.416754
0.415193
0.413715
0.412323
0.411018
0.4098
0.408671
0.407633
0.406685
0.40583
0.405068
0.404399
0.403825
0.403346
0.402962
0.402674
0.402482
0.402386
0.597624
0.597528
0.597336
0.597048
0.596664
0.596185
0.59561
0.594942
0.594179
0.593324
0.592376
0.591338
0.590209
0.588991
0.587685
0.586293
0.584816
0.583255
0.581611
0.579887
0.578085
0.576205
0.57425
0.572222
0.570122
0.567953
0.565717
0.563416
0.561053
0.55863
0.556148
0.553611
0.551021
0.548381
0.545693
0.54296
0.540185
0.53737
0.534518
0.531632
0.528714
0.525769
0.522798
0.519804
0.516791
0.513761
0.510718
0.507664
0.504603
0.501537
0.49847
0.495404
0.492343
0.489289
0.486245
0.483216
0.480203
0.477209
0.474238
0.471293
0.468375
0.465489
0.462637
0.459822
0.457047
0.454314
0.451626
0.448986
0.446396
0.443859
0.441378
0.438955
0.436591
0.434291
0.432055
0.429886
0.427786
0.425758
0.423803
0.421924
0.420121
0.418397
0.416754
0.415193
0.413716
0.412323
0.411018
0.4098
0.408671
0.407633
0.406686
0.40583
0.405068
0.4044
0.403825
0.403346
0.402962
0.402674
0.402482
0.402387
0.597623
0.597528
0.597336
0.597047
0.596664
0.596184
0.59561
0.594941
0.594179
0.593324
0.592376
0.591337
0.590209
0.588991
0.587685
0.586293
0.584815
0.583254
0.581611
0.579887
0.578084
0.576205
0.57425
0.572221
0.570122
0.567953
0.565717
0.563416
0.561053
0.558629
0.556148
0.553611
0.551021
0.548381
0.545693
0.54296
0.540185
0.53737
0.534518
0.531631
0.528714
0.525769
0.522798
0.519804
0.516791
0.513761
0.510718
0.507664
0.504603
0.501537
0.49847
0.495404
0.492343
0.489289
0.486246
0.483216
0.480203
0.477209
0.474238
0.471293
0.468376
0.46549
0.462638
0.459823
0.457047
0.454314
0.451626
0.448986
0.446396
0.44386
0.441378
0.438955
0.436591
0.434291
0.432055
0.429886
0.427787
0.425758
0.423804
0.421924
0.420121
0.418397
0.416754
0.415193
0.413716
0.412324
0.411018
0.4098
0.408672
0.407633
0.406686
0.405831
0.405068
0.4044
0.403826
0.403346
0.402963
0.402675
0.402483
0.402387
0.597623
0.597527
0.597335
0.597047
0.596663
0.596184
0.59561
0.594941
0.594179
0.593323
0.592376
0.591337
0.590208
0.588991
0.587685
0.586293
0.584815
0.583254
0.581611
0.579887
0.578084
0.576204
0.574249
0.572221
0.570121
0.567953
0.565717
0.563416
0.561053
0.558629
0.556148
0.553611
0.551021
0.548381
0.545693
0.54296
0.540184
0.537369
0.534517
0.531631
0.528714
0.525769
0.522797
0.519804
0.516791
0.513761
0.510718
0.507664
0.504603
0.501537
0.49847
0.495404
0.492343
0.489289
0.486246
0.483216
0.480203
0.477209
0.474238
0.471293
0.468376
0.46549
0.462638
0.459823
0.457047
0.454314
0.451626
0.448986
0.446397
0.44386
0.441378
0.438955
0.436592
0.434291
0.432055
0.429886
0.427787
0.425759
0.423804
0.421924
0.420121
0.418398
0.416755
0.415193
0.413716
0.412324
0.411018
0.409801
0.408672
0.407634
0.406686
0.405831
0.405069
0.4044
0.403826
0.403347
0.402963
0.402675
0.402483
0.402387
0.597623
0.597527
0.597335
0.597047
0.596663
0.596184
0.595609
0.594941
0.594178
0.593323
0.592375
0.591337
0.590208
0.58899
0.587685
0.586292
0.584815
0.583254
0.58161
0.579887
0.578084
0.576204
0.574249
0.572221
0.570121
0.567952
0.565717
0.563416
0.561052
0.558629
0.556147
0.553611
0.551021
0.548381
0.545693
0.54296
0.540184
0.537369
0.534517
0.531631
0.528714
0.525768
0.522797
0.519804
0.516791
0.513761
0.510718
0.507664
0.504603
0.501537
0.49847
0.495404
0.492343
0.489289
0.486246
0.483216
0.480203
0.477209
0.474238
0.471293
0.468376
0.46549
0.462638
0.459823
0.457047
0.454314
0.451627
0.448987
0.446397
0.44386
0.441379
0.438955
0.436592
0.434291
0.432055
0.429887
0.427787
0.425759
0.423804
0.421924
0.420122
0.418398
0.416755
0.415194
0.413716
0.412324
0.411019
0.409801
0.408672
0.407634
0.406687
0.405831
0.405069
0.4044
0.403826
0.403347
0.402963
0.402675
0.402483
0.402388
0.597622
0.597527
0.597335
0.597046
0.596663
0.596183
0.595609
0.59494
0.594178
0.593323
0.592375
0.591336
0.590208
0.58899
0.587684
0.586292
0.584815
0.583253
0.58161
0.579886
0.578084
0.576204
0.574249
0.57222
0.570121
0.567952
0.565716
0.563416
0.561052
0.558629
0.556147
0.55361
0.551021
0.54838
0.545693
0.54296
0.540184
0.537369
0.534517
0.531631
0.528714
0.525768
0.522797
0.519804
0.516791
0.513761
0.510718
0.507664
0.504603
0.501537
0.49847
0.495404
0.492343
0.489289
0.486246
0.483216
0.480203
0.47721
0.474239
0.471293
0.468376
0.46549
0.462638
0.459823
0.457048
0.454315
0.451627
0.448987
0.446397
0.44386
0.441379
0.438955
0.436592
0.434291
0.432056
0.429887
0.427787
0.425759
0.423804
0.421925
0.420122
0.418398
0.416755
0.415194
0.413717
0.412325
0.411019
0.409801
0.408673
0.407634
0.406687
0.405832
0.405069
0.404401
0.403827
0.403347
0.402964
0.402676
0.402484
0.402388
0.597622
0.597526
0.597334
0.597046
0.596662
0.596183
0.595609
0.59494
0.594178
0.593322
0.592375
0.591336
0.590207
0.588989
0.587684
0.586292
0.584814
0.583253
0.58161
0.579886
0.578083
0.576203
0.574248
0.57222
0.570121
0.567952
0.565716
0.563415
0.561052
0.558628
0.556147
0.55361
0.55102
0.54838
0.545692
0.542959
0.540184
0.537369
0.534517
0.531631
0.528714
0.525768
0.522797
0.519804
0.516791
0.513761
0.510718
0.507664
0.504603
0.501537
0.49847
0.495404
0.492343
0.489289
0.486246
0.483216
0.480203
0.47721
0.474239
0.471293
0.468376
0.46549
0.462638
0.459823
0.457048
0.454315
0.451627
0.448987
0.446397
0.44386
0.441379
0.438956
0.436592
0.434292
0.432056
0.429887
0.427788
0.42576
0.423805
0.421925
0.420122
0.418399
0.416755
0.415194
0.413717
0.412325
0.411019
0.409802
0.408673
0.407635
0.406687
0.405832
0.40507
0.404401
0.403827
0.403348
0.402964
0.402676
0.402484
0.402388
0.597622
0.597526
0.597334
0.597046
0.596662
0.596182
0.595608
0.594939
0.594177
0.593322
0.592374
0.591336
0.590207
0.588989
0.587683
0.586291
0.584814
0.583253
0.581609
0.579886
0.578083
0.576203
0.574248
0.57222
0.57012
0.567952
0.565716
0.563415
0.561052
0.558628
0.556147
0.55361
0.55102
0.54838
0.545692
0.542959
0.540184
0.537369
0.534517
0.531631
0.528714
0.525768
0.522797
0.519804
0.516791
0.513761
0.510718
0.507664
0.504603
0.501537
0.49847
0.495404
0.492343
0.489289
0.486246
0.483216
0.480203
0.47721
0.474239
0.471293
0.468376
0.46549
0.462638
0.459823
0.457048
0.454315
0.451627
0.448987
0.446397
0.443861
0.441379
0.438956
0.436593
0.434292
0.432056
0.429888
0.427788
0.42576
0.423805
0.421925
0.420123
0.418399
0.416756
0.415195
0.413718
0.412325
0.41102
0.409802
0.408673
0.407635
0.406688
0.405832
0.40507
0.404402
0.403827
0.403348
0.402964
0.402676
0.402484
0.402389
0.597621
0.597525
0.597333
0.597045
0.596661
0.596182
0.595608
0.594939
0.594177
0.593321
0.592374
0.591335
0.590206
0.588989
0.587683
0.586291
0.584813
0.583252
0.581609
0.579885
0.578083
0.576203
0.574248
0.57222
0.57012
0.567951
0.565715
0.563415
0.561051
0.558628
0.556146
0.55361
0.55102
0.54838
0.545692
0.542959
0.540184
0.537369
0.534517
0.531631
0.528713
0.525768
0.522797
0.519803
0.51679
0.513761
0.510718
0.507664
0.504603
0.501537
0.49847
0.495404
0.492343
0.489289
0.486246
0.483216
0.480203
0.47721
0.474239
0.471293
0.468376
0.46549
0.462638
0.459823
0.457048
0.454315
0.451627
0.448987
0.446398
0.443861
0.44138
0.438956
0.436593
0.434292
0.432056
0.429888
0.427788
0.42576
0.423805
0.421926
0.420123
0.418399
0.416756
0.415195
0.413718
0.412326
0.41102
0.409803
0.408674
0.407635
0.406688
0.405833
0.405071
0.404402
0.403828
0.403349
0.402965
0.402677
0.402485
0.402389
0.597621
0.597525
0.597333
0.597045
0.596661
0.596182
0.595607
0.594939
0.594176
0.593321
0.592373
0.591335
0.590206
0.588988
0.587683
0.58629
0.584813
0.583252
0.581609
0.579885
0.578082
0.576202
0.574247
0.572219
0.57012
0.567951
0.565715
0.563414
0.561051
0.558628
0.556146
0.553609
0.55102
0.548379
0.545692
0.542959
0.540183
0.537368
0.534516
0.53163
0.528713
0.525768
0.522797
0.519803
0.51679
0.513761
0.510718
0.507664
0.504603
0.501537
0.49847
0.495404
0.492343
0.489289
0.486246
0.483216
0.480203
0.47721
0.474239
0.471293
0.468376
0.46549
0.462639
0.459824
0.457048
0.454315
0.451628
0.448988
0.446398
0.443861
0.44138
0.438956
0.436593
0.434293
0.432057
0.429888
0.427789
0.425761
0.423806
0.421926
0.420123
0.4184
0.416757
0.415196
0.413718
0.412326
0.411021
0.409803
0.408674
0.407636
0.406689
0.405833
0.405071
0.404403
0.403828
0.403349
0.402965
0.402677
0.402485
0.40239
0.59762
0.597525
0.597333
0.597044
0.59666
0.596181
0.595607
0.594938
0.594176
0.59332
0.592373
0.591334
0.590206
0.588988
0.587682
0.58629
0.584813
0.583251
0.581608
0.579884
0.578082
0.576202
0.574247
0.572219
0.570119
0.56795
0.565715
0.563414
0.561051
0.558627
0.556146
0.553609
0.551019
0.548379
0.545691
0.542958
0.540183
0.537368
0.534516
0.53163
0.528713
0.525768
0.522797
0.519803
0.51679
0.513761
0.510718
0.507664
0.504603
0.501537
0.49847
0.495404
0.492343
0.489289
0.486246
0.483216
0.480203
0.47721
0.474239
0.471294
0.468376
0.465491
0.462639
0.459824
0.457048
0.454316
0.451628
0.448988
0.446398
0.443861
0.44138
0.438957
0.436593
0.434293
0.432057
0.429889
0.427789
0.425761
0.423806
0.421926
0.420124
0.4184
0.416757
0.415196
0.413719
0.412327
0.411021
0.409803
0.408675
0.407636
0.406689
0.405834
0.405072
0.404403
0.403829
0.40335
0.402966
0.402678
0.402486
0.40239
0.59762
0.597524
0.597332
0.597044
0.59666
0.596181
0.595606
0.594938
0.594175
0.59332
0.592372
0.591334
0.590205
0.588987
0.587682
0.586289
0.584812
0.583251
0.581608
0.579884
0.578081
0.576202
0.574247
0.572218
0.570119
0.56795
0.565714
0.563414
0.56105
0.558627
0.556145
0.553609
0.551019
0.548379
0.545691
0.542958
0.540183
0.537368
0.534516
0.53163
0.528713
0.525767
0.522797
0.519803
0.51679
0.513761
0.510718
0.507664
0.504603
0.501537
0.49847
0.495404
0.492343
0.489289
0.486246
0.483216
0.480203
0.47721
0.474239
0.471294
0.468377
0.465491
0.462639
0.459824
0.457049
0.454316
0.451628
0.448988
0.446398
0.443862
0.44138
0.438957
0.436594
0.434293
0.432058
0.429889
0.427789
0.425761
0.423806
0.421927
0.420124
0.418401
0.416757
0.415196
0.413719
0.412327
0.411022
0.409804
0.408675
0.407637
0.40669
0.405834
0.405072
0.404404
0.403829
0.40335
0.402966
0.402678
0.402486
0.402391
0.597619
0.597524
0.597332
0.597043
0.596659
0.59618
0.595606
0.594937
0.594175
0.593319
0.592372
0.591333
0.590205
0.588987
0.587681
0.586289
0.584812
0.583251
0.581607
0.579883
0.578081
0.576201
0.574246
0.572218
0.570118
0.56795
0.565714
0.563413
0.56105
0.558627
0.556145
0.553608
0.551019
0.548379
0.545691
0.542958
0.540183
0.537368
0.534516
0.53163
0.528713
0.525767
0.522796
0.519803
0.51679
0.513761
0.510717
0.507664
0.504603
0.501537
0.49847
0.495404
0.492343
0.489289
0.486246
0.483216
0.480204
0.47721
0.474239
0.471294
0.468377
0.465491
0.462639
0.459824
0.457049
0.454316
0.451628
0.448988
0.446399
0.443862
0.441381
0.438957
0.436594
0.434294
0.432058
0.429889
0.42779
0.425762
0.423807
0.421927
0.420125
0.418401
0.416758
0.415197
0.41372
0.412328
0.411022
0.409804
0.408676
0.407637
0.40669
0.405835
0.405073
0.404404
0.40383
0.403351
0.402967
0.402679
0.402487
0.402391
0.597619
0.597523
0.597331
0.597043
0.596659
0.59618
0.595605
0.594937
0.594174
0.593319
0.592371
0.591333
0.590204
0.588986
0.587681
0.586288
0.584811
0.58325
0.581607
0.579883
0.57808
0.576201
0.574246
0.572217
0.570118
0.567949
0.565714
0.563413
0.56105
0.558626
0.556145
0.553608
0.551018
0.548378
0.545691
0.542958
0.540182
0.537367
0.534516
0.53163
0.528713
0.525767
0.522796
0.519803
0.51679
0.51376
0.510717
0.507664
0.504602
0.501537
0.49847
0.495404
0.492343
0.489289
0.486246
0.483217
0.480204
0.47721
0.474239
0.471294
0.468377
0.465491
0.462639
0.459824
0.457049
0.454316
0.451629
0.448989
0.446399
0.443862
0.441381
0.438958
0.436595
0.434294
0.432058
0.42989
0.42779
0.425762
0.423807
0.421928
0.420125
0.418402
0.416758
0.415197
0.41372
0.412328
0.411023
0.409805
0.408676
0.407638
0.406691
0.405835
0.405073
0.404405
0.403831
0.403351
0.402968
0.40268
0.402488
0.402392
0.597618
0.597523
0.59733
0.597042
0.596658
0.596179
0.595605
0.594936
0.594174
0.593318
0.592371
0.591332
0.590203
0.588986
0.58768
0.586288
0.584811
0.583249
0.581606
0.579882
0.57808
0.5762
0.574245
0.572217
0.570118
0.567949
0.565713
0.563412
0.561049
0.558626
0.556144
0.553608
0.551018
0.548378
0.54569
0.542957
0.540182
0.537367
0.534515
0.531629
0.528712
0.525767
0.522796
0.519803
0.51679
0.51376
0.510717
0.507664
0.504602
0.501537
0.49847
0.495404
0.492343
0.489289
0.486246
0.483217
0.480204
0.47721
0.47424
0.471294
0.468377
0.465491
0.46264
0.459825
0.457049
0.454317
0.451629
0.448989
0.446399
0.443863
0.441381
0.438958
0.436595
0.434294
0.432059
0.42989
0.427791
0.425763
0.423808
0.421928
0.420126
0.418402
0.416759
0.415198
0.413721
0.412329
0.411023
0.409806
0.408677
0.407638
0.406691
0.405836
0.405074
0.404405
0.403831
0.403352
0.402968
0.40268
0.402488
0.402393
0.597618
0.597522
0.59733
0.597042
0.596658
0.596178
0.595604
0.594935
0.594173
0.593318
0.59237
0.591332
0.590203
0.588985
0.587679
0.586287
0.58481
0.583249
0.581606
0.579882
0.578079
0.5762
0.574245
0.572217
0.570117
0.567948
0.565713
0.563412
0.561049
0.558625
0.556144
0.553607
0.551018
0.548378
0.54569
0.542957
0.540182
0.537367
0.534515
0.531629
0.528712
0.525767
0.522796
0.519803
0.51679
0.51376
0.510717
0.507664
0.504602
0.501537
0.49847
0.495404
0.492343
0.489289
0.486246
0.483217
0.480204
0.477211
0.47424
0.471294
0.468377
0.465491
0.46264
0.459825
0.45705
0.454317
0.451629
0.448989
0.4464
0.443863
0.441382
0.438958
0.436595
0.434295
0.432059
0.429891
0.427791
0.425763
0.423808
0.421929
0.420126
0.418403
0.416759
0.415199
0.413721
0.412329
0.411024
0.409806
0.408678
0.407639
0.406692
0.405837
0.405074
0.404406
0.403832
0.403353
0.402969
0.402681
0.402489
0.402393
0.597618
0.597522
0.597329
0.597041
0.596657
0.596178
0.595603
0.594935
0.594172
0.593317
0.59237
0.591331
0.590202
0.588984
0.587679
0.586287
0.584809
0.583248
0.581605
0.579881
0.578079
0.576199
0.574244
0.572216
0.570117
0.567948
0.565712
0.563412
0.561048
0.558625
0.556144
0.553607
0.551017
0.548377
0.54569
0.542957
0.540181
0.537367
0.534515
0.531629
0.528712
0.525767
0.522796
0.519802
0.51679
0.51376
0.510717
0.507663
0.504602
0.501537
0.49847
0.495404
0.492343
0.489289
0.486246
0.483217
0.480204
0.477211
0.47424
0.471295
0.468377
0.465492
0.46264
0.459825
0.45705
0.454317
0.45163
0.44899
0.4464
0.443863
0.441382
0.438959
0.436596
0.434295
0.43206
0.429891
0.427792
0.425764
0.423809
0.421929
0.420127
0.418403
0.41676
0.415199
0.413722
0.41233
0.411024
0.409807
0.408678
0.40764
0.406692
0.405837
0.405075
0.404407
0.403832
0.403353
0.402969
0.402681
0.402489
0.402394
)
;

boundaryField
{
    xmin
    {
        type            zeroGradient;
    }
    xmax
    {
        type            zeroGradient;
    }
    ymin
    {
        type            zeroGradient;
    }
    ymax
    {
        type            zeroGradient;
    }
    zmin
    {
        type            empty;
    }
    zmax
    {
        type            empty;
    }
}


// ************************************************************************* //
