#Tiempo [fms]     Densidad [gr_cc]
50100 0.223848162154303
50200 0.223848162154303
50300 0.223848162154303
50400 0.223848162154303
50500 0.223848162154303
50600 0.223848162154303
50700 0.223848162154303
50800 0.223848162154303
50900 0.223848162154303
51000 0.223848162154303
51100 0.223848162154303
51200 0.223848162154303
51300 0.223848162154303
51400 0.223848162154303
51500 0.223848162154303
51600 0.223848162154303
51700 0.223848162154303
51800 0.223848162154303
51900 0.223848162154303
52000 0.223848162154303
52100 0.223848162154303
52200 0.223848162154303
52300 0.223848162154303
52400 0.223848162154303
52500 0.223848162154303
52600 0.223848162154303
52700 0.223848162154303
52800 0.223848162154303
52900 0.223848162154303
53000 0.223848162154303
53100 0.223848162154303
53200 0.223848162154303
53300 0.223848162154303
53400 0.223848162154303
53500 0.223848162154303
53600 0.223848162154303
53700 0.223848162154303
53800 0.223848162154303
53900 0.223848162154303
54000 0.223848162154303
54100 0.223848162154303
54200 0.223848162154303
54300 0.223848162154303
54400 0.223848162154303
54500 0.223848162154303
54600 0.223848162154303
54700 0.223848162154303
54800 0.223848162154303
54900 0.223848162154303
55000 0.223848162154303
55100 0.223848162154303
55200 0.223848162154303
55300 0.223848162154303
55400 0.223848162154303
55500 0.223848162154303
55600 0.223848162154303
55700 0.223848162154303
55800 0.223848162154303
55900 0.223848162154303
56000 0.223848162154303
56100 0.223848162154303
56200 0.223848162154303
56300 0.223848162154303
56400 0.223848162154303
56500 0.223848162154303
56600 0.223848162154303
56700 0.223848162154303
56800 0.223848162154303
56900 0.223848162154303
57000 0.223848162154303
57100 0.223848162154303
57200 0.223848162154303
57300 0.223848162154303
57400 0.223848162154303
57500 0.223848162154303
57600 0.223848162154303
57700 0.223848162154303
57800 0.223848162154303
57900 0.223848162154303
58000 0.223848162154303
58100 0.223848162154303
58200 0.223848162154303
58300 0.223848162154303
58400 0.223848162154303
58500 0.223848162154303
58600 0.223848162154303
58700 0.223848162154303
58800 0.223848162154303
58900 0.223848162154303
59000 0.223848162154303
59100 0.223848162154303
59200 0.223848162154303
59300 0.223848162154303
59400 0.223848162154303
59500 0.223848162154303
59600 0.223848162154303
59700 0.223848162154303
59800 0.223848162154303
59900 0.223848162154303
60000 0.223848162154303
60100 0.223848162154303
60200 0.223848162154303
60300 0.223848162154303
60400 0.223848162154303
60500 0.223848162154303
60600 0.223848162154303
60700 0.223848162154303
60800 0.223848162154303
60900 0.223848162154303
61000 0.223848162154303
61100 0.223848162154303
61200 0.223848162154303
61300 0.223848162154303
61400 0.223848162154303
61500 0.223848162154303
61600 0.223848162154303
61700 0.223848162154303
61800 0.223848162154303
61900 0.223848162154303
62000 0.223848162154303
62100 0.223848162154303
62200 0.223848162154303
62300 0.223848162154303
62400 0.223848162154303
62500 0.223848162154303
62600 0.223848162154303
62700 0.223848162154303
62800 0.223848162154303
62900 0.223848162154303
63000 0.223848162154303
63100 0.223848162154303
63200 0.223848162154303
63300 0.223848162154303
63400 0.223848162154303
63500 0.223848162154303
63600 0.223848162154303
63700 0.223848162154303
63800 0.223848162154303
63900 0.223848162154303
64000 0.223848162154303
64100 0.223848162154303
64200 0.223848162154303
64300 0.223848162154303
64400 0.223848162154303
64500 0.223848162154303
64600 0.223848162154303
64700 0.223848162154303
64800 0.223848162154303
64900 0.223848162154303
65000 0.223848162154303
65100 0.223848162154303
65200 0.223848162154303
65300 0.223848162154303
65400 0.223848162154303
65500 0.223848162154303
65600 0.223848162154303
65700 0.223848162154303
65800 0.223848162154303
65900 0.223848162154303
66000 0.223848162154303
66100 0.223848162154303
66200 0.223848162154303
66300 0.223848162154303
66400 0.223848162154303
66500 0.223848162154303
66600 0.223848162154303
66700 0.223848162154303
66800 0.223848162154303
66900 0.223848162154303
67000 0.223848162154303
67100 0.223848162154303
67200 0.223848162154303
67300 0.223848162154303
67400 0.223848162154303
67500 0.223848162154303
67600 0.223848162154303
67700 0.223848162154303
67800 0.223848162154303
67900 0.223848162154303
68000 0.223848162154303
68100 0.223848162154303
68200 0.223848162154303
68300 0.223848162154303
68400 0.223848162154303
68500 0.223848162154303
68600 0.223848162154303
68700 0.223848162154303
68800 0.223848162154303
68900 0.223848162154303
69000 0.223848162154303
69100 0.223848162154303
69200 0.223848162154303
69300 0.223848162154303
69400 0.223848162154303
69500 0.223848162154303
69600 0.223848162154303
69700 0.223848162154303
69800 0.223848162154303
69900 0.223848162154303
70000 0.223848162154303
70100 0.223848162154303
70200 0.223848162154303
70300 0.223848162154303
70400 0.223848162154303
70500 0.223848162154303
70600 0.223848162154303
70700 0.223848162154303
70800 0.223848162154303
70900 0.223848162154303
71000 0.223848162154303
71100 0.223848162154303
71200 0.223848162154303
71300 0.223848162154303
71400 0.223848162154303
71500 0.223848162154303
71600 0.223848162154303
71700 0.223848162154303
71800 0.223848162154303
71900 0.223848162154303
72000 0.223848162154303
72100 0.223848162154303
72200 0.223848162154303
72300 0.223848162154303
72400 0.223848162154303
72500 0.223848162154303
72600 0.223848162154303
72700 0.223848162154303
72800 0.223848162154303
72900 0.223848162154303
73000 0.223848162154303
73100 0.223848162154303
73200 0.223848162154303
73300 0.223848162154303
73400 0.223848162154303
73500 0.223848162154303
73600 0.223848162154303
73700 0.223848162154303
73800 0.223848162154303
73900 0.223848162154303
74000 0.223848162154303
74100 0.223848162154303
74200 0.223848162154303
74300 0.223848162154303
74400 0.223848162154303
74500 0.223848162154303
74600 0.223848162154303
74700 0.223848162154303
74800 0.223848162154303
74900 0.223848162154303
75000 0.223848162154303
75100 0.223848162154303
75200 0.223848162154303
75300 0.223848162154303
75400 0.223848162154303
75500 0.223848162154303
75600 0.223848162154303
75700 0.223848162154303
75800 0.223848162154303
75900 0.223848162154303
76000 0.223848162154303
76100 0.223848162154303
76200 0.223848162154303
76300 0.223848162154303
76400 0.223848162154303
76500 0.223848162154303
76600 0.223848162154303
76700 0.223848162154303
76800 0.223848162154303
76900 0.223848162154303
77000 0.223848162154303
77100 0.223848162154303
77200 0.223848162154303
77300 0.223848162154303
77400 0.223848162154303
77500 0.223848162154303
77600 0.223848162154303
77700 0.223848162154303
77800 0.223848162154303
77900 0.223848162154303
78000 0.223848162154303
78100 0.223848162154303
78200 0.223848162154303
78300 0.223848162154303
78400 0.223848162154303
78500 0.223848162154303
78600 0.223848162154303
78700 0.223848162154303
78800 0.223848162154303
78900 0.223848162154303
79000 0.223848162154303
79100 0.223848162154303
79200 0.223848162154303
79300 0.223848162154303
79400 0.223848162154303
79500 0.223848162154303
79600 0.223848162154303
79700 0.223848162154303
79800 0.223848162154303
79900 0.223848162154303
80000 0.223848162154303
80100 0.223848162154303
80200 0.223848162154303
80300 0.223848162154303
80400 0.223848162154303
80500 0.223848162154303
80600 0.223848162154303
80700 0.223848162154303
80800 0.223848162154303
80900 0.223848162154303
81000 0.223848162154303
81100 0.223848162154303
81200 0.223848162154303
81300 0.223848162154303
81400 0.223848162154303
81500 0.223848162154303
81600 0.223848162154303
81700 0.223848162154303
81800 0.223848162154303
81900 0.223848162154303
82000 0.223848162154303
82100 0.223848162154303
82200 0.223848162154303
82300 0.223848162154303
82400 0.223848162154303
82500 0.223848162154303
82600 0.223848162154303
82700 0.223848162154303
82800 0.223848162154303
82900 0.223848162154303
83000 0.223848162154303
83100 0.223848162154303
83200 0.223848162154303
83300 0.223848162154303
83400 0.223848162154303
83500 0.223848162154303
83600 0.223848162154303
83700 0.223848162154303
83800 0.223848162154303
83900 0.223848162154303
84000 0.223848162154303
84100 0.223848162154303
84200 0.223848162154303
84300 0.223848162154303
84400 0.223848162154303
84500 0.223848162154303
84600 0.223848162154303
84700 0.223848162154303
84800 0.223848162154303
84900 0.223848162154303
85000 0.223848162154303
85100 0.223848162154303
85200 0.223848162154303
85300 0.223848162154303
85400 0.223848162154303
85500 0.223848162154303
85600 0.223848162154303
85700 0.223848162154303
85800 0.223848162154303
85900 0.223848162154303
86000 0.223848162154303
86100 0.223848162154303
86200 0.223848162154303
86300 0.223848162154303
86400 0.223848162154303
86500 0.223848162154303
86600 0.223848162154303
86700 0.223848162154303
86800 0.223848162154303
86900 0.223848162154303
87000 0.223848162154303
87100 0.223848162154303
87200 0.223848162154303
87300 0.223848162154303
87400 0.223848162154303
87500 0.223848162154303
87600 0.223848162154303
87700 0.223848162154303
87800 0.223848162154303
87900 0.223848162154303
88000 0.223848162154303
88100 0.223848162154303
88200 0.223848162154303
88300 0.223848162154303
88400 0.223848162154303
88500 0.223848162154303
88600 0.223848162154303
88700 0.223848162154303
88800 0.223848162154303
88900 0.223848162154303
89000 0.223848162154303
89100 0.223848162154303
89200 0.223848162154303
89300 0.223848162154303
89400 0.223848162154303
89500 0.223848162154303
89600 0.223848162154303
89700 0.223848162154303
89800 0.223848162154303
89900 0.223848162154303
90000 0.223848162154303
90100 0.223848162154303
90200 0.223848162154303
90300 0.223848162154303
90400 0.223848162154303
90500 0.223848162154303
90600 0.223848162154303
90700 0.223848162154303
90800 0.223848162154303
90900 0.223848162154303
91000 0.223848162154303
91100 0.223848162154303
91200 0.223848162154303
91300 0.223848162154303
91400 0.223848162154303
91500 0.223848162154303
91600 0.223848162154303
91700 0.223848162154303
91800 0.223848162154303
91900 0.223848162154303
92000 0.223848162154303
92100 0.223848162154303
92200 0.223848162154303
92300 0.223848162154303
92400 0.223848162154303
92500 0.223848162154303
92600 0.223848162154303
92700 0.223848162154303
92800 0.223848162154303
92900 0.223848162154303
93000 0.223848162154303
93100 0.223848162154303
93200 0.223848162154303
93300 0.223848162154303
93400 0.223848162154303
93500 0.223848162154303
93600 0.223848162154303
93700 0.223848162154303
93800 0.223848162154303
93900 0.223848162154303
94000 0.223848162154303
94100 0.223848162154303
94200 0.223848162154303
94300 0.223848162154303
94400 0.223848162154303
94500 0.223848162154303
94600 0.223848162154303
94700 0.223848162154303
94800 0.223848162154303
94900 0.223848162154303
95000 0.223848162154303
95100 0.223848162154303
95200 0.223848162154303
95300 0.223848162154303
95400 0.223848162154303
95500 0.223848162154303
95600 0.223848162154303
95700 0.223848162154303
95800 0.223848162154303
95900 0.223848162154303
96000 0.223848162154303
96100 0.223848162154303
96200 0.223848162154303
96300 0.223848162154303
96400 0.223848162154303
96500 0.223848162154303
96600 0.223848162154303
96700 0.223848162154303
96800 0.223848162154303
96900 0.223848162154303
97000 0.223848162154303
97100 0.223848162154303
97200 0.223848162154303
97300 0.223848162154303
97400 0.223848162154303
97500 0.223848162154303
97600 0.223848162154303
97700 0.223848162154303
97800 0.223848162154303
97900 0.223848162154303
98000 0.223848162154303
98100 0.223848162154303
98200 0.223848162154303
98300 0.223848162154303
98400 0.223848162154303
98500 0.223848162154303
98600 0.223848162154303
98700 0.223848162154303
98800 0.223848162154303
98900 0.223848162154303
99000 0.223848162154303
99100 0.223848162154303
99200 0.223848162154303
99300 0.223848162154303
99400 0.223848162154303
99500 0.223848162154303
99600 0.223848162154303
99700 0.223848162154303
99800 0.223848162154303
99900 0.223848162154303
100000 0.223848162154303
100100 0.223848162154303
100200 0.223848162154303
100300 0.223848162154303
100400 0.223848162154303
100500 0.223848162154303
100600 0.223848162154303
100700 0.223848162154303
100800 0.223848162154303
100900 0.223848162154303
101000 0.223848162154303
101100 0.223848162154303
101200 0.223848162154303
101300 0.223848162154303
101400 0.223848162154303
101500 0.223848162154303
101600 0.223848162154303
101700 0.223848162154303
101800 0.223848162154303
101900 0.223848162154303
102000 0.223848162154303
102100 0.223848162154303
102200 0.223848162154303
102300 0.223848162154303
102400 0.223848162154303
102500 0.223848162154303
102600 0.223848162154303
102700 0.223848162154303
102800 0.223848162154303
102900 0.223848162154303
103000 0.223848162154303
103100 0.223848162154303
103200 0.223848162154303
103300 0.223848162154303
103400 0.223848162154303
103500 0.223848162154303
103600 0.223848162154303
103700 0.223848162154303
103800 0.223848162154303
103900 0.223848162154303
104000 0.223848162154303
104100 0.223848162154303
104200 0.223848162154303
104300 0.223848162154303
104400 0.223848162154303
104500 0.223848162154303
104600 0.223848162154303
104700 0.223848162154303
104800 0.223848162154303
104900 0.223848162154303
105000 0.223848162154303
105100 0.223848162154303
105200 0.223848162154303
105300 0.223848162154303
105400 0.223848162154303
105500 0.223848162154303
105600 0.223848162154303
105700 0.223848162154303
105800 0.223848162154303
105900 0.223848162154303
106000 0.223848162154303
106100 0.223848162154303
106200 0.223848162154303
106300 0.223848162154303
106400 0.223848162154303
106500 0.223848162154303
106600 0.223848162154303
106700 0.223848162154303
106800 0.223848162154303
106900 0.223848162154303
107000 0.223848162154303
107100 0.223848162154303
107200 0.223848162154303
107300 0.223848162154303
107400 0.223848162154303
107500 0.223848162154303
107600 0.223848162154303
107700 0.223848162154303
107800 0.223848162154303
107900 0.223848162154303
108000 0.223848162154303
108100 0.223848162154303
108200 0.223848162154303
108300 0.223848162154303
108400 0.223848162154303
108500 0.223848162154303
108600 0.223848162154303
108700 0.223848162154303
108800 0.223848162154303
108900 0.223848162154303
109000 0.223848162154303
109100 0.223848162154303
109200 0.223848162154303
109300 0.223848162154303
109400 0.223848162154303
109500 0.223848162154303
109600 0.223848162154303
109700 0.223848162154303
109800 0.223848162154303
109900 0.223848162154303
110000 0.223848162154303
110100 0.223848162154303
110200 0.223848162154303
110300 0.223848162154303
110400 0.223848162154303
110500 0.223848162154303
110600 0.223848162154303
110700 0.223848162154303
110800 0.223848162154303
110900 0.223848162154303
111000 0.223848162154303
111100 0.223848162154303
111200 0.223848162154303
111300 0.223848162154303
111400 0.223848162154303
111500 0.223848162154303
111600 0.223848162154303
111700 0.223848162154303
111800 0.223848162154303
111900 0.223848162154303
112000 0.223848162154303
112100 0.223848162154303
112200 0.223848162154303
112300 0.223848162154303
112400 0.223848162154303
112500 0.223848162154303
112600 0.223848162154303
112700 0.223848162154303
112800 0.223848162154303
112900 0.223848162154303
113000 0.223848162154303
113100 0.223848162154303
113200 0.223848162154303
113300 0.223848162154303
113400 0.223848162154303
113500 0.223848162154303
113600 0.223848162154303
113700 0.223848162154303
113800 0.223848162154303
113900 0.223848162154303
114000 0.223848162154303
114100 0.223848162154303
114200 0.223848162154303
114300 0.223848162154303
114400 0.223848162154303
114500 0.223848162154303
114600 0.223848162154303
114700 0.223848162154303
114800 0.223848162154303
114900 0.223848162154303
115000 0.223848162154303
115100 0.223848162154303
115200 0.223848162154303
115300 0.223848162154303
115400 0.223848162154303
115500 0.223848162154303
115600 0.223848162154303
115700 0.223848162154303
115800 0.223848162154303
115900 0.223848162154303
116000 0.223848162154303
116100 0.223848162154303
116200 0.223848162154303
116300 0.223848162154303
116400 0.223848162154303
116500 0.223848162154303
116600 0.223848162154303
116700 0.223848162154303
116800 0.223848162154303
116900 0.223848162154303
117000 0.223848162154303
117100 0.223848162154303
117200 0.223848162154303
117300 0.223848162154303
117400 0.223848162154303
117500 0.223848162154303
117600 0.223848162154303
117700 0.223848162154303
117800 0.223848162154303
117900 0.223848162154303
118000 0.223848162154303
118100 0.223848162154303
118200 0.223848162154303
118300 0.223848162154303
118400 0.223848162154303
118500 0.223848162154303
118600 0.223848162154303
118700 0.223848162154303
118800 0.223848162154303
118900 0.223848162154303
119000 0.223848162154303
119100 0.223848162154303
119200 0.223848162154303
119300 0.223848162154303
119400 0.223848162154303
119500 0.223848162154303
119600 0.223848162154303
119700 0.223848162154303
119800 0.223848162154303
119900 0.223848162154303
120000 0.223848162154303
120100 0.223848162154303
120200 0.223848162154303
120300 0.223848162154303
120400 0.223848162154303
120500 0.223848162154303
120600 0.223848162154303
120700 0.223848162154303
120800 0.223848162154303
120900 0.223848162154303
121000 0.223848162154303
121100 0.223848162154303
121200 0.223848162154303
121300 0.223848162154303
121400 0.223848162154303
121500 0.223848162154303
121600 0.223848162154303
121700 0.223848162154303
121800 0.223848162154303
121900 0.223848162154303
122000 0.223848162154303
122100 0.223848162154303
122200 0.223848162154303
122300 0.223848162154303
122400 0.223848162154303
122500 0.223848162154303
122600 0.223848162154303
122700 0.223848162154303
122800 0.223848162154303
122900 0.223848162154303
123000 0.223848162154303
123100 0.223848162154303
123200 0.223848162154303
123300 0.223848162154303
123400 0.223848162154303
123500 0.223848162154303
123600 0.223848162154303
123700 0.223848162154303
123800 0.223848162154303
123900 0.223848162154303
124000 0.223848162154303
124100 0.223848162154303
124200 0.223848162154303
124300 0.223848162154303
124400 0.223848162154303
124500 0.223848162154303
124600 0.223848162154303
124700 0.223848162154303
124800 0.223848162154303
124900 0.223848162154303
125000 0.223848162154303
125100 0.223848162154303
125200 0.223848162154303
125300 0.223848162154303
125400 0.223848162154303
125500 0.223848162154303
125600 0.223848162154303
125700 0.223848162154303
125800 0.223848162154303
125900 0.223848162154303
126000 0.223848162154303
126100 0.223848162154303
126200 0.223848162154303
126300 0.223848162154303
126400 0.223848162154303
126500 0.223848162154303
126600 0.223848162154303
126700 0.223848162154303
126800 0.223848162154303
126900 0.223848162154303
127000 0.223848162154303
127100 0.223848162154303
127200 0.223848162154303
127300 0.223848162154303
127400 0.223848162154303
127500 0.223848162154303
127600 0.223848162154303
127700 0.223848162154303
127800 0.223848162154303
127900 0.223848162154303
128000 0.223848162154303
128100 0.223848162154303
128200 0.223848162154303
128300 0.223848162154303
128400 0.223848162154303
128500 0.223848162154303
128600 0.223848162154303
128700 0.223848162154303
128800 0.223848162154303
128900 0.223848162154303
129000 0.223848162154303
129100 0.223848162154303
129200 0.223848162154303
129300 0.223848162154303
129400 0.223848162154303
129500 0.223848162154303
129600 0.223848162154303
129700 0.223848162154303
129800 0.223848162154303
129900 0.223848162154303
130000 0.223848162154303
130100 0.223848162154303
130200 0.223848162154303
130300 0.223848162154303
130400 0.223848162154303
130500 0.223848162154303
130600 0.223848162154303
130700 0.223848162154303
130800 0.223848162154303
130900 0.223848162154303
131000 0.223848162154303
131100 0.223848162154303
131200 0.223848162154303
131300 0.223848162154303
131400 0.223848162154303
131500 0.223848162154303
131600 0.223848162154303
131700 0.223848162154303
131800 0.223848162154303
131900 0.223848162154303
132000 0.223848162154303
132100 0.223848162154303
132200 0.223848162154303
132300 0.223848162154303
132400 0.223848162154303
132500 0.223848162154303
132600 0.223848162154303
132700 0.223848162154303
132800 0.223848162154303
132900 0.223848162154303
133000 0.223848162154303
133100 0.223848162154303
133200 0.223848162154303
133300 0.223848162154303
133400 0.223848162154303
133500 0.223848162154303
133600 0.223848162154303
133700 0.223848162154303
133800 0.223848162154303
133900 0.223848162154303
134000 0.223848162154303
134100 0.223848162154303
134200 0.223848162154303
134300 0.223848162154303
134400 0.223848162154303
134500 0.223848162154303
134600 0.223848162154303
134700 0.223848162154303
134800 0.223848162154303
134900 0.223848162154303
135000 0.223848162154303
135100 0.223848162154303
135200 0.223848162154303
135300 0.223848162154303
135400 0.223848162154303
135500 0.223848162154303
135600 0.223848162154303
135700 0.223848162154303
135800 0.223848162154303
135900 0.223848162154303
136000 0.223848162154303
136100 0.223848162154303
136200 0.223848162154303
136300 0.223848162154303
136400 0.223848162154303
136500 0.223848162154303
136600 0.223848162154303
136700 0.223848162154303
136800 0.223848162154303
136900 0.223848162154303
137000 0.223848162154303
137100 0.223848162154303
137200 0.223848162154303
137300 0.223848162154303
137400 0.223848162154303
137500 0.223848162154303
137600 0.223848162154303
137700 0.223848162154303
137800 0.223848162154303
137900 0.223848162154303
138000 0.223848162154303
138100 0.223848162154303
138200 0.223848162154303
138300 0.223848162154303
138400 0.223848162154303
138500 0.223848162154303
138600 0.223848162154303
138700 0.223848162154303
138800 0.223848162154303
138900 0.223848162154303
139000 0.223848162154303
139100 0.223848162154303
139200 0.223848162154303
139300 0.223848162154303
139400 0.223848162154303
139500 0.223848162154303
139600 0.223848162154303
139700 0.223848162154303
139800 0.223848162154303
139900 0.223848162154303
140000 0.223848162154303
140100 0.223848162154303
140200 0.223848162154303
140300 0.223848162154303
140400 0.223848162154303
140500 0.223848162154303
140600 0.223848162154303
140700 0.223848162154303
140800 0.223848162154303
140900 0.223848162154303
141000 0.223848162154303
141100 0.223848162154303
141200 0.223848162154303
141300 0.223848162154303
141400 0.223848162154303
141500 0.223848162154303
141600 0.223848162154303
141700 0.223848162154303
141800 0.223848162154303
141900 0.223848162154303
142000 0.223848162154303
142100 0.223848162154303
142200 0.223848162154303
142300 0.223848162154303
142400 0.223848162154303
142500 0.223848162154303
142600 0.223848162154303
142700 0.223848162154303
142800 0.223848162154303
142900 0.223848162154303
143000 0.223848162154303
143100 0.223848162154303
143200 0.223848162154303
143300 0.223848162154303
143400 0.223848162154303
143500 0.223848162154303
143600 0.223848162154303
143700 0.223848162154303
143800 0.223848162154303
143900 0.223848162154303
144000 0.223848162154303
144100 0.223848162154303
144200 0.223848162154303
144300 0.223848162154303
144400 0.223848162154303
144500 0.223848162154303
144600 0.223848162154303
144700 0.223848162154303
144800 0.223848162154303
144900 0.223848162154303
145000 0.223848162154303
145100 0.223848162154303
145200 0.223848162154303
145300 0.223848162154303
145400 0.223848162154303
145500 0.223848162154303
145600 0.223848162154303
145700 0.223848162154303
145800 0.223848162154303
145900 0.223848162154303
146000 0.223848162154303
146100 0.223848162154303
146200 0.223848162154303
146300 0.223848162154303
146400 0.223848162154303
146500 0.223848162154303
146600 0.223848162154303
146700 0.223848162154303
146800 0.223848162154303
146900 0.223848162154303
147000 0.223848162154303
147100 0.223848162154303
147200 0.223848162154303
147300 0.223848162154303
147400 0.223848162154303
147500 0.223848162154303
147600 0.223848162154303
147700 0.223848162154303
147800 0.223848162154303
147900 0.223848162154303
148000 0.223848162154303
148100 0.223848162154303
148200 0.223848162154303
148300 0.223848162154303
148400 0.223848162154303
148500 0.223848162154303
148600 0.223848162154303
148700 0.223848162154303
148800 0.223848162154303
148900 0.223848162154303
149000 0.223848162154303
149100 0.223848162154303
149200 0.223848162154303
149300 0.223848162154303
149400 0.223848162154303
149500 0.223848162154303
149600 0.223848162154303
149700 0.223848162154303
149800 0.223848162154303
149900 0.223848162154303
150000 0.223848162154303
