#Tiempo [fms]     Presion [Atm]
50100 135.595147548917
50200 134.737114913852
50300 133.270209604914
50400 133.316894451556
50500 134.125413969372
50600 134.440463334491
50700 138.676943859284
50800 142.598577122458
50900 136.721398610598
51000 141.851905288057
51100 137.640196328339
51200 138.258127399809
51300 135.859337311437
51400 136.240993735471
51500 138.874911876649
51600 137.59345834445
51700 141.13438285023
51800 138.16652531085
51900 137.06524705128
52000 134.015581064354
52100 138.275884102591
52200 137.283495565828
52300 136.541596394987
52400 140.883533374918
52500 139.748360446902
52600 133.172616504059
52700 140.312175460373
52800 139.695255080807
52900 144.383586073851
53000 143.656187979878
53100 137.568502297799
53200 140.333146177496
53300 144.270548342997
53400 140.0637062241
53500 138.54044301282
53600 138.22709137012
53700 141.814080208389
53800 139.127517926183
53900 136.302886200765
54000 139.373399878195
54100 132.128523540026
54200 134.996423870334
54300 135.547362657835
54400 135.241132354179
54500 136.135813676
54600 135.881314610379
54700 142.251651903623
54800 138.436924938894
54900 136.009089208595
55000 136.016568389707
55100 135.9128892927
55200 137.094413299339
55300 138.712476569221
55400 143.119221797206
55500 139.684120631273
55600 138.412529600344
55700 136.571132794814
55800 137.355741840197
55900 141.568965209997
56000 140.442238917047
56100 133.901987466933
56200 133.529272676405
56300 134.190072188508
56400 131.620879670272
56500 135.423874792502
56600 130.630247077155
56700 130.451750911874
56800 132.376865493394
56900 137.102978612082
57000 133.683607517074
57100 132.477178500492
57200 135.909890540096
57300 135.409067783918
57400 142.200619090108
57500 135.48673378901
57600 138.595070574714
57700 136.18268722292
57800 134.571888467316
57900 143.617729048245
58000 137.945225839438
58100 135.642753373
58200 137.424597858976
58300 134.811201892737
58400 132.624487689247
58500 135.253623383532
58600 136.759223283051
58700 137.660779913021
58800 136.273821466817
58900 133.443549809016
59000 134.957238884273
59100 138.575542539971
59200 139.379397979383
59300 136.563580127319
59400 135.387627891651
59500 138.708576399702
59600 142.792124073258
59700 142.918837881928
59800 139.739897946063
59900 140.963499310189
60000 139.936852871156
60100 138.998445713061
60200 142.792548347324
60300 143.005738320881
60400 141.690125269671
60500 140.270693548001
60600 135.680253763254
60700 139.012743313979
60800 142.145117568866
60900 133.124956657763
61000 133.321529610548
61100 135.492488579558
61200 133.707067618371
61300 141.58438664904
61400 141.57669679921
61500 139.170145813637
61600 139.180758964925
61700 139.153018500138
61800 143.922934987508
61900 142.686175689103
62000 139.229173429281
62100 138.625678332315
62200 136.886744449005
62300 140.176131385431
62400 138.821390761529
62500 141.944213487417
62600 142.120475666296
62700 138.312973138156
62800 137.573345968106
62900 132.455539803587
63000 134.774180252196
63100 134.782489364641
63200 135.624489359605
63300 133.056955295418
63400 136.259311710023
63500 135.783074060639
63600 133.89396565573
63700 136.445810831587
63800 135.576966075187
63900 135.550665082784
64000 138.751214265165
64100 142.189777763882
64200 140.247904346555
64300 143.351307797959
64400 140.846426139646
64500 138.123378972694
64600 139.917209921131
64700 138.446465859419
64800 136.021148193042
64900 136.723413445511
65000 137.053607675719
65100 134.857338815799
65200 135.792926366999
65300 136.014772341109
65400 133.132388154023
65500 132.52104448866
65600 135.624478399572
65700 141.018966091495
65800 140.044322750658
65900 140.579243568977
66000 140.612025592775
66100 138.234738981043
66200 137.766734000854
66300 139.856600140081
66400 138.644279697208
66500 133.809462855616
66600 136.513620916348
66700 142.027064409309
66800 139.361176183238
66900 137.649719559426
67000 138.055197011811
67100 133.734163571075
67200 136.019225962905
67300 136.2642273207
67400 139.780072585145
67500 136.041870832815
67600 136.360741508676
67700 134.199535594639
67800 131.43735307492
67900 132.077177826201
68000 136.682127970927
68100 135.82969273847
68200 133.647177065124
68300 136.7648510935
68400 142.339141789493
68500 139.945048266419
68600 139.811423267559
68700 139.298952549242
68800 137.183193193639
68900 139.431158014751
69000 138.808297716985
69100 141.025516620014
69200 139.128415164955
69300 140.722144935822
69400 139.149715727879
69500 139.145473277892
69600 137.574380230555
69700 134.089583435324
69800 138.349719341417
69900 138.748295409564
70000 133.683476470757
70100 134.810155835873
70200 138.075574479726
70300 137.907510538295
70400 137.230545202994
70500 135.399236165609
70600 134.604332357023
70700 137.917280607797
70800 138.324229169719
70900 140.169808820713
71000 142.146692768696
71100 141.768117414454
71200 147.177449689521
71300 139.251728189952
71400 136.865271901811
71500 136.815620758691
71600 140.481078121325
71700 141.419995941312
71800 131.652921919935
71900 131.826034383761
72000 134.760858173014
72100 135.25390471413
72200 140.097592132629
72300 134.598443945251
72400 135.2387621935
72500 136.055101118712
72600 135.897535684917
72700 143.565674933957
72800 147.044968080737
72900 139.407496499181
73000 141.049960513809
73100 137.18509839304
73200 138.28052964207
73300 139.378928373986
73400 138.946322795464
73500 134.560755520977
73600 135.509358380555
73700 136.470955972107
73800 137.633229284208
73900 134.054742411003
74000 135.889069062161
74100 137.686810240397
74200 135.527661983658
74300 133.110651479992
74400 137.250481208199
74500 136.081189159826
74600 135.375270596873
74700 137.40559012747
74800 142.679688420792
74900 143.456965839855
75000 138.167320609113
75100 140.542512641111
75200 137.849232960531
75300 139.770967536503
75400 135.772570176442
75500 133.809689752239
75600 136.471108287381
75700 134.072336831167
75800 133.107968720865
75900 137.990386315691
76000 138.375385209832
76100 138.483009870121
76200 136.603154758769
76300 137.78276191197
76400 134.548763991789
76500 137.782049630546
76600 138.71180728287
76700 137.821402138744
76800 138.088173287453
76900 139.140461866808
77000 139.494558899698
77100 142.470507703765
77200 145.442502286139
77300 140.508696874867
77400 141.287541896635
77500 144.888559697833
77600 147.028581799293
77700 142.826379284194
77800 133.968978173937
77900 131.482872315149
78000 134.106460948292
78100 135.032721281491
78200 136.643371056498
78300 139.189164071071
78400 135.243409787035
78500 133.999431611828
78600 137.692911141583
78700 137.637888429391
78800 136.138580054773
78900 137.628296349438
79000 138.804937006209
79100 140.222725069459
79200 141.769565270872
79300 138.052680220197
79400 138.415656407762
79500 139.986162073514
79600 140.838482006494
79700 135.943313133046
79800 138.13915809011
79900 138.480609775174
80000 139.241190493031
80100 135.479616989218
80200 130.553629650163
80300 137.260746497888
80400 135.411138984837
80500 137.027459718148
80600 137.09266036392
80700 138.253170284597
80800 136.613674116303
80900 139.308296398171
81000 138.858067472952
81100 138.520109624778
81200 135.124472317611
81300 136.53534909076
81400 138.61147664304
81500 137.716549668268
81600 138.344757835504
81700 138.340772975638
81800 134.154677776757
81900 141.653220905826
82000 143.301561894867
82100 140.897160292171
82200 140.389868334615
82300 135.21003315844
82400 137.508447962309
82500 134.375287277817
82600 130.600265599296
82700 132.078609682867
82800 134.137735134959
82900 136.234569787237
83000 141.539288726041
83100 138.445081472267
83200 136.285546287742
83300 135.868453526974
83400 141.334382293409
83500 141.373367199645
83600 141.247867324048
83700 141.267987382211
83800 139.715438042869
83900 141.872151783779
84000 139.450369962692
84100 139.282590433921
84200 137.475541589207
84300 135.213253804501
84400 134.249676751988
84500 138.227558088444
84600 133.916017049125
84700 131.303360609046
84800 134.732170318463
84900 136.072625150057
85000 138.049924375638
85100 136.324423017007
85200 135.301559442118
85300 136.913069218434
85400 140.064848186944
85500 136.02580312662
85600 134.407512342507
85700 135.051832345088
85800 138.243107641009
85900 138.606499695981
86000 141.281099564446
86100 137.068344958435
86200 139.909426858499
86300 135.225519902717
86400 138.281184601397
86500 136.756848950429
86600 136.228300300412
86700 136.506311491984
86800 137.591202693418
86900 138.232241357057
87000 140.610177634614
87100 136.854370530672
87200 133.080340579743
87300 133.857952176647
87400 134.229254519193
87500 134.474101421214
87600 133.328956741339
87700 131.250172342272
87800 135.131250866128
87900 139.723691434118
88000 133.011989605085
88100 135.973019898077
88200 136.169165796592
88300 136.990922014244
88400 138.304931873453
88500 139.523111171464
88600 138.242089578984
88700 135.706817239117
88800 138.20013673583
88900 140.133316857384
89000 143.94413961447
89100 137.044176636
89200 140.794965179717
89300 142.522368747736
89400 140.644189922751
89500 134.522877058129
89600 136.125144932712
89700 136.801494059138
89800 140.004521912761
89900 138.098273824093
90000 138.84155956169
90100 137.702428004761
90200 138.50936156537
90300 137.272091082854
90400 136.890255296747
90500 135.064593171399
90600 140.156122430855
90700 138.967551849869
90800 137.166591679585
90900 138.108530085904
91000 140.846159587093
91100 139.29790993486
91200 138.065658035223
91300 138.580735586469
91400 137.040331797482
91500 134.37423670992
91600 133.508655348271
91700 130.459210561728
91800 129.252695677248
91900 133.032801132797
92000 132.577231081021
92100 134.821005289251
92200 134.024645651412
92300 136.385285017309
92400 137.964640730494
92500 137.603632777424
92600 137.345495796898
92700 139.947287455702
92800 141.582590715541
92900 140.135389794181
93000 137.25702028262
93100 136.558380009092
93200 141.324919376516
93300 138.282278186955
93400 138.521986123951
93500 133.94028745451
93600 134.659498936548
93700 135.243131304825
93800 134.709523650442
93900 135.685334280609
94000 137.141864533673
94100 133.121055903726
94200 134.082799688978
94300 133.779797741675
94400 137.746405522519
94500 137.956372428165
94600 139.253776367159
94700 140.677039571699
94800 140.370191636724
94900 144.865904588974
95000 140.472470922855
95100 136.655120990948
95200 140.126978178004
95300 140.091049572089
95400 141.975594810159
95500 138.114509093012
95600 138.957852409532
95700 135.740454127305
95800 134.878318936211
95900 140.869257846174
96000 136.759781100947
96100 133.444321170892
96200 135.068390878014
96300 137.191301997663
96400 137.911467017478
96500 134.979237439527
96600 134.049744097011
96700 138.651932401739
96800 138.366167378871
96900 139.993811260425
97000 140.392059538695
97100 139.749725741328
97200 138.45501773281
97300 135.851479559345
97400 139.093496066533
97500 141.588173006667
97600 140.88662717091
97700 141.570181183439
97800 134.27409275053
97900 132.469538248442
98000 134.524771067512
98100 133.677758960598
98200 136.443144354063
98300 133.858006548319
98400 131.994410694164
98500 133.7104732815
98600 133.494578168149
98700 138.07181511639
98800 137.907925724794
98900 140.692235541027
99000 137.627942331739
99100 135.532612233073
99200 141.880399212026
99300 137.858892755836
99400 137.900451201098
99500 139.631051715435
99600 139.015240276984
99700 141.472065555139
99800 144.742537820871
99900 141.265074355245
100000 135.791157380755
100100 130.185909434132
100200 132.617108478965
100300 139.938777000111
100400 136.274395546959
100500 136.966431432414
100600 136.471457102205
100700 134.684946399985
100800 138.216810565562
100900 136.296470961759
101000 137.725416266951
101100 139.89686632815
101200 140.780822936498
101300 140.997256746168
101400 142.494053914251
101500 140.684127890899
101600 143.258240962421
101700 138.973152734593
101800 138.892799041163
101900 134.762987220166
102000 134.534580183191
102100 137.389029330584
102200 137.728002744553
102300 141.210444448384
102400 138.859974182119
102500 138.927406596144
102600 133.914742464727
102700 136.21669611588
102800 134.413603959849
102900 133.947281000334
103000 137.785555957404
103100 135.490526362153
103200 137.378682713388
103300 144.133181008516
103400 139.886197662008
103500 141.034133674618
103600 137.153210294883
103700 140.101881585301
103800 141.184592353143
103900 146.465028446174
104000 143.414147224077
104100 144.467766176894
104200 140.679164752004
104300 135.888101435916
104400 138.739481154422
104500 133.223817098795
104600 133.511839317899
104700 138.714353610652
104800 134.984331879088
104900 132.212584572203
105000 133.91195092142
105100 131.841241631961
105200 133.732746606227
105300 138.358651059536
105400 135.870635134264
105500 138.70309545618
105600 140.411748259338
105700 139.934946368226
105800 141.511340763468
105900 141.398999403409
106000 141.026957230053
106100 141.451077322007
106200 138.392960762506
106300 138.42994513368
106400 134.772469202963
106500 135.823446365857
106600 133.699242994346
106700 135.200690806528
106800 133.757910088425
106900 132.176627327626
107000 130.94296833021
107100 134.667382073066
107200 134.867230301846
107300 134.441768567274
107400 132.135734147103
107500 136.416053625736
107600 135.172793246406
107700 141.027333947139
107800 134.604263320624
107900 139.243425666387
108000 139.247261168034
108100 136.666282302375
108200 136.913327492135
108300 135.938626217355
108400 133.735207369696
108500 133.014926226594
108600 137.056865926441
108700 134.961117321126
108800 134.31593460815
108900 136.547379748356
109000 137.878471919519
109100 133.9821698219
109200 129.223233168954
109300 132.364655065597
109400 140.316487784982
109500 135.956299978004
109600 138.277001929974
109700 137.320226776919
109800 135.976161002619
109900 139.80898236138
110000 137.171399971914
110100 138.775215401154
110200 139.368060939877
110300 139.217156707819
110400 138.32260633872
110500 140.303278780764
110600 140.056982327796
110700 140.603593166014
110800 136.909068024534
110900 132.048356284879
111000 128.418612149462
111100 131.870077490687
111200 134.131874357807
111300 130.46506620263
111400 127.924809775385
111500 131.806528822478
111600 132.953865907996
111700 138.484838935411
111800 137.709925553651
111900 141.121654551796
112000 138.817495845207
112100 142.253797445097
112200 139.037359063283
112300 139.163540321474
112400 136.325871204005
112500 138.262604554899
112600 136.552617840026
112700 137.414157743307
112800 138.976689208681
112900 138.032269808791
113000 136.825875974176
113100 138.572143962622
113200 137.996916188157
113300 134.449249243374
113400 133.4842198391
113500 135.913726212719
113600 137.099607960565
113700 134.900396205838
113800 131.332939671653
113900 132.904094209011
114000 132.475907897065
114100 135.750514755031
114200 135.149509124428
114300 135.148620856962
114400 140.232865536646
114500 142.293365102581
114600 142.412624879756
114700 140.841025856232
114800 143.844615968175
114900 139.785478227964
115000 141.965415290782
115100 136.923096066515
115200 134.76528649534
115300 138.860702173996
115400 135.22478502441
115500 135.979083589618
115600 135.110400039566
115700 137.06287562898
115800 135.608606249194
115900 133.609934263394
116000 134.151007892937
116100 139.866249441134
116200 136.696188936252
116300 139.530838382212
116400 139.845577209604
116500 138.757186592922
116600 139.205220070214
116700 138.43408415865
116800 142.301786204247
116900 140.495969761976
117000 141.288609006812
117100 141.022898174814
117200 138.752581074542
117300 140.229887976169
117400 139.296937524353
117500 137.174330223748
117600 136.893302518414
117700 135.499638983047
117800 135.564929053141
117900 135.558056445829
118000 137.652659341953
118100 138.852534442766
118200 138.310608683618
118300 135.370576191763
118400 133.187672033189
118500 136.017212130626
118600 137.802458242311
118700 138.728591943921
118800 140.86877060519
118900 136.828052561078
119000 136.67538639902
119100 138.341991541705
119200 141.138947184727
119300 139.959190327081
119400 139.000064454564
119500 141.712330134988
119600 137.750188300315
119700 138.542840800319
119800 140.616462727135
119900 137.360278407861
120000 137.203938204124
120100 131.99346686841
120200 131.93390131644
120300 132.448230608
120400 129.933507932324
120500 131.642505476721
120600 131.786683585955
120700 137.512436153694
120800 139.023686586013
120900 140.970069585302
121000 144.459908690395
121100 143.734414399361
121200 139.768852855402
121300 137.570882959349
121400 140.031950090162
121500 139.137727982282
121600 139.004630034631
121700 139.845126367107
121800 137.993276652066
121900 138.673819645216
122000 136.603335962579
122100 140.503284340497
122200 135.614705104145
122300 135.248035851525
122400 135.971290780326
122500 137.88259414868
122600 134.334696795327
122700 135.693147199855
122800 136.076077629582
122900 138.812129934212
123000 140.45614057971
123100 136.562875272654
123200 138.257142111292
123300 137.46478167494
123400 140.07528312574
123500 137.541084210058
123600 136.203745057498
123700 134.696912266044
123800 138.221904755858
123900 138.091632904197
124000 138.820578787357
124100 141.043411987216
124200 138.690041825611
124300 137.282063465633
124400 135.342901206994
124500 134.856848609594
124600 135.779601278744
124700 136.974471209506
124800 139.510444364235
124900 136.181062187667
125000 136.020591072327
125100 133.870403631123
125200 131.988523390125
125300 134.535801106003
125400 137.339905135182
125500 137.03501824781
125600 137.496323499242
125700 137.036012772842
125800 136.902996345237
125900 140.881840788743
126000 140.4834161628
126100 142.28240686886
126200 142.4195360178
126300 137.687603656691
126400 134.157147385986
126500 137.963643510131
126600 138.53441356631
126700 137.372220564854
126800 133.667746380122
126900 134.016508069908
127000 135.611515310295
127100 134.486517810426
127200 135.47298801278
127300 134.706097074669
127400 140.668770476678
127500 133.247035882973
127600 136.742522451152
127700 137.359681553619
127800 137.631681457936
127900 137.125704827606
128000 141.154514223528
128100 138.797966844985
128200 141.811413517118
128300 139.699877421678
128400 137.804673992436
128500 143.186582133045
128600 141.511656951405
128700 136.853040997536
128800 135.899236595425
128900 135.360356608959
129000 134.459955895157
129100 133.526554828988
129200 139.893793899811
129300 136.544663664201
129400 136.381258722635
129500 138.977590717799
129600 138.638278785544
129700 140.43397387165
129800 135.790622367277
129900 135.751433462563
130000 136.665467423421
130100 136.689969665651
130200 138.303635597887
130300 142.46324369815
130400 140.270615352611
130500 142.439997982692
130600 145.765467867929
130700 142.420239885925
130800 138.622049537191
130900 138.370792543029
131000 136.892327657483
131100 136.18883545478
131200 133.030693070248
131300 137.042346429893
131400 137.23449487373
131500 139.034775745622
131600 139.909966918606
131700 142.601236065702
131800 140.071460899773
131900 141.136038703215
132000 137.904757284656
132100 136.907197068585
132200 139.065136705015
132300 138.34167491425
132400 138.479010565199
132500 139.084457133327
132600 138.329779260177
132700 138.179234894348
132800 138.273218171557
132900 137.248018621808
133000 137.22448980633
133100 134.807539610012
133200 137.570744173554
133300 138.506384657039
133400 140.525791952195
133500 136.107754114743
133600 135.912827601534
133700 134.939057918785
133800 134.652586074916
133900 136.739396009967
134000 134.451541045617
134100 139.725747449261
134200 137.632942861989
134300 136.160977892394
134400 137.791547416555
134500 137.75455500133
134600 138.157892403714
134700 136.92220886123
134800 137.151782750452
134900 139.992652582703
135000 140.121913263218
135100 138.141729161165
135200 137.757797056627
135300 133.365595446567
135400 138.301371458406
135500 136.896463215508
135600 137.381945725306
135700 136.671574487486
135800 137.021545894786
135900 131.965998241789
136000 133.578012495285
136100 140.355940009301
136200 135.702245820149
136300 138.745830471879
136400 138.222940450988
136500 139.396330279605
136600 137.087300884236
136700 137.789711553073
136800 136.684353810977
136900 135.55178052102
137000 138.461927643235
137100 135.824327217621
137200 136.060349080279
137300 136.872115436091
137400 136.203771368233
137500 133.024947810046
137600 137.364274229931
137700 138.296961784025
137800 139.82718611375
137900 137.626921144204
138000 135.770495691722
138100 133.542061421868
138200 133.91671268956
138300 134.100171057307
138400 137.501885779399
138500 137.245815758096
138600 136.135392514881
138700 139.602817088675
138800 142.03670452089
138900 145.678247606309
139000 140.276935180081
139100 139.749641030287
139200 137.527742394527
139300 140.009742360103
139400 139.245347891724
139500 136.820761519562
139600 137.736249381246
139700 135.075575057202
139800 135.433794331928
139900 133.38692764282
140000 132.234579509309
140100 137.704661544043
140200 140.794631634884
140300 135.774720316515
140400 133.029341545525
140500 130.516021175147
140600 134.812695375247
140700 135.48045347735
140800 138.744964362872
140900 139.807793319918
141000 138.976856015584
141100 139.791700665502
141200 141.591671814494
141300 141.991807669655
141400 131.670320825104
141500 133.612500556642
141600 137.229254722603
141700 137.606026089443
141800 140.614171684358
141900 136.824885536163
142000 133.868658149384
142100 134.247451376466
142200 131.995759083642
142300 133.800517855062
142400 132.218121759465
142500 132.648015373101
142600 137.510998066454
142700 141.39914124602
142800 139.71975359761
142900 137.875659531761
143000 135.375634177331
143100 139.56060212064
143200 138.697600693338
143300 136.381677289971
143400 136.445574735375
143500 138.057555838349
143600 136.05716173201
143700 136.54907052802
143800 138.320177648719
143900 137.804975651199
144000 134.589265099701
144100 134.98373282316
144200 134.903664339914
144300 138.513843733093
144400 140.37008419099
144500 133.212164499468
144600 135.566824267131
144700 138.417760226911
144800 135.801692403922
144900 139.198367591442
145000 138.16581808648
145100 135.261462016061
145200 145.176253689326
145300 140.443977740037
145400 138.187055996446
145500 141.312187157088
145600 146.034607395089
145700 139.064845066035
145800 137.648676918411
145900 137.897668329495
146000 138.019983657557
146100 132.42533501728
146200 137.757744513573
146300 135.203573384064
146400 134.680837490525
146500 135.329459356351
146600 137.119597314157
146700 135.674907370587
146800 135.713766373605
146900 139.297038304602
147000 136.639670728211
147100 138.733787598354
147200 142.328877910036
147300 141.450667405022
147400 141.05374332968
147500 141.617817295675
147600 140.646325997272
147700 137.806479287511
147800 138.352580960205
147900 137.92543941136
148000 134.669052399618
148100 133.261224052717
148200 138.868442835189
148300 139.148779709782
148400 137.353190494879
148500 133.027270243696
148600 137.665510396927
148700 136.955317572858
148800 135.515313705139
148900 136.787260499836
149000 136.973922512332
149100 139.183866965542
149200 139.255605025864
149300 138.931110510457
149400 140.072934721134
149500 135.501379246277
149600 137.112164893443
149700 144.273891993458
149800 142.181189834233
149900 139.18145002982
150000 140.729687026525
