#Tiempo [fms]    VolumenMolar [lts/mol]
50100 0.178460216328345
50200 0.178460216328345
50300 0.178460216328345
50400 0.178460216328345
50500 0.178460216328345
50600 0.178460216328345
50700 0.178460216328345
50800 0.178460216328345
50900 0.178460216328345
51000 0.178460216328345
51100 0.178460216328345
51200 0.178460216328345
51300 0.178460216328345
51400 0.178460216328345
51500 0.178460216328345
51600 0.178460216328345
51700 0.178460216328345
51800 0.178460216328345
51900 0.178460216328345
52000 0.178460216328345
52100 0.178460216328345
52200 0.178460216328345
52300 0.178460216328345
52400 0.178460216328345
52500 0.178460216328345
52600 0.178460216328345
52700 0.178460216328345
52800 0.178460216328345
52900 0.178460216328345
53000 0.178460216328345
53100 0.178460216328345
53200 0.178460216328345
53300 0.178460216328345
53400 0.178460216328345
53500 0.178460216328345
53600 0.178460216328345
53700 0.178460216328345
53800 0.178460216328345
53900 0.178460216328345
54000 0.178460216328345
54100 0.178460216328345
54200 0.178460216328345
54300 0.178460216328345
54400 0.178460216328345
54500 0.178460216328345
54600 0.178460216328345
54700 0.178460216328345
54800 0.178460216328345
54900 0.178460216328345
55000 0.178460216328345
55100 0.178460216328345
55200 0.178460216328345
55300 0.178460216328345
55400 0.178460216328345
55500 0.178460216328345
55600 0.178460216328345
55700 0.178460216328345
55800 0.178460216328345
55900 0.178460216328345
56000 0.178460216328345
56100 0.178460216328345
56200 0.178460216328345
56300 0.178460216328345
56400 0.178460216328345
56500 0.178460216328345
56600 0.178460216328345
56700 0.178460216328345
56800 0.178460216328345
56900 0.178460216328345
57000 0.178460216328345
57100 0.178460216328345
57200 0.178460216328345
57300 0.178460216328345
57400 0.178460216328345
57500 0.178460216328345
57600 0.178460216328345
57700 0.178460216328345
57800 0.178460216328345
57900 0.178460216328345
58000 0.178460216328345
58100 0.178460216328345
58200 0.178460216328345
58300 0.178460216328345
58400 0.178460216328345
58500 0.178460216328345
58600 0.178460216328345
58700 0.178460216328345
58800 0.178460216328345
58900 0.178460216328345
59000 0.178460216328345
59100 0.178460216328345
59200 0.178460216328345
59300 0.178460216328345
59400 0.178460216328345
59500 0.178460216328345
59600 0.178460216328345
59700 0.178460216328345
59800 0.178460216328345
59900 0.178460216328345
60000 0.178460216328345
60100 0.178460216328345
60200 0.178460216328345
60300 0.178460216328345
60400 0.178460216328345
60500 0.178460216328345
60600 0.178460216328345
60700 0.178460216328345
60800 0.178460216328345
60900 0.178460216328345
61000 0.178460216328345
61100 0.178460216328345
61200 0.178460216328345
61300 0.178460216328345
61400 0.178460216328345
61500 0.178460216328345
61600 0.178460216328345
61700 0.178460216328345
61800 0.178460216328345
61900 0.178460216328345
62000 0.178460216328345
62100 0.178460216328345
62200 0.178460216328345
62300 0.178460216328345
62400 0.178460216328345
62500 0.178460216328345
62600 0.178460216328345
62700 0.178460216328345
62800 0.178460216328345
62900 0.178460216328345
63000 0.178460216328345
63100 0.178460216328345
63200 0.178460216328345
63300 0.178460216328345
63400 0.178460216328345
63500 0.178460216328345
63600 0.178460216328345
63700 0.178460216328345
63800 0.178460216328345
63900 0.178460216328345
64000 0.178460216328345
64100 0.178460216328345
64200 0.178460216328345
64300 0.178460216328345
64400 0.178460216328345
64500 0.178460216328345
64600 0.178460216328345
64700 0.178460216328345
64800 0.178460216328345
64900 0.178460216328345
65000 0.178460216328345
65100 0.178460216328345
65200 0.178460216328345
65300 0.178460216328345
65400 0.178460216328345
65500 0.178460216328345
65600 0.178460216328345
65700 0.178460216328345
65800 0.178460216328345
65900 0.178460216328345
66000 0.178460216328345
66100 0.178460216328345
66200 0.178460216328345
66300 0.178460216328345
66400 0.178460216328345
66500 0.178460216328345
66600 0.178460216328345
66700 0.178460216328345
66800 0.178460216328345
66900 0.178460216328345
67000 0.178460216328345
67100 0.178460216328345
67200 0.178460216328345
67300 0.178460216328345
67400 0.178460216328345
67500 0.178460216328345
67600 0.178460216328345
67700 0.178460216328345
67800 0.178460216328345
67900 0.178460216328345
68000 0.178460216328345
68100 0.178460216328345
68200 0.178460216328345
68300 0.178460216328345
68400 0.178460216328345
68500 0.178460216328345
68600 0.178460216328345
68700 0.178460216328345
68800 0.178460216328345
68900 0.178460216328345
69000 0.178460216328345
69100 0.178460216328345
69200 0.178460216328345
69300 0.178460216328345
69400 0.178460216328345
69500 0.178460216328345
69600 0.178460216328345
69700 0.178460216328345
69800 0.178460216328345
69900 0.178460216328345
70000 0.178460216328345
70100 0.178460216328345
70200 0.178460216328345
70300 0.178460216328345
70400 0.178460216328345
70500 0.178460216328345
70600 0.178460216328345
70700 0.178460216328345
70800 0.178460216328345
70900 0.178460216328345
71000 0.178460216328345
71100 0.178460216328345
71200 0.178460216328345
71300 0.178460216328345
71400 0.178460216328345
71500 0.178460216328345
71600 0.178460216328345
71700 0.178460216328345
71800 0.178460216328345
71900 0.178460216328345
72000 0.178460216328345
72100 0.178460216328345
72200 0.178460216328345
72300 0.178460216328345
72400 0.178460216328345
72500 0.178460216328345
72600 0.178460216328345
72700 0.178460216328345
72800 0.178460216328345
72900 0.178460216328345
73000 0.178460216328345
73100 0.178460216328345
73200 0.178460216328345
73300 0.178460216328345
73400 0.178460216328345
73500 0.178460216328345
73600 0.178460216328345
73700 0.178460216328345
73800 0.178460216328345
73900 0.178460216328345
74000 0.178460216328345
74100 0.178460216328345
74200 0.178460216328345
74300 0.178460216328345
74400 0.178460216328345
74500 0.178460216328345
74600 0.178460216328345
74700 0.178460216328345
74800 0.178460216328345
74900 0.178460216328345
75000 0.178460216328345
75100 0.178460216328345
75200 0.178460216328345
75300 0.178460216328345
75400 0.178460216328345
75500 0.178460216328345
75600 0.178460216328345
75700 0.178460216328345
75800 0.178460216328345
75900 0.178460216328345
76000 0.178460216328345
76100 0.178460216328345
76200 0.178460216328345
76300 0.178460216328345
76400 0.178460216328345
76500 0.178460216328345
76600 0.178460216328345
76700 0.178460216328345
76800 0.178460216328345
76900 0.178460216328345
77000 0.178460216328345
77100 0.178460216328345
77200 0.178460216328345
77300 0.178460216328345
77400 0.178460216328345
77500 0.178460216328345
77600 0.178460216328345
77700 0.178460216328345
77800 0.178460216328345
77900 0.178460216328345
78000 0.178460216328345
78100 0.178460216328345
78200 0.178460216328345
78300 0.178460216328345
78400 0.178460216328345
78500 0.178460216328345
78600 0.178460216328345
78700 0.178460216328345
78800 0.178460216328345
78900 0.178460216328345
79000 0.178460216328345
79100 0.178460216328345
79200 0.178460216328345
79300 0.178460216328345
79400 0.178460216328345
79500 0.178460216328345
79600 0.178460216328345
79700 0.178460216328345
79800 0.178460216328345
79900 0.178460216328345
80000 0.178460216328345
80100 0.178460216328345
80200 0.178460216328345
80300 0.178460216328345
80400 0.178460216328345
80500 0.178460216328345
80600 0.178460216328345
80700 0.178460216328345
80800 0.178460216328345
80900 0.178460216328345
81000 0.178460216328345
81100 0.178460216328345
81200 0.178460216328345
81300 0.178460216328345
81400 0.178460216328345
81500 0.178460216328345
81600 0.178460216328345
81700 0.178460216328345
81800 0.178460216328345
81900 0.178460216328345
82000 0.178460216328345
82100 0.178460216328345
82200 0.178460216328345
82300 0.178460216328345
82400 0.178460216328345
82500 0.178460216328345
82600 0.178460216328345
82700 0.178460216328345
82800 0.178460216328345
82900 0.178460216328345
83000 0.178460216328345
83100 0.178460216328345
83200 0.178460216328345
83300 0.178460216328345
83400 0.178460216328345
83500 0.178460216328345
83600 0.178460216328345
83700 0.178460216328345
83800 0.178460216328345
83900 0.178460216328345
84000 0.178460216328345
84100 0.178460216328345
84200 0.178460216328345
84300 0.178460216328345
84400 0.178460216328345
84500 0.178460216328345
84600 0.178460216328345
84700 0.178460216328345
84800 0.178460216328345
84900 0.178460216328345
85000 0.178460216328345
85100 0.178460216328345
85200 0.178460216328345
85300 0.178460216328345
85400 0.178460216328345
85500 0.178460216328345
85600 0.178460216328345
85700 0.178460216328345
85800 0.178460216328345
85900 0.178460216328345
86000 0.178460216328345
86100 0.178460216328345
86200 0.178460216328345
86300 0.178460216328345
86400 0.178460216328345
86500 0.178460216328345
86600 0.178460216328345
86700 0.178460216328345
86800 0.178460216328345
86900 0.178460216328345
87000 0.178460216328345
87100 0.178460216328345
87200 0.178460216328345
87300 0.178460216328345
87400 0.178460216328345
87500 0.178460216328345
87600 0.178460216328345
87700 0.178460216328345
87800 0.178460216328345
87900 0.178460216328345
88000 0.178460216328345
88100 0.178460216328345
88200 0.178460216328345
88300 0.178460216328345
88400 0.178460216328345
88500 0.178460216328345
88600 0.178460216328345
88700 0.178460216328345
88800 0.178460216328345
88900 0.178460216328345
89000 0.178460216328345
89100 0.178460216328345
89200 0.178460216328345
89300 0.178460216328345
89400 0.178460216328345
89500 0.178460216328345
89600 0.178460216328345
89700 0.178460216328345
89800 0.178460216328345
89900 0.178460216328345
90000 0.178460216328345
90100 0.178460216328345
90200 0.178460216328345
90300 0.178460216328345
90400 0.178460216328345
90500 0.178460216328345
90600 0.178460216328345
90700 0.178460216328345
90800 0.178460216328345
90900 0.178460216328345
91000 0.178460216328345
91100 0.178460216328345
91200 0.178460216328345
91300 0.178460216328345
91400 0.178460216328345
91500 0.178460216328345
91600 0.178460216328345
91700 0.178460216328345
91800 0.178460216328345
91900 0.178460216328345
92000 0.178460216328345
92100 0.178460216328345
92200 0.178460216328345
92300 0.178460216328345
92400 0.178460216328345
92500 0.178460216328345
92600 0.178460216328345
92700 0.178460216328345
92800 0.178460216328345
92900 0.178460216328345
93000 0.178460216328345
93100 0.178460216328345
93200 0.178460216328345
93300 0.178460216328345
93400 0.178460216328345
93500 0.178460216328345
93600 0.178460216328345
93700 0.178460216328345
93800 0.178460216328345
93900 0.178460216328345
94000 0.178460216328345
94100 0.178460216328345
94200 0.178460216328345
94300 0.178460216328345
94400 0.178460216328345
94500 0.178460216328345
94600 0.178460216328345
94700 0.178460216328345
94800 0.178460216328345
94900 0.178460216328345
95000 0.178460216328345
95100 0.178460216328345
95200 0.178460216328345
95300 0.178460216328345
95400 0.178460216328345
95500 0.178460216328345
95600 0.178460216328345
95700 0.178460216328345
95800 0.178460216328345
95900 0.178460216328345
96000 0.178460216328345
96100 0.178460216328345
96200 0.178460216328345
96300 0.178460216328345
96400 0.178460216328345
96500 0.178460216328345
96600 0.178460216328345
96700 0.178460216328345
96800 0.178460216328345
96900 0.178460216328345
97000 0.178460216328345
97100 0.178460216328345
97200 0.178460216328345
97300 0.178460216328345
97400 0.178460216328345
97500 0.178460216328345
97600 0.178460216328345
97700 0.178460216328345
97800 0.178460216328345
97900 0.178460216328345
98000 0.178460216328345
98100 0.178460216328345
98200 0.178460216328345
98300 0.178460216328345
98400 0.178460216328345
98500 0.178460216328345
98600 0.178460216328345
98700 0.178460216328345
98800 0.178460216328345
98900 0.178460216328345
99000 0.178460216328345
99100 0.178460216328345
99200 0.178460216328345
99300 0.178460216328345
99400 0.178460216328345
99500 0.178460216328345
99600 0.178460216328345
99700 0.178460216328345
99800 0.178460216328345
99900 0.178460216328345
100000 0.178460216328345
100100 0.178460216328345
100200 0.178460216328345
100300 0.178460216328345
100400 0.178460216328345
100500 0.178460216328345
100600 0.178460216328345
100700 0.178460216328345
100800 0.178460216328345
100900 0.178460216328345
101000 0.178460216328345
101100 0.178460216328345
101200 0.178460216328345
101300 0.178460216328345
101400 0.178460216328345
101500 0.178460216328345
101600 0.178460216328345
101700 0.178460216328345
101800 0.178460216328345
101900 0.178460216328345
102000 0.178460216328345
102100 0.178460216328345
102200 0.178460216328345
102300 0.178460216328345
102400 0.178460216328345
102500 0.178460216328345
102600 0.178460216328345
102700 0.178460216328345
102800 0.178460216328345
102900 0.178460216328345
103000 0.178460216328345
103100 0.178460216328345
103200 0.178460216328345
103300 0.178460216328345
103400 0.178460216328345
103500 0.178460216328345
103600 0.178460216328345
103700 0.178460216328345
103800 0.178460216328345
103900 0.178460216328345
104000 0.178460216328345
104100 0.178460216328345
104200 0.178460216328345
104300 0.178460216328345
104400 0.178460216328345
104500 0.178460216328345
104600 0.178460216328345
104700 0.178460216328345
104800 0.178460216328345
104900 0.178460216328345
105000 0.178460216328345
105100 0.178460216328345
105200 0.178460216328345
105300 0.178460216328345
105400 0.178460216328345
105500 0.178460216328345
105600 0.178460216328345
105700 0.178460216328345
105800 0.178460216328345
105900 0.178460216328345
106000 0.178460216328345
106100 0.178460216328345
106200 0.178460216328345
106300 0.178460216328345
106400 0.178460216328345
106500 0.178460216328345
106600 0.178460216328345
106700 0.178460216328345
106800 0.178460216328345
106900 0.178460216328345
107000 0.178460216328345
107100 0.178460216328345
107200 0.178460216328345
107300 0.178460216328345
107400 0.178460216328345
107500 0.178460216328345
107600 0.178460216328345
107700 0.178460216328345
107800 0.178460216328345
107900 0.178460216328345
108000 0.178460216328345
108100 0.178460216328345
108200 0.178460216328345
108300 0.178460216328345
108400 0.178460216328345
108500 0.178460216328345
108600 0.178460216328345
108700 0.178460216328345
108800 0.178460216328345
108900 0.178460216328345
109000 0.178460216328345
109100 0.178460216328345
109200 0.178460216328345
109300 0.178460216328345
109400 0.178460216328345
109500 0.178460216328345
109600 0.178460216328345
109700 0.178460216328345
109800 0.178460216328345
109900 0.178460216328345
110000 0.178460216328345
110100 0.178460216328345
110200 0.178460216328345
110300 0.178460216328345
110400 0.178460216328345
110500 0.178460216328345
110600 0.178460216328345
110700 0.178460216328345
110800 0.178460216328345
110900 0.178460216328345
111000 0.178460216328345
111100 0.178460216328345
111200 0.178460216328345
111300 0.178460216328345
111400 0.178460216328345
111500 0.178460216328345
111600 0.178460216328345
111700 0.178460216328345
111800 0.178460216328345
111900 0.178460216328345
112000 0.178460216328345
112100 0.178460216328345
112200 0.178460216328345
112300 0.178460216328345
112400 0.178460216328345
112500 0.178460216328345
112600 0.178460216328345
112700 0.178460216328345
112800 0.178460216328345
112900 0.178460216328345
113000 0.178460216328345
113100 0.178460216328345
113200 0.178460216328345
113300 0.178460216328345
113400 0.178460216328345
113500 0.178460216328345
113600 0.178460216328345
113700 0.178460216328345
113800 0.178460216328345
113900 0.178460216328345
114000 0.178460216328345
114100 0.178460216328345
114200 0.178460216328345
114300 0.178460216328345
114400 0.178460216328345
114500 0.178460216328345
114600 0.178460216328345
114700 0.178460216328345
114800 0.178460216328345
114900 0.178460216328345
115000 0.178460216328345
115100 0.178460216328345
115200 0.178460216328345
115300 0.178460216328345
115400 0.178460216328345
115500 0.178460216328345
115600 0.178460216328345
115700 0.178460216328345
115800 0.178460216328345
115900 0.178460216328345
116000 0.178460216328345
116100 0.178460216328345
116200 0.178460216328345
116300 0.178460216328345
116400 0.178460216328345
116500 0.178460216328345
116600 0.178460216328345
116700 0.178460216328345
116800 0.178460216328345
116900 0.178460216328345
117000 0.178460216328345
117100 0.178460216328345
117200 0.178460216328345
117300 0.178460216328345
117400 0.178460216328345
117500 0.178460216328345
117600 0.178460216328345
117700 0.178460216328345
117800 0.178460216328345
117900 0.178460216328345
118000 0.178460216328345
118100 0.178460216328345
118200 0.178460216328345
118300 0.178460216328345
118400 0.178460216328345
118500 0.178460216328345
118600 0.178460216328345
118700 0.178460216328345
118800 0.178460216328345
118900 0.178460216328345
119000 0.178460216328345
119100 0.178460216328345
119200 0.178460216328345
119300 0.178460216328345
119400 0.178460216328345
119500 0.178460216328345
119600 0.178460216328345
119700 0.178460216328345
119800 0.178460216328345
119900 0.178460216328345
120000 0.178460216328345
120100 0.178460216328345
120200 0.178460216328345
120300 0.178460216328345
120400 0.178460216328345
120500 0.178460216328345
120600 0.178460216328345
120700 0.178460216328345
120800 0.178460216328345
120900 0.178460216328345
121000 0.178460216328345
121100 0.178460216328345
121200 0.178460216328345
121300 0.178460216328345
121400 0.178460216328345
121500 0.178460216328345
121600 0.178460216328345
121700 0.178460216328345
121800 0.178460216328345
121900 0.178460216328345
122000 0.178460216328345
122100 0.178460216328345
122200 0.178460216328345
122300 0.178460216328345
122400 0.178460216328345
122500 0.178460216328345
122600 0.178460216328345
122700 0.178460216328345
122800 0.178460216328345
122900 0.178460216328345
123000 0.178460216328345
123100 0.178460216328345
123200 0.178460216328345
123300 0.178460216328345
123400 0.178460216328345
123500 0.178460216328345
123600 0.178460216328345
123700 0.178460216328345
123800 0.178460216328345
123900 0.178460216328345
124000 0.178460216328345
124100 0.178460216328345
124200 0.178460216328345
124300 0.178460216328345
124400 0.178460216328345
124500 0.178460216328345
124600 0.178460216328345
124700 0.178460216328345
124800 0.178460216328345
124900 0.178460216328345
125000 0.178460216328345
125100 0.178460216328345
125200 0.178460216328345
125300 0.178460216328345
125400 0.178460216328345
125500 0.178460216328345
125600 0.178460216328345
125700 0.178460216328345
125800 0.178460216328345
125900 0.178460216328345
126000 0.178460216328345
126100 0.178460216328345
126200 0.178460216328345
126300 0.178460216328345
126400 0.178460216328345
126500 0.178460216328345
126600 0.178460216328345
126700 0.178460216328345
126800 0.178460216328345
126900 0.178460216328345
127000 0.178460216328345
127100 0.178460216328345
127200 0.178460216328345
127300 0.178460216328345
127400 0.178460216328345
127500 0.178460216328345
127600 0.178460216328345
127700 0.178460216328345
127800 0.178460216328345
127900 0.178460216328345
128000 0.178460216328345
128100 0.178460216328345
128200 0.178460216328345
128300 0.178460216328345
128400 0.178460216328345
128500 0.178460216328345
128600 0.178460216328345
128700 0.178460216328345
128800 0.178460216328345
128900 0.178460216328345
129000 0.178460216328345
129100 0.178460216328345
129200 0.178460216328345
129300 0.178460216328345
129400 0.178460216328345
129500 0.178460216328345
129600 0.178460216328345
129700 0.178460216328345
129800 0.178460216328345
129900 0.178460216328345
130000 0.178460216328345
130100 0.178460216328345
130200 0.178460216328345
130300 0.178460216328345
130400 0.178460216328345
130500 0.178460216328345
130600 0.178460216328345
130700 0.178460216328345
130800 0.178460216328345
130900 0.178460216328345
131000 0.178460216328345
131100 0.178460216328345
131200 0.178460216328345
131300 0.178460216328345
131400 0.178460216328345
131500 0.178460216328345
131600 0.178460216328345
131700 0.178460216328345
131800 0.178460216328345
131900 0.178460216328345
132000 0.178460216328345
132100 0.178460216328345
132200 0.178460216328345
132300 0.178460216328345
132400 0.178460216328345
132500 0.178460216328345
132600 0.178460216328345
132700 0.178460216328345
132800 0.178460216328345
132900 0.178460216328345
133000 0.178460216328345
133100 0.178460216328345
133200 0.178460216328345
133300 0.178460216328345
133400 0.178460216328345
133500 0.178460216328345
133600 0.178460216328345
133700 0.178460216328345
133800 0.178460216328345
133900 0.178460216328345
134000 0.178460216328345
134100 0.178460216328345
134200 0.178460216328345
134300 0.178460216328345
134400 0.178460216328345
134500 0.178460216328345
134600 0.178460216328345
134700 0.178460216328345
134800 0.178460216328345
134900 0.178460216328345
135000 0.178460216328345
135100 0.178460216328345
135200 0.178460216328345
135300 0.178460216328345
135400 0.178460216328345
135500 0.178460216328345
135600 0.178460216328345
135700 0.178460216328345
135800 0.178460216328345
135900 0.178460216328345
136000 0.178460216328345
136100 0.178460216328345
136200 0.178460216328345
136300 0.178460216328345
136400 0.178460216328345
136500 0.178460216328345
136600 0.178460216328345
136700 0.178460216328345
136800 0.178460216328345
136900 0.178460216328345
137000 0.178460216328345
137100 0.178460216328345
137200 0.178460216328345
137300 0.178460216328345
137400 0.178460216328345
137500 0.178460216328345
137600 0.178460216328345
137700 0.178460216328345
137800 0.178460216328345
137900 0.178460216328345
138000 0.178460216328345
138100 0.178460216328345
138200 0.178460216328345
138300 0.178460216328345
138400 0.178460216328345
138500 0.178460216328345
138600 0.178460216328345
138700 0.178460216328345
138800 0.178460216328345
138900 0.178460216328345
139000 0.178460216328345
139100 0.178460216328345
139200 0.178460216328345
139300 0.178460216328345
139400 0.178460216328345
139500 0.178460216328345
139600 0.178460216328345
139700 0.178460216328345
139800 0.178460216328345
139900 0.178460216328345
140000 0.178460216328345
140100 0.178460216328345
140200 0.178460216328345
140300 0.178460216328345
140400 0.178460216328345
140500 0.178460216328345
140600 0.178460216328345
140700 0.178460216328345
140800 0.178460216328345
140900 0.178460216328345
141000 0.178460216328345
141100 0.178460216328345
141200 0.178460216328345
141300 0.178460216328345
141400 0.178460216328345
141500 0.178460216328345
141600 0.178460216328345
141700 0.178460216328345
141800 0.178460216328345
141900 0.178460216328345
142000 0.178460216328345
142100 0.178460216328345
142200 0.178460216328345
142300 0.178460216328345
142400 0.178460216328345
142500 0.178460216328345
142600 0.178460216328345
142700 0.178460216328345
142800 0.178460216328345
142900 0.178460216328345
143000 0.178460216328345
143100 0.178460216328345
143200 0.178460216328345
143300 0.178460216328345
143400 0.178460216328345
143500 0.178460216328345
143600 0.178460216328345
143700 0.178460216328345
143800 0.178460216328345
143900 0.178460216328345
144000 0.178460216328345
144100 0.178460216328345
144200 0.178460216328345
144300 0.178460216328345
144400 0.178460216328345
144500 0.178460216328345
144600 0.178460216328345
144700 0.178460216328345
144800 0.178460216328345
144900 0.178460216328345
145000 0.178460216328345
145100 0.178460216328345
145200 0.178460216328345
145300 0.178460216328345
145400 0.178460216328345
145500 0.178460216328345
145600 0.178460216328345
145700 0.178460216328345
145800 0.178460216328345
145900 0.178460216328345
146000 0.178460216328345
146100 0.178460216328345
146200 0.178460216328345
146300 0.178460216328345
146400 0.178460216328345
146500 0.178460216328345
146600 0.178460216328345
146700 0.178460216328345
146800 0.178460216328345
146900 0.178460216328345
147000 0.178460216328345
147100 0.178460216328345
147200 0.178460216328345
147300 0.178460216328345
147400 0.178460216328345
147500 0.178460216328345
147600 0.178460216328345
147700 0.178460216328345
147800 0.178460216328345
147900 0.178460216328345
148000 0.178460216328345
148100 0.178460216328345
148200 0.178460216328345
148300 0.178460216328345
148400 0.178460216328345
148500 0.178460216328345
148600 0.178460216328345
148700 0.178460216328345
148800 0.178460216328345
148900 0.178460216328345
149000 0.178460216328345
149100 0.178460216328345
149200 0.178460216328345
149300 0.178460216328345
149400 0.178460216328345
149500 0.178460216328345
149600 0.178460216328345
149700 0.178460216328345
149800 0.178460216328345
149900 0.178460216328345
150000 0.178460216328345
