/*--------------------------------*- C++ -*----------------------------------*\
  =========                 |
  \\      /  F ield         | OpenFOAM: The Open Source CFD Toolbox
   \\    /   O peration     | Website:  https://openfoam.org
    \\  /    A nd           | Version:  6
     \\/     M anipulation  |
\*---------------------------------------------------------------------------*/
FoamFile
{
    version     2.0;
    format      ascii;
    class       volScalarField;
    location    "17";
    object      T;
}
// * * * * * * * * * * * * * * * * * * * * * * * * * * * * * * * * * * * * * //

dimensions      [0 0 0 1 0 0 0];

internalField   nonuniform List<scalar> 
5000
(
0.618917
0.6188
0.618566
0.618215
0.617748
0.617164
0.616464
0.61565
0.614721
0.613679
0.612525
0.61126
0.609885
0.608402
0.606811
0.605115
0.603316
0.601414
0.599412
0.597312
0.595117
0.592827
0.590445
0.587975
0.585417
0.582775
0.580052
0.577249
0.57437
0.571418
0.568395
0.565305
0.56215
0.558934
0.55566
0.552331
0.54895
0.545521
0.542047
0.538531
0.534977
0.531389
0.52777
0.524124
0.520453
0.516763
0.513056
0.509336
0.505607
0.501872
0.498136
0.494401
0.490672
0.486952
0.483245
0.479554
0.475884
0.472238
0.468618
0.46503
0.461477
0.457961
0.454487
0.451058
0.447677
0.444348
0.441074
0.437858
0.434703
0.431613
0.42859
0.425638
0.422759
0.419957
0.417233
0.414591
0.412034
0.409563
0.407182
0.404892
0.402696
0.400596
0.398595
0.396693
0.394894
0.393198
0.391607
0.390124
0.388749
0.387484
0.38633
0.385288
0.384359
0.383545
0.382845
0.382261
0.381794
0.381443
0.381209
0.381092
0.618918
0.618801
0.618567
0.618216
0.617749
0.617165
0.616465
0.615651
0.614722
0.61368
0.612526
0.611261
0.609886
0.608402
0.606812
0.605116
0.603316
0.601415
0.599413
0.597313
0.595117
0.592827
0.590446
0.587975
0.585418
0.582776
0.580052
0.577249
0.574371
0.571418
0.568396
0.565305
0.562151
0.558934
0.55566
0.552331
0.54895
0.545521
0.542047
0.538531
0.534978
0.53139
0.52777
0.524124
0.520453
0.516763
0.513056
0.509336
0.505607
0.501872
0.498136
0.494401
0.490672
0.486952
0.483245
0.479554
0.475884
0.472237
0.468618
0.46503
0.461477
0.457961
0.454487
0.451058
0.447677
0.444348
0.441074
0.437857
0.434703
0.431613
0.42859
0.425638
0.422759
0.419956
0.417233
0.414591
0.412033
0.409563
0.407181
0.404891
0.402696
0.400596
0.398594
0.396692
0.394893
0.393197
0.391607
0.390123
0.388748
0.387483
0.386329
0.385287
0.384359
0.383544
0.382845
0.382261
0.381793
0.381442
0.381208
0.381091
0.618918
0.618802
0.618568
0.618217
0.617749
0.617165
0.616466
0.615651
0.614723
0.613681
0.612527
0.611261
0.609886
0.608403
0.606812
0.605117
0.603317
0.601415
0.599413
0.597314
0.595118
0.592828
0.590446
0.587976
0.585418
0.582776
0.580052
0.57725
0.574371
0.571419
0.568396
0.565306
0.562151
0.558935
0.55566
0.552331
0.54895
0.545521
0.542047
0.538531
0.534978
0.53139
0.527771
0.524124
0.520454
0.516763
0.513056
0.509336
0.505607
0.501872
0.498136
0.494401
0.490672
0.486952
0.483245
0.479554
0.475884
0.472237
0.468618
0.46503
0.461476
0.457961
0.454487
0.451057
0.447677
0.444347
0.441073
0.437857
0.434702
0.431612
0.428589
0.425637
0.422758
0.419956
0.417232
0.41459
0.412033
0.409562
0.407181
0.404891
0.402695
0.400595
0.398593
0.396692
0.394892
0.393196
0.391606
0.390123
0.388748
0.387482
0.386328
0.385287
0.384358
0.383543
0.382844
0.38226
0.381792
0.381441
0.381208
0.381091
0.618919
0.618802
0.618568
0.618217
0.61775
0.617166
0.616466
0.615652
0.614723
0.613681
0.612527
0.611262
0.609887
0.608403
0.606813
0.605117
0.603317
0.601416
0.599414
0.597314
0.595118
0.592828
0.590447
0.587976
0.585418
0.582776
0.580053
0.57725
0.574371
0.571419
0.568396
0.565306
0.562151
0.558935
0.555661
0.552332
0.548951
0.545521
0.542047
0.538532
0.534978
0.53139
0.527771
0.524124
0.520454
0.516763
0.513056
0.509336
0.505607
0.501872
0.498136
0.494401
0.490672
0.486952
0.483245
0.479554
0.475884
0.472237
0.468618
0.46503
0.461476
0.45796
0.454486
0.451057
0.447676
0.444347
0.441073
0.437857
0.434702
0.431612
0.428589
0.425637
0.422758
0.419955
0.417232
0.41459
0.412032
0.409562
0.40718
0.40489
0.402695
0.400595
0.398593
0.396691
0.394892
0.393196
0.391605
0.390122
0.388747
0.387482
0.386328
0.385286
0.384357
0.383543
0.382843
0.38226
0.381792
0.381441
0.381207
0.38109
0.61892
0.618803
0.618569
0.618218
0.61775
0.617166
0.616467
0.615652
0.614724
0.613682
0.612528
0.611263
0.609888
0.608404
0.606814
0.605118
0.603318
0.601416
0.599414
0.597315
0.595119
0.592829
0.590447
0.587976
0.585419
0.582777
0.580053
0.577251
0.574372
0.571419
0.568397
0.565306
0.562151
0.558935
0.555661
0.552332
0.548951
0.545522
0.542047
0.538532
0.534978
0.53139
0.527771
0.524124
0.520454
0.516763
0.513056
0.509336
0.505607
0.501872
0.498136
0.494401
0.490672
0.486952
0.483244
0.479554
0.475883
0.472237
0.468618
0.46503
0.461476
0.45796
0.454486
0.451057
0.447676
0.444347
0.441073
0.437856
0.434702
0.431611
0.428589
0.425636
0.422758
0.419955
0.417231
0.414589
0.412032
0.409561
0.40718
0.40489
0.402694
0.400594
0.398592
0.396691
0.394891
0.393195
0.391605
0.390121
0.388746
0.387481
0.386327
0.385285
0.384357
0.383542
0.382843
0.382259
0.381791
0.38144
0.381207
0.38109
0.61892
0.618804
0.61857
0.618219
0.617751
0.617167
0.616467
0.615653
0.614724
0.613682
0.612528
0.611263
0.609888
0.608405
0.606814
0.605118
0.603318
0.601417
0.599415
0.597315
0.595119
0.592829
0.590448
0.587977
0.585419
0.582777
0.580054
0.577251
0.574372
0.57142
0.568397
0.565307
0.562152
0.558936
0.555661
0.552332
0.548951
0.545522
0.542048
0.538532
0.534978
0.53139
0.527771
0.524124
0.520454
0.516763
0.513056
0.509336
0.505607
0.501872
0.498136
0.494401
0.490671
0.486951
0.483244
0.479554
0.475883
0.472237
0.468618
0.465029
0.461476
0.45796
0.454486
0.451057
0.447676
0.444347
0.441072
0.437856
0.434701
0.431611
0.428588
0.425636
0.422757
0.419955
0.417231
0.414589
0.412031
0.409561
0.407179
0.404889
0.402694
0.400594
0.398592
0.39669
0.394891
0.393195
0.391604
0.390121
0.388746
0.387481
0.386327
0.385285
0.384356
0.383542
0.382842
0.382258
0.381791
0.38144
0.381206
0.38109
0.618921
0.618804
0.61857
0.618219
0.617751
0.617168
0.616468
0.615653
0.614725
0.613683
0.612529
0.611264
0.609889
0.608405
0.606814
0.605119
0.603319
0.601417
0.599415
0.597315
0.595119
0.59283
0.590448
0.587977
0.58542
0.582778
0.580054
0.577251
0.574372
0.57142
0.568397
0.565307
0.562152
0.558936
0.555661
0.552332
0.548951
0.545522
0.542048
0.538532
0.534978
0.53139
0.527771
0.524124
0.520454
0.516763
0.513056
0.509336
0.505607
0.501872
0.498135
0.494401
0.490671
0.486951
0.483244
0.479554
0.475883
0.472237
0.468617
0.465029
0.461475
0.45796
0.454486
0.451056
0.447676
0.444346
0.441072
0.437856
0.434701
0.431611
0.428588
0.425636
0.422757
0.419954
0.417231
0.414589
0.412031
0.40956
0.407179
0.404889
0.402693
0.400593
0.398591
0.39669
0.39489
0.393194
0.391604
0.39012
0.388745
0.38748
0.386326
0.385284
0.384356
0.383541
0.382842
0.382258
0.38179
0.38144
0.381206
0.381089
0.618921
0.618805
0.618571
0.61822
0.617752
0.617168
0.616468
0.615654
0.614725
0.613683
0.612529
0.611264
0.609889
0.608405
0.606815
0.605119
0.603319
0.601418
0.599416
0.597316
0.59512
0.59283
0.590448
0.587978
0.58542
0.582778
0.580054
0.577252
0.574373
0.57142
0.568397
0.565307
0.562152
0.558936
0.555662
0.552332
0.548951
0.545522
0.542048
0.538532
0.534979
0.53139
0.527771
0.524124
0.520454
0.516763
0.513056
0.509336
0.505607
0.501872
0.498135
0.494401
0.490671
0.486951
0.483244
0.479554
0.475883
0.472236
0.468617
0.465029
0.461475
0.45796
0.454485
0.451056
0.447675
0.444346
0.441072
0.437856
0.434701
0.43161
0.428588
0.425635
0.422756
0.419954
0.41723
0.414588
0.412031
0.40956
0.407178
0.404889
0.402693
0.400593
0.398591
0.396689
0.39489
0.393194
0.391603
0.39012
0.388745
0.38748
0.386326
0.385284
0.384355
0.383541
0.382841
0.382258
0.38179
0.381439
0.381205
0.381089
0.618922
0.618805
0.618571
0.61822
0.617752
0.617169
0.616469
0.615654
0.614726
0.613684
0.61253
0.611264
0.609889
0.608406
0.606815
0.605119
0.60332
0.601418
0.599416
0.597316
0.59512
0.59283
0.590449
0.587978
0.58542
0.582778
0.580055
0.577252
0.574373
0.571421
0.568398
0.565307
0.562152
0.558936
0.555662
0.552333
0.548952
0.545522
0.542048
0.538532
0.534979
0.53139
0.527771
0.524124
0.520454
0.516763
0.513056
0.509336
0.505607
0.501872
0.498135
0.494401
0.490671
0.486951
0.483244
0.479553
0.475883
0.472236
0.468617
0.465029
0.461475
0.457959
0.454485
0.451056
0.447675
0.444346
0.441071
0.437855
0.434701
0.43161
0.428587
0.425635
0.422756
0.419953
0.41723
0.414588
0.41203
0.40956
0.407178
0.404888
0.402692
0.400592
0.398591
0.396689
0.394889
0.393193
0.391603
0.39012
0.388745
0.387479
0.386325
0.385283
0.384355
0.38354
0.382841
0.382257
0.38179
0.381439
0.381205
0.381088
0.618922
0.618805
0.618572
0.618221
0.617753
0.617169
0.616469
0.615655
0.614726
0.613684
0.61253
0.611265
0.60989
0.608406
0.606816
0.60512
0.60332
0.601418
0.599416
0.597316
0.59512
0.592831
0.590449
0.587978
0.585421
0.582779
0.580055
0.577252
0.574373
0.571421
0.568398
0.565307
0.562153
0.558936
0.555662
0.552333
0.548952
0.545522
0.542048
0.538533
0.534979
0.53139
0.527771
0.524125
0.520454
0.516763
0.513056
0.509336
0.505607
0.501872
0.498135
0.494401
0.490671
0.486951
0.483244
0.479553
0.475883
0.472236
0.468617
0.465029
0.461475
0.457959
0.454485
0.451056
0.447675
0.444346
0.441071
0.437855
0.4347
0.43161
0.428587
0.425635
0.422756
0.419953
0.41723
0.414588
0.41203
0.409559
0.407178
0.404888
0.402692
0.400592
0.39859
0.396689
0.394889
0.393193
0.391603
0.390119
0.388744
0.387479
0.386325
0.385283
0.384354
0.38354
0.382841
0.382257
0.381789
0.381438
0.381204
0.381088
0.618922
0.618806
0.618572
0.618221
0.617753
0.617169
0.61647
0.615655
0.614727
0.613685
0.61253
0.611265
0.60989
0.608407
0.606816
0.60512
0.60332
0.601419
0.599417
0.597317
0.595121
0.592831
0.590449
0.587978
0.585421
0.582779
0.580055
0.577252
0.574373
0.571421
0.568398
0.565308
0.562153
0.558937
0.555662
0.552333
0.548952
0.545523
0.542048
0.538533
0.534979
0.531391
0.527771
0.524125
0.520454
0.516763
0.513056
0.509336
0.505607
0.501872
0.498135
0.494401
0.490671
0.486951
0.483244
0.479553
0.475883
0.472236
0.468617
0.465029
0.461475
0.457959
0.454485
0.451056
0.447675
0.444345
0.441071
0.437855
0.4347
0.43161
0.428587
0.425634
0.422756
0.419953
0.417229
0.414587
0.41203
0.409559
0.407177
0.404888
0.402692
0.400592
0.39859
0.396688
0.394889
0.393193
0.391602
0.390119
0.388744
0.387479
0.386325
0.385283
0.384354
0.38354
0.38284
0.382256
0.381789
0.381438
0.381204
0.381087
0.618923
0.618806
0.618572
0.618221
0.617754
0.61717
0.61647
0.615656
0.614727
0.613685
0.612531
0.611266
0.60989
0.608407
0.606816
0.60512
0.603321
0.601419
0.599417
0.597317
0.595121
0.592831
0.59045
0.587979
0.585421
0.582779
0.580055
0.577253
0.574374
0.571421
0.568398
0.565308
0.562153
0.558937
0.555662
0.552333
0.548952
0.545523
0.542048
0.538533
0.534979
0.531391
0.527771
0.524125
0.520454
0.516763
0.513056
0.509336
0.505607
0.501872
0.498135
0.4944
0.490671
0.486951
0.483244
0.479553
0.475883
0.472236
0.468617
0.465028
0.461475
0.457959
0.454485
0.451055
0.447674
0.444345
0.441071
0.437855
0.4347
0.431609
0.428587
0.425634
0.422755
0.419953
0.417229
0.414587
0.412029
0.409559
0.407177
0.404887
0.402691
0.400591
0.39859
0.396688
0.394888
0.393192
0.391602
0.390118
0.388743
0.387478
0.386324
0.385282
0.384354
0.383539
0.38284
0.382256
0.381788
0.381438
0.381204
0.381087
0.618923
0.618807
0.618573
0.618222
0.617754
0.61717
0.61647
0.615656
0.614727
0.613685
0.612531
0.611266
0.609891
0.608407
0.606817
0.605121
0.603321
0.601419
0.599417
0.597317
0.595121
0.592831
0.59045
0.587979
0.585421
0.582779
0.580056
0.577253
0.574374
0.571421
0.568398
0.565308
0.562153
0.558937
0.555663
0.552333
0.548952
0.545523
0.542049
0.538533
0.534979
0.531391
0.527771
0.524125
0.520454
0.516763
0.513056
0.509336
0.505607
0.501872
0.498135
0.4944
0.490671
0.486951
0.483244
0.479553
0.475883
0.472236
0.468617
0.465028
0.461475
0.457959
0.454485
0.451055
0.447674
0.444345
0.441071
0.437854
0.4347
0.431609
0.428586
0.425634
0.422755
0.419952
0.417229
0.414587
0.412029
0.409558
0.407177
0.404887
0.402691
0.400591
0.398589
0.396688
0.394888
0.393192
0.391602
0.390118
0.388743
0.387478
0.386324
0.385282
0.384353
0.383539
0.38284
0.382256
0.381788
0.381437
0.381203
0.381087
0.618923
0.618807
0.618573
0.618222
0.617754
0.61717
0.616471
0.615656
0.614728
0.613686
0.612531
0.611266
0.609891
0.608408
0.606817
0.605121
0.603321
0.601419
0.599418
0.597318
0.595122
0.592832
0.59045
0.587979
0.585421
0.582779
0.580056
0.577253
0.574374
0.571422
0.568399
0.565308
0.562153
0.558937
0.555663
0.552333
0.548952
0.545523
0.542049
0.538533
0.534979
0.531391
0.527771
0.524125
0.520454
0.516763
0.513056
0.509336
0.505607
0.501872
0.498135
0.4944
0.490671
0.486951
0.483244
0.479553
0.475882
0.472236
0.468616
0.465028
0.461474
0.457959
0.454484
0.451055
0.447674
0.444345
0.44107
0.437854
0.434699
0.431609
0.428586
0.425634
0.422755
0.419952
0.417228
0.414587
0.412029
0.409558
0.407177
0.404887
0.402691
0.400591
0.398589
0.396687
0.394888
0.393192
0.391601
0.390118
0.388743
0.387478
0.386324
0.385282
0.384353
0.383539
0.382839
0.382255
0.381788
0.381437
0.381203
0.381087
0.618924
0.618807
0.618573
0.618222
0.617755
0.617171
0.616471
0.615656
0.614728
0.613686
0.612532
0.611266
0.609891
0.608408
0.606817
0.605121
0.603321
0.60142
0.599418
0.597318
0.595122
0.592832
0.59045
0.587979
0.585422
0.58278
0.580056
0.577253
0.574374
0.571422
0.568399
0.565308
0.562153
0.558937
0.555663
0.552333
0.548952
0.545523
0.542049
0.538533
0.534979
0.531391
0.527771
0.524125
0.520454
0.516763
0.513056
0.509336
0.505607
0.501872
0.498135
0.4944
0.490671
0.486951
0.483244
0.479553
0.475882
0.472236
0.468616
0.465028
0.461474
0.457959
0.454484
0.451055
0.447674
0.444345
0.44107
0.437854
0.434699
0.431609
0.428586
0.425634
0.422755
0.419952
0.417228
0.414586
0.412029
0.409558
0.407176
0.404886
0.40269
0.400591
0.398589
0.396687
0.394887
0.393192
0.391601
0.390118
0.388743
0.387477
0.386323
0.385281
0.384353
0.383538
0.382839
0.382255
0.381788
0.381437
0.381203
0.381086
0.618924
0.618807
0.618573
0.618222
0.617755
0.617171
0.616471
0.615657
0.614728
0.613686
0.612532
0.611267
0.609892
0.608408
0.606817
0.605121
0.603322
0.60142
0.599418
0.597318
0.595122
0.592832
0.59045
0.58798
0.585422
0.58278
0.580056
0.577253
0.574374
0.571422
0.568399
0.565308
0.562154
0.558937
0.555663
0.552333
0.548952
0.545523
0.542049
0.538533
0.534979
0.531391
0.527772
0.524125
0.520454
0.516763
0.513056
0.509336
0.505607
0.501872
0.498135
0.4944
0.490671
0.486951
0.483244
0.479553
0.475882
0.472236
0.468616
0.465028
0.461474
0.457958
0.454484
0.451055
0.447674
0.444345
0.44107
0.437854
0.434699
0.431609
0.428586
0.425633
0.422754
0.419952
0.417228
0.414586
0.412028
0.409558
0.407176
0.404886
0.40269
0.40059
0.398589
0.396687
0.394887
0.393191
0.391601
0.390117
0.388742
0.387477
0.386323
0.385281
0.384353
0.383538
0.382839
0.382255
0.381787
0.381436
0.381203
0.381086
0.618924
0.618808
0.618574
0.618223
0.617755
0.617171
0.616471
0.615657
0.614728
0.613686
0.612532
0.611267
0.609892
0.608408
0.606818
0.605122
0.603322
0.60142
0.599418
0.597318
0.595122
0.592832
0.590451
0.58798
0.585422
0.58278
0.580056
0.577253
0.574374
0.571422
0.568399
0.565309
0.562154
0.558937
0.555663
0.552334
0.548952
0.545523
0.542049
0.538533
0.534979
0.531391
0.527772
0.524125
0.520454
0.516764
0.513056
0.509336
0.505607
0.501872
0.498135
0.4944
0.490671
0.486951
0.483243
0.479553
0.475882
0.472236
0.468616
0.465028
0.461474
0.457958
0.454484
0.451055
0.447674
0.444344
0.44107
0.437854
0.434699
0.431609
0.428586
0.425633
0.422754
0.419952
0.417228
0.414586
0.412028
0.409557
0.407176
0.404886
0.40269
0.40059
0.398588
0.396687
0.394887
0.393191
0.391601
0.390117
0.388742
0.387477
0.386323
0.385281
0.384352
0.383538
0.382839
0.382255
0.381787
0.381436
0.381202
0.381086
0.618924
0.618808
0.618574
0.618223
0.617755
0.617171
0.616472
0.615657
0.614728
0.613686
0.612532
0.611267
0.609892
0.608408
0.606818
0.605122
0.603322
0.60142
0.599418
0.597318
0.595122
0.592832
0.590451
0.58798
0.585422
0.58278
0.580056
0.577254
0.574374
0.571422
0.568399
0.565309
0.562154
0.558937
0.555663
0.552334
0.548953
0.545523
0.542049
0.538533
0.534979
0.531391
0.527772
0.524125
0.520454
0.516764
0.513056
0.509336
0.505607
0.501872
0.498135
0.4944
0.490671
0.486951
0.483243
0.479553
0.475882
0.472235
0.468616
0.465028
0.461474
0.457958
0.454484
0.451055
0.447674
0.444344
0.44107
0.437854
0.434699
0.431608
0.428586
0.425633
0.422754
0.419951
0.417228
0.414586
0.412028
0.409557
0.407176
0.404886
0.40269
0.40059
0.398588
0.396687
0.394887
0.393191
0.3916
0.390117
0.388742
0.387477
0.386323
0.385281
0.384352
0.383538
0.382838
0.382255
0.381787
0.381436
0.381202
0.381086
0.618925
0.618808
0.618574
0.618223
0.617755
0.617171
0.616472
0.615657
0.614729
0.613687
0.612532
0.611267
0.609892
0.608408
0.606818
0.605122
0.603322
0.60142
0.599418
0.597318
0.595122
0.592832
0.590451
0.58798
0.585422
0.58278
0.580056
0.577254
0.574375
0.571422
0.568399
0.565309
0.562154
0.558937
0.555663
0.552334
0.548953
0.545523
0.542049
0.538533
0.534979
0.531391
0.527772
0.524125
0.520454
0.516764
0.513056
0.509336
0.505607
0.501872
0.498135
0.4944
0.490671
0.486951
0.483243
0.479553
0.475882
0.472235
0.468616
0.465028
0.461474
0.457958
0.454484
0.451055
0.447674
0.444344
0.44107
0.437854
0.434699
0.431608
0.428585
0.425633
0.422754
0.419951
0.417228
0.414586
0.412028
0.409557
0.407176
0.404886
0.40269
0.40059
0.398588
0.396686
0.394887
0.393191
0.3916
0.390117
0.388742
0.387477
0.386323
0.385281
0.384352
0.383538
0.382838
0.382254
0.381787
0.381436
0.381202
0.381086
0.618925
0.618808
0.618574
0.618223
0.617755
0.617172
0.616472
0.615657
0.614729
0.613687
0.612533
0.611267
0.609892
0.608409
0.606818
0.605122
0.603322
0.60142
0.599419
0.597319
0.595122
0.592832
0.590451
0.58798
0.585422
0.58278
0.580056
0.577254
0.574375
0.571422
0.568399
0.565309
0.562154
0.558938
0.555663
0.552334
0.548953
0.545523
0.542049
0.538533
0.534979
0.531391
0.527772
0.524125
0.520454
0.516764
0.513056
0.509336
0.505607
0.501872
0.498135
0.4944
0.490671
0.486951
0.483243
0.479553
0.475882
0.472235
0.468616
0.465028
0.461474
0.457958
0.454484
0.451054
0.447673
0.444344
0.44107
0.437853
0.434699
0.431608
0.428585
0.425633
0.422754
0.419951
0.417228
0.414586
0.412028
0.409557
0.407176
0.404886
0.40269
0.40059
0.398588
0.396686
0.394887
0.393191
0.3916
0.390117
0.388742
0.387477
0.386322
0.385281
0.384352
0.383538
0.382838
0.382254
0.381787
0.381436
0.381202
0.381085
0.618925
0.618808
0.618574
0.618223
0.617756
0.617172
0.616472
0.615657
0.614729
0.613687
0.612533
0.611267
0.609892
0.608409
0.606818
0.605122
0.603322
0.601421
0.599419
0.597319
0.595123
0.592833
0.590451
0.58798
0.585422
0.58278
0.580056
0.577254
0.574375
0.571422
0.568399
0.565309
0.562154
0.558938
0.555663
0.552334
0.548953
0.545523
0.542049
0.538533
0.534979
0.531391
0.527772
0.524125
0.520454
0.516763
0.513056
0.509336
0.505607
0.501872
0.498135
0.4944
0.490671
0.486951
0.483243
0.479553
0.475882
0.472235
0.468616
0.465028
0.461474
0.457958
0.454484
0.451054
0.447673
0.444344
0.44107
0.437853
0.434699
0.431608
0.428585
0.425633
0.422754
0.419951
0.417227
0.414585
0.412028
0.409557
0.407175
0.404886
0.40269
0.40059
0.398588
0.396686
0.394887
0.393191
0.3916
0.390117
0.388742
0.387476
0.386322
0.385281
0.384352
0.383537
0.382838
0.382254
0.381787
0.381436
0.381202
0.381085
0.618925
0.618808
0.618574
0.618223
0.617756
0.617172
0.616472
0.615658
0.614729
0.613687
0.612533
0.611267
0.609892
0.608409
0.606818
0.605122
0.603322
0.601421
0.599419
0.597319
0.595123
0.592833
0.590451
0.58798
0.585422
0.58278
0.580057
0.577254
0.574375
0.571422
0.568399
0.565309
0.562154
0.558938
0.555663
0.552334
0.548953
0.545523
0.542049
0.538533
0.534979
0.531391
0.527772
0.524125
0.520454
0.516763
0.513056
0.509336
0.505607
0.501872
0.498135
0.4944
0.490671
0.486951
0.483243
0.479553
0.475882
0.472235
0.468616
0.465028
0.461474
0.457958
0.454484
0.451054
0.447673
0.444344
0.44107
0.437853
0.434698
0.431608
0.428585
0.425633
0.422754
0.419951
0.417227
0.414585
0.412028
0.409557
0.407175
0.404886
0.40269
0.40059
0.398588
0.396686
0.394886
0.393191
0.3916
0.390117
0.388742
0.387476
0.386322
0.38528
0.384352
0.383537
0.382838
0.382254
0.381787
0.381436
0.381202
0.381085
0.618925
0.618808
0.618574
0.618223
0.617756
0.617172
0.616472
0.615658
0.614729
0.613687
0.612533
0.611267
0.609892
0.608409
0.606818
0.605122
0.603322
0.601421
0.599419
0.597319
0.595123
0.592833
0.590451
0.58798
0.585422
0.58278
0.580057
0.577254
0.574375
0.571422
0.568399
0.565309
0.562154
0.558938
0.555663
0.552334
0.548953
0.545523
0.542049
0.538533
0.534979
0.531391
0.527772
0.524125
0.520454
0.516763
0.513056
0.509336
0.505607
0.501872
0.498135
0.4944
0.490671
0.486951
0.483243
0.479553
0.475882
0.472235
0.468616
0.465028
0.461474
0.457958
0.454484
0.451054
0.447673
0.444344
0.44107
0.437853
0.434698
0.431608
0.428585
0.425633
0.422754
0.419951
0.417227
0.414585
0.412028
0.409557
0.407175
0.404886
0.40269
0.40059
0.398588
0.396686
0.394886
0.39319
0.3916
0.390117
0.388742
0.387476
0.386322
0.38528
0.384352
0.383537
0.382838
0.382254
0.381787
0.381436
0.381202
0.381085
0.618925
0.618808
0.618574
0.618223
0.617756
0.617172
0.616472
0.615658
0.614729
0.613687
0.612533
0.611267
0.609892
0.608409
0.606818
0.605122
0.603322
0.601421
0.599419
0.597319
0.595123
0.592833
0.590451
0.58798
0.585422
0.58278
0.580057
0.577254
0.574375
0.571422
0.568399
0.565309
0.562154
0.558938
0.555663
0.552334
0.548953
0.545523
0.542049
0.538533
0.534979
0.531391
0.527772
0.524125
0.520454
0.516763
0.513056
0.509336
0.505607
0.501872
0.498135
0.4944
0.490671
0.486951
0.483243
0.479552
0.475882
0.472235
0.468616
0.465028
0.461474
0.457958
0.454484
0.451054
0.447673
0.444344
0.44107
0.437853
0.434698
0.431608
0.428585
0.425633
0.422754
0.419951
0.417227
0.414585
0.412028
0.409557
0.407175
0.404885
0.40269
0.40059
0.398588
0.396686
0.394886
0.39319
0.3916
0.390117
0.388742
0.387476
0.386322
0.38528
0.384352
0.383537
0.382838
0.382254
0.381787
0.381436
0.381202
0.381085
0.618925
0.618808
0.618574
0.618223
0.617756
0.617172
0.616472
0.615658
0.614729
0.613687
0.612533
0.611267
0.609892
0.608409
0.606818
0.605122
0.603322
0.601421
0.599419
0.597319
0.595123
0.592833
0.590451
0.58798
0.585422
0.58278
0.580056
0.577254
0.574375
0.571422
0.568399
0.565309
0.562154
0.558938
0.555663
0.552334
0.548953
0.545523
0.542049
0.538533
0.534979
0.531391
0.527772
0.524125
0.520454
0.516763
0.513056
0.509336
0.505607
0.501872
0.498135
0.4944
0.490671
0.486951
0.483243
0.479552
0.475882
0.472235
0.468616
0.465028
0.461474
0.457958
0.454484
0.451054
0.447673
0.444344
0.44107
0.437853
0.434698
0.431608
0.428585
0.425633
0.422754
0.419951
0.417227
0.414585
0.412028
0.409557
0.407175
0.404886
0.40269
0.40059
0.398588
0.396686
0.394886
0.393191
0.3916
0.390117
0.388742
0.387476
0.386322
0.38528
0.384352
0.383537
0.382838
0.382254
0.381787
0.381436
0.381202
0.381085
0.618925
0.618808
0.618574
0.618223
0.617756
0.617172
0.616472
0.615658
0.614729
0.613687
0.612533
0.611267
0.609892
0.608409
0.606818
0.605122
0.603322
0.60142
0.599419
0.597319
0.595122
0.592833
0.590451
0.58798
0.585422
0.58278
0.580056
0.577254
0.574375
0.571422
0.568399
0.565309
0.562154
0.558937
0.555663
0.552334
0.548953
0.545523
0.542049
0.538533
0.534979
0.531391
0.527771
0.524125
0.520454
0.516763
0.513056
0.509336
0.505606
0.501872
0.498135
0.4944
0.490671
0.48695
0.483243
0.479552
0.475882
0.472235
0.468616
0.465028
0.461474
0.457958
0.454484
0.451054
0.447673
0.444344
0.44107
0.437853
0.434698
0.431608
0.428585
0.425633
0.422754
0.419951
0.417227
0.414585
0.412028
0.409557
0.407175
0.404886
0.40269
0.40059
0.398588
0.396686
0.394886
0.393191
0.3916
0.390117
0.388742
0.387476
0.386322
0.385281
0.384352
0.383537
0.382838
0.382254
0.381787
0.381436
0.381202
0.381085
0.618925
0.618808
0.618574
0.618223
0.617755
0.617172
0.616472
0.615657
0.614729
0.613687
0.612533
0.611267
0.609892
0.608409
0.606818
0.605122
0.603322
0.60142
0.599419
0.597318
0.595122
0.592832
0.590451
0.58798
0.585422
0.58278
0.580056
0.577254
0.574375
0.571422
0.568399
0.565309
0.562154
0.558937
0.555663
0.552334
0.548952
0.545523
0.542049
0.538533
0.534979
0.531391
0.527771
0.524125
0.520454
0.516763
0.513056
0.509336
0.505606
0.501872
0.498135
0.4944
0.490671
0.48695
0.483243
0.479552
0.475882
0.472235
0.468616
0.465028
0.461474
0.457958
0.454484
0.451054
0.447673
0.444344
0.44107
0.437853
0.434698
0.431608
0.428585
0.425633
0.422754
0.419951
0.417227
0.414585
0.412028
0.409557
0.407175
0.404886
0.40269
0.40059
0.398588
0.396686
0.394887
0.393191
0.3916
0.390117
0.388742
0.387477
0.386322
0.385281
0.384352
0.383538
0.382838
0.382254
0.381787
0.381436
0.381202
0.381085
0.618925
0.618808
0.618574
0.618223
0.617755
0.617171
0.616472
0.615657
0.614729
0.613687
0.612532
0.611267
0.609892
0.608408
0.606818
0.605122
0.603322
0.60142
0.599418
0.597318
0.595122
0.592832
0.590451
0.58798
0.585422
0.58278
0.580056
0.577253
0.574374
0.571422
0.568399
0.565309
0.562154
0.558937
0.555663
0.552333
0.548952
0.545523
0.542049
0.538533
0.534979
0.531391
0.527771
0.524125
0.520454
0.516763
0.513056
0.509336
0.505606
0.501872
0.498135
0.4944
0.490671
0.48695
0.483243
0.479552
0.475882
0.472235
0.468616
0.465028
0.461474
0.457958
0.454484
0.451054
0.447673
0.444344
0.44107
0.437853
0.434699
0.431608
0.428585
0.425633
0.422754
0.419951
0.417228
0.414586
0.412028
0.409557
0.407176
0.404886
0.40269
0.40059
0.398588
0.396686
0.394887
0.393191
0.3916
0.390117
0.388742
0.387477
0.386323
0.385281
0.384352
0.383538
0.382838
0.382254
0.381787
0.381436
0.381202
0.381086
0.618924
0.618808
0.618574
0.618223
0.617755
0.617171
0.616472
0.615657
0.614728
0.613686
0.612532
0.611267
0.609892
0.608408
0.606818
0.605122
0.603322
0.60142
0.599418
0.597318
0.595122
0.592832
0.590451
0.58798
0.585422
0.58278
0.580056
0.577253
0.574374
0.571422
0.568399
0.565308
0.562154
0.558937
0.555663
0.552333
0.548952
0.545523
0.542049
0.538533
0.534979
0.531391
0.527771
0.524125
0.520454
0.516763
0.513056
0.509336
0.505606
0.501871
0.498135
0.4944
0.490671
0.48695
0.483243
0.479552
0.475882
0.472235
0.468616
0.465028
0.461474
0.457958
0.454484
0.451054
0.447673
0.444344
0.44107
0.437853
0.434699
0.431608
0.428585
0.425633
0.422754
0.419951
0.417228
0.414586
0.412028
0.409557
0.407176
0.404886
0.40269
0.40059
0.398588
0.396686
0.394887
0.393191
0.3916
0.390117
0.388742
0.387477
0.386323
0.385281
0.384352
0.383538
0.382838
0.382255
0.381787
0.381436
0.381202
0.381086
0.618924
0.618808
0.618574
0.618223
0.617755
0.617171
0.616472
0.615657
0.614728
0.613686
0.612532
0.611267
0.609892
0.608408
0.606818
0.605122
0.603322
0.60142
0.599418
0.597318
0.595122
0.592832
0.59045
0.58798
0.585422
0.58278
0.580056
0.577253
0.574374
0.571422
0.568399
0.565308
0.562153
0.558937
0.555663
0.552333
0.548952
0.545523
0.542049
0.538533
0.534979
0.531391
0.527771
0.524125
0.520454
0.516763
0.513056
0.509336
0.505606
0.501871
0.498135
0.4944
0.490671
0.48695
0.483243
0.479552
0.475882
0.472235
0.468616
0.465028
0.461474
0.457958
0.454484
0.451054
0.447673
0.444344
0.44107
0.437854
0.434699
0.431608
0.428585
0.425633
0.422754
0.419951
0.417228
0.414586
0.412028
0.409557
0.407176
0.404886
0.40269
0.40059
0.398588
0.396687
0.394887
0.393191
0.391601
0.390117
0.388742
0.387477
0.386323
0.385281
0.384352
0.383538
0.382839
0.382255
0.381787
0.381436
0.381202
0.381086
0.618924
0.618807
0.618574
0.618223
0.617755
0.617171
0.616471
0.615657
0.614728
0.613686
0.612532
0.611267
0.609892
0.608408
0.606817
0.605121
0.603322
0.60142
0.599418
0.597318
0.595122
0.592832
0.59045
0.587979
0.585422
0.58278
0.580056
0.577253
0.574374
0.571422
0.568399
0.565308
0.562153
0.558937
0.555663
0.552333
0.548952
0.545523
0.542048
0.538533
0.534979
0.531391
0.527771
0.524124
0.520454
0.516763
0.513056
0.509336
0.505606
0.501871
0.498135
0.4944
0.490671
0.48695
0.483243
0.479552
0.475882
0.472235
0.468616
0.465028
0.461474
0.457958
0.454484
0.451055
0.447674
0.444344
0.44107
0.437854
0.434699
0.431608
0.428586
0.425633
0.422754
0.419952
0.417228
0.414586
0.412028
0.409557
0.407176
0.404886
0.40269
0.40059
0.398588
0.396687
0.394887
0.393191
0.391601
0.390117
0.388742
0.387477
0.386323
0.385281
0.384353
0.383538
0.382839
0.382255
0.381787
0.381437
0.381203
0.381086
0.618924
0.618807
0.618573
0.618222
0.617755
0.617171
0.616471
0.615657
0.614728
0.613686
0.612532
0.611266
0.609891
0.608408
0.606817
0.605121
0.603321
0.60142
0.599418
0.597318
0.595122
0.592832
0.59045
0.587979
0.585421
0.582779
0.580056
0.577253
0.574374
0.571421
0.568398
0.565308
0.562153
0.558937
0.555662
0.552333
0.548952
0.545523
0.542048
0.538533
0.534979
0.53139
0.527771
0.524124
0.520454
0.516763
0.513056
0.509336
0.505606
0.501871
0.498135
0.4944
0.490671
0.48695
0.483243
0.479552
0.475882
0.472235
0.468616
0.465028
0.461474
0.457958
0.454484
0.451055
0.447674
0.444344
0.44107
0.437854
0.434699
0.431609
0.428586
0.425633
0.422754
0.419952
0.417228
0.414586
0.412028
0.409558
0.407176
0.404886
0.40269
0.40059
0.398589
0.396687
0.394887
0.393191
0.391601
0.390118
0.388743
0.387477
0.386323
0.385281
0.384353
0.383538
0.382839
0.382255
0.381788
0.381437
0.381203
0.381086
0.618924
0.618807
0.618573
0.618222
0.617754
0.61717
0.616471
0.615656
0.614728
0.613686
0.612531
0.611266
0.609891
0.608407
0.606817
0.605121
0.603321
0.601419
0.599417
0.597317
0.595121
0.592831
0.59045
0.587979
0.585421
0.582779
0.580055
0.577253
0.574374
0.571421
0.568398
0.565308
0.562153
0.558937
0.555662
0.552333
0.548952
0.545523
0.542048
0.538532
0.534979
0.53139
0.527771
0.524124
0.520454
0.516763
0.513056
0.509336
0.505606
0.501871
0.498135
0.4944
0.490671
0.48695
0.483243
0.479553
0.475882
0.472235
0.468616
0.465028
0.461474
0.457958
0.454484
0.451055
0.447674
0.444344
0.44107
0.437854
0.434699
0.431609
0.428586
0.425633
0.422755
0.419952
0.417228
0.414586
0.412029
0.409558
0.407176
0.404887
0.402691
0.400591
0.398589
0.396687
0.394888
0.393192
0.391601
0.390118
0.388743
0.387478
0.386324
0.385282
0.384353
0.383539
0.382839
0.382255
0.381788
0.381437
0.381203
0.381087
0.618923
0.618807
0.618573
0.618222
0.617754
0.61717
0.616471
0.615656
0.614727
0.613685
0.612531
0.611266
0.609891
0.608407
0.606817
0.605121
0.603321
0.601419
0.599417
0.597317
0.595121
0.592831
0.59045
0.587979
0.585421
0.582779
0.580055
0.577252
0.574373
0.571421
0.568398
0.565308
0.562153
0.558937
0.555662
0.552333
0.548952
0.545522
0.542048
0.538532
0.534979
0.53139
0.527771
0.524124
0.520454
0.516763
0.513056
0.509336
0.505606
0.501871
0.498135
0.4944
0.490671
0.48695
0.483243
0.479553
0.475882
0.472235
0.468616
0.465028
0.461474
0.457958
0.454484
0.451055
0.447674
0.444345
0.44107
0.437854
0.434699
0.431609
0.428586
0.425634
0.422755
0.419952
0.417228
0.414586
0.412029
0.409558
0.407177
0.404887
0.402691
0.400591
0.398589
0.396687
0.394888
0.393192
0.391601
0.390118
0.388743
0.387478
0.386324
0.385282
0.384353
0.383539
0.38284
0.382256
0.381788
0.381437
0.381204
0.381087
0.618923
0.618806
0.618572
0.618221
0.617754
0.61717
0.61647
0.615656
0.614727
0.613685
0.612531
0.611266
0.60989
0.608407
0.606816
0.60512
0.603321
0.601419
0.599417
0.597317
0.595121
0.592831
0.590449
0.587978
0.585421
0.582779
0.580055
0.577252
0.574373
0.571421
0.568398
0.565307
0.562153
0.558936
0.555662
0.552333
0.548952
0.545522
0.542048
0.538532
0.534978
0.53139
0.527771
0.524124
0.520454
0.516763
0.513056
0.509336
0.505606
0.501871
0.498135
0.4944
0.490671
0.48695
0.483243
0.479553
0.475882
0.472235
0.468616
0.465028
0.461474
0.457958
0.454484
0.451055
0.447674
0.444345
0.44107
0.437854
0.434699
0.431609
0.428586
0.425634
0.422755
0.419952
0.417229
0.414587
0.412029
0.409558
0.407177
0.404887
0.402691
0.400591
0.398589
0.396688
0.394888
0.393192
0.391602
0.390118
0.388743
0.387478
0.386324
0.385282
0.384354
0.383539
0.38284
0.382256
0.381789
0.381438
0.381204
0.381087
0.618923
0.618806
0.618572
0.618221
0.617753
0.617169
0.61647
0.615655
0.614727
0.613685
0.61253
0.611265
0.60989
0.608407
0.606816
0.60512
0.60332
0.601418
0.599417
0.597317
0.595121
0.592831
0.590449
0.587978
0.58542
0.582778
0.580055
0.577252
0.574373
0.571421
0.568398
0.565307
0.562152
0.558936
0.555662
0.552332
0.548951
0.545522
0.542048
0.538532
0.534978
0.53139
0.527771
0.524124
0.520454
0.516763
0.513056
0.509335
0.505606
0.501871
0.498135
0.4944
0.490671
0.486951
0.483243
0.479553
0.475882
0.472235
0.468616
0.465028
0.461474
0.457959
0.454484
0.451055
0.447674
0.444345
0.44107
0.437854
0.4347
0.431609
0.428586
0.425634
0.422755
0.419952
0.417229
0.414587
0.412029
0.409559
0.407177
0.404887
0.402691
0.400591
0.39859
0.396688
0.394888
0.393193
0.391602
0.390119
0.388744
0.387479
0.386325
0.385283
0.384354
0.38354
0.38284
0.382256
0.381789
0.381438
0.381204
0.381088
0.618922
0.618806
0.618572
0.618221
0.617753
0.617169
0.61647
0.615655
0.614726
0.613684
0.61253
0.611265
0.60989
0.608406
0.606816
0.60512
0.60332
0.601418
0.599416
0.597316
0.59512
0.59283
0.590449
0.587978
0.58542
0.582778
0.580054
0.577252
0.574373
0.57142
0.568397
0.565307
0.562152
0.558936
0.555662
0.552332
0.548951
0.545522
0.542048
0.538532
0.534978
0.53139
0.527771
0.524124
0.520453
0.516763
0.513056
0.509335
0.505606
0.501871
0.498135
0.4944
0.490671
0.486951
0.483243
0.479553
0.475882
0.472236
0.468616
0.465028
0.461474
0.457959
0.454484
0.451055
0.447674
0.444345
0.441071
0.437855
0.4347
0.431609
0.428587
0.425634
0.422755
0.419953
0.417229
0.414587
0.41203
0.409559
0.407177
0.404888
0.402692
0.400592
0.39859
0.396688
0.394889
0.393193
0.391602
0.390119
0.388744
0.387479
0.386325
0.385283
0.384355
0.38354
0.382841
0.382257
0.381789
0.381438
0.381205
0.381088
0.618922
0.618805
0.618571
0.61822
0.617753
0.617169
0.616469
0.615655
0.614726
0.613684
0.61253
0.611264
0.609889
0.608406
0.606815
0.605119
0.60332
0.601418
0.599416
0.597316
0.59512
0.59283
0.590448
0.587978
0.58542
0.582778
0.580054
0.577251
0.574372
0.57142
0.568397
0.565307
0.562152
0.558936
0.555661
0.552332
0.548951
0.545522
0.542047
0.538532
0.534978
0.53139
0.52777
0.524124
0.520453
0.516763
0.513055
0.509335
0.505606
0.501871
0.498135
0.4944
0.490671
0.486951
0.483243
0.479553
0.475882
0.472236
0.468616
0.465028
0.461474
0.457959
0.454485
0.451055
0.447674
0.444345
0.441071
0.437855
0.4347
0.43161
0.428587
0.425635
0.422756
0.419953
0.417229
0.414587
0.41203
0.409559
0.407178
0.404888
0.402692
0.400592
0.39859
0.396689
0.394889
0.393193
0.391603
0.390119
0.388744
0.387479
0.386325
0.385284
0.384355
0.383541
0.382841
0.382257
0.38179
0.381439
0.381205
0.381088
0.618921
0.618805
0.618571
0.61822
0.617752
0.617168
0.616469
0.615654
0.614725
0.613683
0.612529
0.611264
0.609889
0.608405
0.606815
0.605119
0.603319
0.601417
0.599416
0.597316
0.59512
0.59283
0.590448
0.587977
0.58542
0.582778
0.580054
0.577251
0.574372
0.57142
0.568397
0.565306
0.562152
0.558935
0.555661
0.552332
0.548951
0.545522
0.542047
0.538532
0.534978
0.53139
0.52777
0.524124
0.520453
0.516763
0.513055
0.509335
0.505606
0.501871
0.498135
0.4944
0.490671
0.486951
0.483243
0.479553
0.475882
0.472236
0.468616
0.465028
0.461475
0.457959
0.454485
0.451056
0.447675
0.444345
0.441071
0.437855
0.4347
0.43161
0.428587
0.425635
0.422756
0.419953
0.41723
0.414588
0.41203
0.40956
0.407178
0.404888
0.402692
0.400593
0.398591
0.396689
0.39489
0.393194
0.391603
0.39012
0.388745
0.38748
0.386326
0.385284
0.384355
0.383541
0.382842
0.382258
0.38179
0.381439
0.381205
0.381089
0.618921
0.618804
0.61857
0.618219
0.617752
0.617168
0.616468
0.615654
0.614725
0.613683
0.612529
0.611264
0.609888
0.608405
0.606814
0.605118
0.603319
0.601417
0.599415
0.597315
0.595119
0.592829
0.590448
0.587977
0.585419
0.582777
0.580053
0.577251
0.574372
0.571419
0.568397
0.565306
0.562151
0.558935
0.555661
0.552332
0.548951
0.545521
0.542047
0.538531
0.534978
0.531389
0.52777
0.524124
0.520453
0.516762
0.513055
0.509335
0.505606
0.501871
0.498135
0.4944
0.490671
0.486951
0.483243
0.479553
0.475882
0.472236
0.468617
0.465028
0.461475
0.457959
0.454485
0.451056
0.447675
0.444346
0.441071
0.437855
0.4347
0.43161
0.428587
0.425635
0.422756
0.419954
0.41723
0.414588
0.412031
0.40956
0.407178
0.404889
0.402693
0.400593
0.398591
0.39669
0.39489
0.393194
0.391604
0.39012
0.388745
0.38748
0.386326
0.385284
0.384356
0.383541
0.382842
0.382258
0.381791
0.38144
0.381206
0.381089
0.61892
0.618804
0.61857
0.618219
0.617751
0.617167
0.616468
0.615653
0.614724
0.613683
0.612528
0.611263
0.609888
0.608404
0.606814
0.605118
0.603318
0.601416
0.599415
0.597315
0.595119
0.592829
0.590447
0.587976
0.585419
0.582777
0.580053
0.57725
0.574371
0.571419
0.568396
0.565306
0.562151
0.558935
0.555661
0.552331
0.54895
0.545521
0.542047
0.538531
0.534978
0.531389
0.52777
0.524123
0.520453
0.516762
0.513055
0.509335
0.505606
0.501871
0.498135
0.4944
0.490671
0.486951
0.483243
0.479553
0.475882
0.472236
0.468617
0.465029
0.461475
0.457959
0.454485
0.451056
0.447675
0.444346
0.441072
0.437855
0.434701
0.43161
0.428588
0.425635
0.422757
0.419954
0.41723
0.414589
0.412031
0.40956
0.407179
0.404889
0.402693
0.400593
0.398592
0.39669
0.39489
0.393195
0.391604
0.390121
0.388746
0.387481
0.386327
0.385285
0.384356
0.383542
0.382843
0.382259
0.381791
0.38144
0.381207
0.38109
0.61892
0.618803
0.618569
0.618218
0.617751
0.617167
0.616467
0.615653
0.614724
0.613682
0.612528
0.611263
0.609888
0.608404
0.606813
0.605117
0.603318
0.601416
0.599414
0.597314
0.595118
0.592828
0.590447
0.587976
0.585418
0.582776
0.580053
0.57725
0.574371
0.571419
0.568396
0.565306
0.562151
0.558935
0.55566
0.552331
0.54895
0.545521
0.542047
0.538531
0.534977
0.531389
0.52777
0.524123
0.520453
0.516762
0.513055
0.509335
0.505606
0.501871
0.498135
0.4944
0.490671
0.486951
0.483244
0.479553
0.475883
0.472236
0.468617
0.465029
0.461475
0.457959
0.454485
0.451056
0.447675
0.444346
0.441072
0.437856
0.434701
0.431611
0.428588
0.425636
0.422757
0.419954
0.417231
0.414589
0.412031
0.409561
0.407179
0.404889
0.402694
0.400594
0.398592
0.396691
0.394891
0.393195
0.391605
0.390121
0.388746
0.387481
0.386327
0.385285
0.384357
0.383542
0.382843
0.382259
0.381792
0.381441
0.381207
0.381091
0.618919
0.618803
0.618569
0.618218
0.61775
0.617166
0.616467
0.615652
0.614723
0.613681
0.612527
0.611262
0.609887
0.608403
0.606813
0.605117
0.603317
0.601415
0.599414
0.597314
0.595118
0.592828
0.590446
0.587976
0.585418
0.582776
0.580052
0.57725
0.574371
0.571418
0.568396
0.565305
0.56215
0.558934
0.55566
0.552331
0.54895
0.545521
0.542046
0.538531
0.534977
0.531389
0.52777
0.524123
0.520453
0.516762
0.513055
0.509335
0.505606
0.501871
0.498135
0.4944
0.490671
0.486951
0.483244
0.479553
0.475883
0.472236
0.468617
0.465029
0.461475
0.45796
0.454485
0.451056
0.447675
0.444346
0.441072
0.437856
0.434701
0.431611
0.428588
0.425636
0.422757
0.419955
0.417231
0.414589
0.412032
0.409561
0.40718
0.40489
0.402694
0.400594
0.398593
0.396691
0.394891
0.393196
0.391605
0.390122
0.388747
0.387482
0.386328
0.385286
0.384357
0.383543
0.382844
0.38226
0.381792
0.381441
0.381208
0.381091
0.618919
0.618802
0.618568
0.618217
0.61775
0.617166
0.616466
0.615652
0.614723
0.613681
0.612527
0.611261
0.609886
0.608403
0.606812
0.605116
0.603317
0.601415
0.599413
0.597313
0.595117
0.592827
0.590446
0.587975
0.585417
0.582776
0.580052
0.577249
0.57437
0.571418
0.568395
0.565305
0.56215
0.558934
0.55566
0.55233
0.54895
0.54552
0.542046
0.538531
0.534977
0.531389
0.52777
0.524123
0.520453
0.516762
0.513055
0.509335
0.505606
0.501871
0.498135
0.4944
0.490671
0.486951
0.483244
0.479553
0.475883
0.472236
0.468617
0.465029
0.461475
0.45796
0.454486
0.451057
0.447676
0.444347
0.441072
0.437856
0.434702
0.431611
0.428589
0.425636
0.422758
0.419955
0.417232
0.41459
0.412032
0.409562
0.40718
0.40489
0.402695
0.400595
0.398593
0.396692
0.394892
0.393196
0.391606
0.390122
0.388747
0.387482
0.386328
0.385287
0.384358
0.383544
0.382844
0.38226
0.381793
0.381442
0.381208
0.381092
0.618918
0.618802
0.618568
0.618217
0.617749
0.617165
0.616465
0.615651
0.614722
0.61368
0.612526
0.611261
0.609886
0.608402
0.606812
0.605116
0.603316
0.601414
0.599413
0.597313
0.595117
0.592827
0.590445
0.587975
0.585417
0.582775
0.580051
0.577249
0.57437
0.571418
0.568395
0.565304
0.56215
0.558934
0.555659
0.55233
0.548949
0.54552
0.542046
0.53853
0.534977
0.531389
0.527769
0.524123
0.520452
0.516762
0.513055
0.509335
0.505606
0.501871
0.498135
0.4944
0.490671
0.486951
0.483244
0.479553
0.475883
0.472236
0.468617
0.465029
0.461476
0.45796
0.454486
0.451057
0.447676
0.444347
0.441073
0.437857
0.434702
0.431612
0.428589
0.425637
0.422758
0.419955
0.417232
0.41459
0.412033
0.409562
0.407181
0.404891
0.402695
0.400595
0.398594
0.396692
0.394893
0.393197
0.391606
0.390123
0.388748
0.387483
0.386329
0.385287
0.384359
0.383544
0.382845
0.382261
0.381794
0.381443
0.381209
0.381092
0.618918
0.618801
0.618567
0.618216
0.617748
0.617164
0.616465
0.61565
0.614722
0.61368
0.612525
0.61126
0.609885
0.608402
0.606811
0.605115
0.603316
0.601414
0.599412
0.597312
0.595116
0.592826
0.590445
0.587974
0.585416
0.582775
0.580051
0.577248
0.574369
0.571417
0.568394
0.565304
0.562149
0.558933
0.555659
0.55233
0.548949
0.54552
0.542046
0.53853
0.534976
0.531388
0.527769
0.524123
0.520452
0.516762
0.513055
0.509335
0.505606
0.501871
0.498135
0.4944
0.490671
0.486951
0.483244
0.479553
0.475883
0.472237
0.468617
0.465029
0.461476
0.45796
0.454486
0.451057
0.447676
0.444347
0.441073
0.437857
0.434702
0.431612
0.428589
0.425637
0.422758
0.419956
0.417232
0.414591
0.412033
0.409563
0.407181
0.404891
0.402696
0.400596
0.398594
0.396693
0.394893
0.393197
0.391607
0.390124
0.388749
0.387484
0.38633
0.385288
0.384359
0.383545
0.382846
0.382262
0.381794
0.381443
0.38121
0.381093
0.618917
0.6188
0.618566
0.618215
0.617748
0.617164
0.616464
0.61565
0.614721
0.613679
0.612525
0.61126
0.609885
0.608401
0.606811
0.605115
0.603315
0.601413
0.599411
0.597312
0.595116
0.592826
0.590444
0.587974
0.585416
0.582774
0.58005
0.577248
0.574369
0.571417
0.568394
0.565304
0.562149
0.558933
0.555659
0.552329
0.548949
0.54552
0.542045
0.53853
0.534976
0.531388
0.527769
0.524123
0.520452
0.516762
0.513055
0.509335
0.505606
0.501871
0.498135
0.4944
0.490671
0.486951
0.483244
0.479553
0.475883
0.472237
0.468618
0.46503
0.461476
0.45796
0.454486
0.451057
0.447677
0.444347
0.441073
0.437857
0.434703
0.431612
0.42859
0.425638
0.422759
0.419956
0.417233
0.414591
0.412034
0.409563
0.407182
0.404892
0.402696
0.400596
0.398595
0.396693
0.394894
0.393198
0.391608
0.390124
0.388749
0.387484
0.38633
0.385289
0.38436
0.383546
0.382846
0.382262
0.381795
0.381444
0.38121
0.381094
0.618917
0.6188
0.618566
0.618215
0.617747
0.617163
0.616463
0.615649
0.61472
0.613678
0.612524
0.611259
0.609884
0.6084
0.60681
0.605114
0.603314
0.601413
0.599411
0.597311
0.595115
0.592825
0.590444
0.587973
0.585415
0.582774
0.58005
0.577247
0.574369
0.571416
0.568394
0.565303
0.562149
0.558933
0.555658
0.552329
0.548948
0.545519
0.542045
0.53853
0.534976
0.531388
0.527769
0.524122
0.520452
0.516762
0.513055
0.509335
0.505606
0.501871
0.498135
0.4944
0.490671
0.486951
0.483244
0.479554
0.475883
0.472237
0.468618
0.46503
0.461476
0.457961
0.454487
0.451058
0.447677
0.444348
0.441074
0.437858
0.434703
0.431613
0.42859
0.425638
0.422759
0.419957
0.417233
0.414592
0.412034
0.409564
0.407182
0.404893
0.402697
0.400597
0.398595
0.396694
0.394894
0.393199
0.391608
0.390125
0.38875
0.387485
0.386331
0.385289
0.384361
0.383546
0.382847
0.382263
0.381796
0.381445
0.381211
0.381094
0.618916
0.618799
0.618565
0.618214
0.617746
0.617162
0.616463
0.615648
0.614719
0.613678
0.612523
0.611258
0.609883
0.6084
0.606809
0.605113
0.603314
0.601412
0.59941
0.59731
0.595114
0.592825
0.590443
0.587972
0.585415
0.582773
0.580049
0.577247
0.574368
0.571416
0.568393
0.565303
0.562148
0.558932
0.555658
0.552329
0.548948
0.545519
0.542045
0.538529
0.534976
0.531388
0.527769
0.524122
0.520452
0.516761
0.513054
0.509335
0.505605
0.501871
0.498135
0.4944
0.490671
0.486951
0.483244
0.479554
0.475883
0.472237
0.468618
0.46503
0.461476
0.457961
0.454487
0.451058
0.447677
0.444348
0.441074
0.437858
0.434703
0.431613
0.428591
0.425639
0.42276
0.419957
0.417234
0.414592
0.412035
0.409564
0.407183
0.404893
0.402697
0.400598
0.398596
0.396695
0.394895
0.393199
0.391609
0.390126
0.388751
0.387486
0.386332
0.38529
0.384361
0.383547
0.382848
0.382264
0.381796
0.381446
0.381212
0.381095
0.618916
0.618799
0.618564
0.618213
0.617746
0.617162
0.616462
0.615647
0.614719
0.613677
0.612523
0.611257
0.609882
0.608399
0.606808
0.605112
0.603313
0.601411
0.599409
0.59731
0.595114
0.592824
0.590442
0.587972
0.585414
0.582772
0.580049
0.577246
0.574367
0.571415
0.568393
0.565302
0.562148
0.558932
0.555658
0.552328
0.548948
0.545519
0.542045
0.538529
0.534975
0.531387
0.527768
0.524122
0.520452
0.516761
0.513054
0.509334
0.505605
0.501871
0.498135
0.4944
0.490671
0.486951
0.483244
0.479554
0.475884
0.472237
0.468618
0.46503
0.461477
0.457961
0.454487
0.451058
0.447678
0.444348
0.441074
0.437858
0.434704
0.431614
0.428591
0.425639
0.42276
0.419958
0.417234
0.414593
0.412035
0.409565
0.407183
0.404894
0.402698
0.400598
0.398597
0.396695
0.394896
0.3932
0.39161
0.390126
0.388751
0.387486
0.386333
0.385291
0.384362
0.383548
0.382848
0.382265
0.381797
0.381446
0.381213
0.381096
)
;

boundaryField
{
    xmin
    {
        type            zeroGradient;
    }
    xmax
    {
        type            zeroGradient;
    }
    ymin
    {
        type            zeroGradient;
    }
    ymax
    {
        type            zeroGradient;
    }
    zmin
    {
        type            empty;
    }
    zmax
    {
        type            empty;
    }
}


// ************************************************************************* //
