#Tiempo [fms]     Presion [Atm]
50100 45.300776989195
50200 45.8647747760397
50300 45.3275917380714
50400 45.3052769318855
50500 45.0111895294594
50600 46.1147227101176
50700 45.2587416931938
50800 45.8169574071267
50900 46.0331309256011
51000 46.9929218428464
51100 46.2871587938273
51200 46.0680087080453
51300 46.4253517424071
51400 45.5447919866361
51500 45.5136585253062
51600 46.1032246254503
51700 46.0195848540074
51800 45.890552320951
51900 44.9188925789501
52000 45.0199948110399
52100 44.9242842812326
52200 44.9626201297187
52300 44.4251494747711
52400 45.0004667018004
52500 45.0893681108791
52600 45.8569285506863
52700 46.0058671686726
52800 45.669644006262
52900 45.0862952257456
53000 44.9557407183126
53100 45.2664571899849
53200 45.775833563806
53300 46.1793676419761
53400 46.3013524092182
53500 45.7844867265128
53600 45.9123075463063
53700 45.9414215830409
53800 45.3527213297186
53900 45.4833805531623
54000 45.2333921796904
54100 44.6706765255559
54200 44.8353577577364
54300 44.8840913275443
54400 44.5661765859109
54500 44.3751489133749
54600 44.7867992465363
54700 43.9511542764175
54800 44.2792385371832
54900 45.2090323102494
55000 46.0507509160196
55100 45.8462896920434
55200 46.065941827948
55300 45.637472944875
55400 45.8995870734273
55500 45.3846417412722
55600 45.0199466077615
55700 45.2571770844119
55800 46.2500298631626
55900 45.6747053964796
56000 46.2725287412848
56100 45.6409057313899
56200 45.1024099926097
56300 45.0564573317369
56400 45.7499232257196
56500 46.1108863904318
56600 45.6339224124042
56700 45.3778057730909
56800 45.0484709247613
56900 45.0973692127731
57000 45.2223902972092
57100 45.2398609389565
57200 44.7765765523148
57300 45.9795924046371
57400 46.1777738029503
57500 45.8573477033382
57600 45.7270980342974
57700 45.8929381570785
57800 46.6920216083036
57900 46.3728823319622
58000 46.0358473618368
58100 45.6720086937022
58200 46.319669284211
58300 46.2284472771283
58400 45.5873282233719
58500 45.6080611174649
58600 45.2043566650226
58700 44.5463305033581
58800 44.3472200750052
58900 44.7707200341699
59000 45.6275636555257
59100 45.1352390782001
59200 45.0753588979173
59300 45.0464159776121
59400 45.2724246427546
59500 45.4603848884213
59600 45.6982612401651
59700 46.0955050932501
59800 45.5529156632789
59900 45.8171422420674
60000 45.763372066848
60100 46.248413052021
60200 46.0132530633001
60300 45.3278068455039
60400 44.4972232702896
60500 45.3399429065823
60600 45.1639741844733
60700 45.1020890403654
60800 45.2035953120667
60900 45.0951174559749
61000 44.9161275461513
61100 45.2212582564234
61200 45.6918753793609
61300 45.306180396466
61400 45.5239936604123
61500 45.7299739197166
61600 45.4549217035597
61700 44.7603231366425
61800 45.1222195856313
61900 45.3003052809519
62000 45.8141069267985
62100 45.542539016502
62200 45.8338912171308
62300 46.5574019229489
62400 46.4322651280576
62500 45.9842767368337
62600 45.7998758717708
62700 45.9332217621825
62800 46.7056289366891
62900 45.8292163676806
63000 44.7463210107014
63100 44.887499497887
63200 44.4402378862065
63300 44.4950456419087
63400 44.8424631677175
63500 45.065455969675
63600 45.6710360145517
63700 45.1909118413758
63800 45.3744634926507
63900 45.4112875936308
64000 45.9894557156839
64100 46.3850478533233
64200 45.4699396229936
64300 45.3758305861789
64400 45.2131444880435
64500 45.8414341158281
64600 46.2185072768295
64700 45.6117160174546
64800 45.0604167817026
64900 45.1453162409099
65000 44.995508230415
65100 46.0418985987974
65200 45.2319109982153
65300 45.9080717171204
65400 45.6163265951538
65500 45.6934012734876
65600 45.9271529412964
65700 45.1463363207502
65800 44.7148400759932
65900 44.6492828008461
66000 45.3058008035406
66100 45.5989903259896
66200 45.4040918758532
66300 45.271545387236
66400 45.7976813492465
66500 45.7353715304011
66600 45.0871545260326
66700 45.5683089901495
66800 46.0972285807076
66900 46.0271865039004
67000 46.0094167361849
67100 45.9163279526821
67200 45.6374305666331
67300 46.383107251072
67400 45.353267708709
67500 45.1124622681243
67600 45.2287465815412
67700 44.8303170187646
67800 46.0137754849839
67900 46.4877651510286
68000 45.7750226919354
68100 45.6662297165171
68200 44.5556922666377
68300 44.4234397422918
68400 44.3338612976679
68500 44.8208021746122
68600 45.5155505192527
68700 45.4052964742314
68800 45.6863635334109
68900 45.5515756892966
69000 46.3843943613925
69100 46.1513191967863
69200 45.9667202453373
69300 45.4758188716363
69400 46.3770763902133
69500 46.2165288478263
69600 45.9548081671755
69700 45.665925455799
69800 45.4451088811157
69900 46.220394080851
70000 45.6406478781642
70100 45.1715863001868
70200 45.4682841499382
70300 45.1769670714318
70400 45.4899847175138
70500 45.1771977438149
70600 44.7014092685977
70700 45.228203514665
70800 45.626015008227
70900 45.6551301501978
71000 46.2730499714139
71100 46.0909291438712
71200 45.5235495850747
71300 45.2235629489597
71400 44.9548037250641
71500 46.2707293880656
71600 45.8681776581549
71700 45.9881464988831
71800 45.8266820069081
71900 46.1628046426052
72000 45.5414459091335
72100 46.3938746040613
72200 45.8249563830698
72300 45.113317768156
72400 45.7661671922709
72500 45.1652399492117
72600 44.72674299125
72700 44.4418790996055
72800 44.7837723857916
72900 45.1990521960853
73000 45.1597213307296
73100 44.7752716752639
73200 45.5878266378054
73300 45.7036051391596
73400 45.5285622406339
73500 46.9759563300742
73600 46.6984830470268
73700 45.7897118979893
73800 45.7379103600375
73900 45.7628692731002
74000 45.2625785269565
74100 45.8678076185508
74200 46.1249609377739
74300 46.0228007287727
74400 45.9438591187576
74500 44.967438326896
74600 45.0090549157156
74700 44.7801952320625
74800 44.6951841046783
74900 45.0700026744304
75000 45.7500887996274
75100 46.2705272441068
75200 45.5403813206566
75300 44.8744695277455
75400 45.4414130575885
75500 45.7724184137846
75600 46.0249643889835
75700 44.9103559632404
75800 45.3850865202199
75900 45.8236088126557
76000 46.2015398487475
76100 45.4298497560937
76200 46.5612000103928
76300 46.368490369767
76400 46.9863971173532
76500 46.5763689853366
76600 46.2059973458706
76700 46.4317970260244
76800 45.8153816226199
76900 45.7178395972714
77000 45.4885464190904
77100 45.3355674608841
77200 46.5369871033412
77300 45.197338865943
77400 44.943531561698
77500 44.5804857628556
77600 45.2716863908508
77700 45.612048882115
77800 45.0879813695767
77900 44.8382534143654
78000 45.0829211169059
78100 45.6447002799073
78200 45.5161939490617
78300 45.9514505983785
78400 45.6591491664978
78500 46.0304037101179
78600 45.5507907006249
78700 45.9876457434721
78800 45.6463585439069
78900 46.3288530324037
79000 44.8410026381168
79100 45.151353495722
79200 44.7845480057421
79300 45.126807074579
79400 45.1579522857084
79500 45.0037275603095
79600 44.5557017809742
79700 44.4937167247965
79800 45.2633099022434
79900 45.5254321472636
80000 45.7424160382125
80100 45.5520655478598
80200 45.6598288819464
80300 45.1785446687613
80400 45.4638641288132
80500 45.5862816178656
80600 45.5045691714659
80700 45.4372476159386
80800 45.4323121281226
80900 45.5339142833341
81000 45.4265639250006
81100 45.818963127253
81200 45.9497271861625
81300 44.8403396551172
81400 45.1943901572816
81500 45.4974978152382
81600 44.5908436226417
81700 44.7743749029078
81800 45.0183179596308
81900 45.1025359331219
82000 45.2484796311557
82100 45.2106107222494
82200 45.3309915043967
82300 45.6516285319724
82400 45.2731162773303
82500 45.7649602848449
82600 45.2684474031234
82700 46.0245223288635
82800 46.5114309776252
82900 46.1078659456415
83000 45.8537997230563
83100 46.3189327589686
83200 45.309815735518
83300 45.2547454860573
83400 45.3745916073858
83500 45.5542153815053
83600 45.8501152630072
83700 45.2313217218081
83800 45.2611598889359
83900 45.4432726984195
84000 44.6377149924343
84100 44.5882983064297
84200 45.0398544141824
84300 45.2942971031324
84400 45.4311727835273
84500 45.4384892964268
84600 45.8281313564706
84700 47.0959898296416
84800 45.493813074324
84900 45.6773590938621
85000 45.5856838362964
85100 45.70981040547
85200 45.4339952074532
85300 45.7525078720751
85400 45.7056435245563
85500 45.9131970294782
85600 45.5157975206523
85700 44.9429334952473
85800 45.8229266785805
85900 45.7132705465355
86000 45.6927528680785
86100 45.5494052409437
86200 45.207450136864
86300 45.2319566994599
86400 45.0626259349904
86500 45.2309795607689
86600 45.159927542156
86700 44.8382913562244
86800 45.3665918075055
86900 45.2388719860696
87000 45.6160283138
87100 46.0261886949706
87200 45.828795691686
87300 45.4163880712952
87400 45.8126704869492
87500 45.619739045899
87600 45.700216005818
87700 45.5103231410184
87800 46.0013963094245
87900 45.352839470504
88000 45.3407808325591
88100 45.6755925017621
88200 45.6296118561178
88300 45.6018999502902
88400 45.4828736609167
88500 45.497566108427
88600 45.8077268999196
88700 45.4985046781572
88800 44.6990471863324
88900 45.3466420240381
89000 45.307585028613
89100 45.2776675751618
89200 45.3863592450316
89300 45.139775056175
89400 45.6409921773155
89500 45.1851971324771
89600 45.6645349797035
89700 45.9039625528647
89800 46.6047492029037
89900 46.0345375351218
90000 46.6661047327991
90100 46.4593351833739
90200 46.3903856388643
90300 45.4808400158148
90400 45.2511586058099
90500 45.2769293119245
90600 44.9897422970477
90700 45.1887660750206
90800 45.0522603539489
90900 45.7886151540387
91000 45.5470395210583
91100 44.9762968025412
91200 45.7315187738737
91300 45.3371256069741
91400 45.1484582360675
91500 45.0534101433915
91600 45.5833653866967
91700 46.074037707004
91800 45.4380345164764
91900 45.9490269109924
92000 46.8190469870463
92100 46.4990620200391
92200 47.1034286713989
92300 46.443689368122
92400 46.196347637671
92500 45.9396437092525
92600 45.8791819402516
92700 45.3904014777894
92800 45.2199960270344
92900 45.8311154009021
93000 45.5546380924434
93100 44.7582946084067
93200 44.6725986169726
93300 45.2021947934028
93400 45.8123530907165
93500 45.5830431097515
93600 45.9174603097713
93700 45.7686475251237
93800 46.1996878560805
93900 45.4718844791729
94000 45.1753812479946
94100 45.4264539472334
94200 46.0210735882366
94300 46.1776624873963
94400 46.0589333088677
94500 45.1180461489097
94600 45.4751449746709
94700 45.5795215473797
94800 45.7143103759165
94900 46.0895067651929
95000 45.5899058684045
95100 45.4985989025294
95200 45.2696052408039
95300 45.1654950771569
95400 44.4068351059976
95500 44.9952013389976
95600 44.8257004746548
95700 45.3708071272337
95800 45.0153296538251
95900 43.9056420008411
96000 44.8382816019028
96100 45.6366613990236
96200 45.9462708189853
96300 45.7157976836935
96400 45.6168762763368
96500 45.7164750618724
96600 45.6058201063954
96700 46.1405014735607
96800 45.9016771204087
96900 45.6005951872338
97000 45.8601197970549
97100 45.2852477448858
97200 44.9122438545858
97300 45.9004521779236
97400 46.1340362391692
97500 45.6147290356754
97600 45.1872959130281
97700 45.0778286566096
97800 45.193396348912
97900 45.8649070701034
98000 45.8041983927036
98100 44.9296192489203
98200 45.1716368426265
98300 45.5636573722176
98400 46.0900246027472
98500 46.2497981688603
98600 46.4851271157896
98700 46.5292944666865
98800 46.7992706663428
98900 45.3926231552831
99000 46.0058198443543
99100 46.2948304779254
99200 46.2254371120132
99300 45.9745855302623
99400 45.9515353485404
99500 44.9828493907455
99600 45.0678904315952
99700 46.3806858953876
99800 45.9779931977091
99900 45.3985099383789
100000 44.641135569393
100100 44.7912746510924
100200 44.7830005624697
100300 44.6191683799335
100400 45.3994454875443
100500 45.220463786071
100600 45.2103266727923
100700 45.4050837958229
100800 45.2647919997807
100900 45.2683639084008
101000 47.0847339446022
101100 47.0619366254824
101200 46.4283470198852
101300 46.40656944513
101400 45.8630803037345
101500 46.3626653747184
101600 45.5505739776546
101700 44.7585543944918
101800 44.4566538398008
101900 44.7033690326749
102000 45.1360564730449
102100 45.1226024534288
102200 45.4159623731934
102300 44.8634870126267
102400 44.937010806524
102500 45.1525769347517
102600 45.4109775546398
102700 45.8438047301819
102800 45.7249641324531
102900 45.5491317949081
103000 45.9439804399067
103100 45.7332060404601
103200 45.4934834235665
103300 44.8909389422506
103400 45.6424661978438
103500 46.5243318533006
103600 46.3751089182723
103700 46.3423558301844
103800 45.7180380753537
103900 45.9452737219635
104000 44.6482196534786
104100 44.8517023275076
104200 45.3482967551377
104300 45.2266334904193
104400 45.2392891323194
104500 45.5352869333264
104600 45.4486538906099
104700 45.5287414827595
104800 45.8130102349259
104900 45.5283526372582
105000 45.9615272198291
105100 46.8869383873908
105200 46.458345060016
105300 47.1795671065073
105400 47.315693790151
105500 46.2982424991508
105600 45.9865428963872
105700 45.8804403225523
105800 45.5114318285223
105900 45.9706489965733
106000 45.7848366187793
106100 45.867546015774
106200 45.982526767487
106300 45.8688558143976
106400 45.9996559492616
106500 45.3767306938497
106600 44.3741641583489
106700 44.886529181769
106800 45.1175669154262
106900 45.003656741929
107000 45.0659517433359
107100 45.113053573631
107200 45.2402390228426
107300 45.1868552512333
107400 45.9404047192527
107500 45.9999469256876
107600 45.9292381981039
107700 45.9941322965185
107800 45.9338160505571
107900 45.8082879595021
108000 46.2489097918764
108100 46.2290163508837
108200 45.9635490682029
108300 45.4394772258696
108400 44.3422991108069
108500 44.5481052126418
108600 44.5547135878437
108700 44.8264716058422
108800 44.7775929814986
108900 45.2888777657878
109000 45.0154056416599
109100 44.4835005539805
109200 45.0396889908883
109300 45.415754942919
109400 44.871627193458
109500 45.3300963398759
109600 46.0017744734183
109700 45.8172807516636
109800 45.2989387043219
109900 45.4246370518285
110000 44.8126730590964
110100 45.6724449065031
110200 45.8515693083467
110300 45.804477599984
110400 45.8853973679591
110500 45.6795246305575
110600 45.4447750677286
110700 44.6585141386093
110800 44.8036113225815
110900 44.5321291112214
111000 44.5157757341451
111100 44.7798084538534
111200 44.702006957654
111300 44.6898797516134
111400 44.5086514191667
111500 44.8520105369538
111600 45.4423904021454
111700 45.9860087105414
111800 45.8059217216796
111900 45.8762334419074
112000 45.5544893217765
112100 45.4984840900702
112200 46.2197574596444
112300 46.0673143045895
112400 45.5205087873722
112500 45.3667783956973
112600 45.536845234034
112700 45.7587651275473
112800 44.759892056587
112900 45.6821591534728
113000 45.6454892633825
113100 45.0745213262088
113200 45.0222632638747
113300 45.8341994676826
113400 44.6275971523497
113500 44.6618725794211
113600 45.1085479876311
113700 45.6694646790459
113800 45.9552827967909
113900 45.6702787698261
114000 46.4184147707135
114100 46.4512977429397
114200 46.8334805645665
114300 46.3826524179074
114400 45.9676217422944
114500 46.2306774514468
114600 45.967598343938
114700 45.7440464040693
114800 46.072748104182
114900 46.1427200245158
115000 45.5489336770908
115100 45.7669256494668
115200 45.1329564432206
115300 45.405346832153
115400 46.2030313219359
115500 46.1660611414837
115600 45.4520399157028
115700 45.4128148594718
115800 46.0733838586983
115900 45.6069910083056
116000 45.3477355537164
116100 45.2953164668107
116200 45.8451221046006
116300 46.2881713687191
116400 46.3235333746414
116500 46.0426324128783
116600 45.3032424583033
116700 46.1577002420217
116800 45.2837145585152
116900 45.4716216988006
117000 45.85400004369
117100 46.0694640517409
117200 45.2262401494231
117300 44.3565998068848
117400 44.0771302817756
117500 44.8457014143026
117600 45.0729762500118
117700 45.3588023205583
117800 45.2642087450657
117900 45.1063362506139
118000 44.8576912740378
118100 44.3845170837712
118200 45.5339101154334
118300 46.1949196526365
118400 46.1900361972125
118500 46.490228868036
118600 46.3394462339003
118700 45.8657531376741
118800 46.1093509192373
118900 45.9270445002425
119000 45.6685470101513
119100 45.7898592157517
119200 45.95595180902
119300 45.1794813882658
119400 45.1992969505367
119500 45.351373832018
119600 44.9911185416597
119700 45.382937741963
119800 45.3588428557387
119900 45.930801596418
120000 45.4997667290359
120100 45.7406152204747
120200 45.502297566017
120300 45.2854157480272
120400 45.3120461410334
120500 46.2176646145833
120600 46.0557377768587
120700 46.2794091659298
120800 46.5393331812501
120900 47.4122873078542
121000 46.3513179863128
121100 46.4124759039067
121200 46.6038816525812
121300 46.2549259363316
121400 46.174068627494
121500 45.7309614309819
121600 45.7628926965631
121700 45.8448875847826
121800 45.6317380052082
121900 45.9664638445716
122000 45.5817333193754
122100 45.0562420394845
122200 45.0913536084216
122300 44.8688599706268
122400 45.0529221866079
122500 45.2929320231493
122600 45.19614592821
122700 45.6366431241529
122800 45.5797876296553
122900 45.9391823214897
123000 45.8498200056132
123100 46.0118263544514
123200 45.7582672554644
123300 46.1501052091152
123400 46.5056762154179
123500 46.1967321958407
123600 45.5849272115909
123700 45.6323203790218
123800 45.4025029277185
123900 44.9441825038469
124000 45.5815946315632
124100 44.8725238100037
124200 45.7510373273971
124300 44.918516657528
124400 45.0655853632958
124500 44.511151825957
124600 44.8478406362455
124700 45.0551504791092
124800 45.0545902244894
124900 45.7663400782656
125000 45.709370179914
125100 44.8814839453545
125200 45.5754987980194
125300 46.1711445013627
125400 46.2693696353072
125500 45.8680567940426
125600 45.4698931644366
125700 45.5283888400754
125800 45.7427487610798
125900 45.52406403572
126000 45.5480342285757
126100 46.4987026191073
126200 46.3686152148782
126300 45.4642543430213
126400 45.4918147629197
126500 44.7260471161121
126600 44.836246108886
126700 44.7326167259131
126800 45.1820269830229
126900 44.9967114956605
127000 44.9375653893137
127100 45.6554678287818
127200 45.9811585473062
127300 45.2837733353766
127400 45.556786728718
127500 45.7483034502953
127600 46.8256228357882
127700 46.7779880226344
127800 46.2464445632676
127900 46.1006977675933
128000 46.3111367802429
128100 45.9002321375266
128200 46.1521845055237
128300 46.0327526561912
128400 45.767976222035
128500 44.6868231387599
128600 45.1798942367669
128700 44.6349338976909
128800 44.3751063197999
128900 45.4272277630477
129000 44.4509161764032
129100 44.9536484737954
129200 45.3081952581595
129300 45.3287281173088
129400 45.4702998292943
129500 45.4307310616171
129600 45.7445928339818
129700 46.4400286476842
129800 46.5980162178427
129900 46.3938523279014
130000 45.2890162498204
130100 45.0225896194539
130200 45.7943653336714
130300 45.1910255757584
130400 45.2969419474587
130500 45.1600834397665
130600 45.5397513009691
130700 44.9641541068494
130800 44.7835756269942
130900 45.0591887787703
131000 44.8082550006262
131100 44.4806485957947
131200 44.8261651123012
131300 44.6486858311609
131400 44.8158398048588
131500 45.5334916444433
131600 45.7853154380936
131700 45.4196963444848
131800 45.3746043878754
131900 45.4857626507773
132000 45.7709339599024
132100 45.056155088363
132200 45.3329576553305
132300 45.3100495142274
132400 45.4589574360932
132500 45.3388864204106
132600 46.3374841890851
132700 46.3344403790068
132800 45.5627327194551
132900 45.1236042726604
133000 44.9093285997934
133100 45.0701757774621
133200 44.9795592738281
133300 45.4284832186678
133400 45.2434886228814
133500 45.1234428858905
133600 44.7238553861824
133700 45.2181127259936
133800 45.8138139975047
133900 45.5580109204394
134000 45.9808738879519
134100 46.2452116803362
134200 46.3159255090895
134300 46.7891017882697
134400 46.6019533772307
134500 46.46039586488
134600 45.6668665638892
134700 45.659315664105
134800 45.2496002166471
134900 45.3381547504322
135000 45.0092708204248
135100 45.7634184434094
135200 45.7893744360527
135300 45.2672597531983
135400 44.7350737447439
135500 45.1892075972514
135600 45.3192863710478
135700 45.2271655441877
135800 46.0738700782188
135900 45.5191970840364
136000 45.1487278209656
136100 45.0220063654563
136200 45.6767575085618
136300 46.199452014386
136400 45.9134831224139
136500 46.1824191291754
136600 46.2808933495988
136700 45.97975374134
136800 46.1407880244953
136900 45.7420492456223
137000 45.5640387226602
137100 45.115067521944
137200 45.625699958387
137300 45.9053195370869
137400 46.1981180593055
137500 45.6011387811309
137600 45.1404622754409
137700 45.3347660645093
137800 45.7738307066833
137900 45.4373129218835
138000 45.3690232041761
138100 45.369073285994
138200 45.6574094003862
138300 45.1244273801924
138400 45.4173664827162
138500 45.5659146622341
138600 45.4241647625833
138700 45.5101304385505
138800 46.0084560827475
138900 45.689430368748
139000 45.415924752873
139100 46.1377166949102
139200 46.3828900895812
139300 46.0307465962777
139400 46.0436215630246
139500 45.8938336884579
139600 45.7972925517484
139700 45.1657101400593
139800 44.8347498704308
139900 45.3141145995956
140000 44.9219017597745
140100 44.7577507138713
140200 44.8734236956798
140300 45.43085769968
140400 45.3723649908917
140500 44.7487517255159
140600 45.3074125088622
140700 45.0426081037803
140800 44.4839258335754
140900 45.1518884588818
141000 45.6255669488962
141100 45.5789772326086
141200 46.2106941049091
141300 46.7445652126965
141400 46.8734873251004
141500 46.4517495716998
141600 46.071182486006
141700 45.4276130424181
141800 46.4554354095994
141900 45.8388991964723
142000 45.2896084525576
142100 45.6833526512041
142200 45.2630877912547
142300 45.0104973270801
142400 44.924888341548
142500 45.3823611169932
142600 45.8887629279062
142700 45.4930832836431
142800 45.1146467658971
142900 44.7596969096896
143000 44.8482065441166
143100 45.2390265162798
143200 46.1692465426208
143300 45.4408640123984
143400 45.099017193592
143500 45.2778043699313
143600 46.0603653809465
143700 46.6755281567613
143800 47.0995074018946
143900 47.0642352028872
144000 45.7570352879544
144100 46.35186294538
144200 46.6118874237018
144300 46.2811423992255
144400 45.3696790662726
144500 45.4176436437093
144600 45.3615463607974
144700 46.2153932804439
144800 46.5500466047924
144900 45.5720966590579
145000 45.5141123842455
145100 44.8830786883106
145200 44.7111837577519
145300 45.4117808601275
145400 45.1468314877981
145500 45.2789657076742
145600 44.8478554675883
145700 45.6299541342536
145800 46.2781073609738
145900 45.8685561591668
146000 45.6516873322468
146100 45.6755081613572
146200 45.7312040006061
146300 45.6836408816586
146400 45.9993552666326
146500 45.3190615275506
146600 44.9520001476621
146700 45.2484291912028
146800 45.2371691585769
146900 44.0057031009164
147000 44.5970213479023
147100 44.5308003264843
147200 45.6763574931939
147300 45.1251136292068
147400 44.6757870771876
147500 45.2103157904299
147600 45.2092990876554
147700 45.5838860323241
147800 45.3275515220756
147900 45.4356468502282
148000 45.5760312651854
148100 45.4586014547009
148200 45.3537024528581
148300 45.5183686725434
148400 45.45052853339
148500 46.2462779166084
148600 46.4885797762785
148700 45.7910452258855
148800 45.360089964221
148900 45.8154143435854
149000 44.8906787967018
149100 45.5577271600817
149200 46.0401457474462
149300 45.619607523798
149400 44.7487842828927
149500 44.9640565038324
149600 45.2745823529216
149700 44.9127021049822
149800 44.75635682909
149900 44.6901240252344
150000 44.5063595432945
