/*--------------------------------*- C++ -*----------------------------------*\
  =========                 |
  \\      /  F ield         | OpenFOAM: The Open Source CFD Toolbox
   \\    /   O peration     | Website:  https://openfoam.org
    \\  /    A nd           | Version:  6
     \\/     M anipulation  |
\*---------------------------------------------------------------------------*/
FoamFile
{
    version     2.0;
    format      ascii;
    class       volScalarField;
    location    "1";
    object      T;
}
// * * * * * * * * * * * * * * * * * * * * * * * * * * * * * * * * * * * * * //

dimensions      [0 0 0 1 0 0 0];

internalField   nonuniform List<scalar> 
5000
(
0.999573
0.999545
0.999488
0.9994
0.999275
0.999109
0.998895
0.998623
0.998284
0.997863
0.997347
0.996717
0.995952
0.99503
0.993924
0.992603
0.991034
0.98918
0.986999
0.984448
0.981477
0.978035
0.974067
0.969515
0.964318
0.958415
0.951743
0.944239
0.935841
0.92649
0.916128
0.904704
0.89217
0.878489
0.863629
0.847569
0.830298
0.811818
0.792143
0.771301
0.749331
0.726289
0.702244
0.677276
0.651481
0.624964
0.597842
0.570239
0.542287
0.514124
0.485896
0.457733
0.429781
0.402177
0.375053
0.348535
0.322738
0.297769
0.273722
0.250678
0.228706
0.207862
0.188185
0.169703
0.152431
0.136369
0.121507
0.107824
0.0952901
0.0838647
0.073502
0.0641499
0.0557517
0.0482475
0.0415754
0.0356725
0.030476
0.0259239
0.0219562
0.0185147
0.0155446
0.0129938
0.0108139
0.00896038
0.00739204
0.00607168
0.00496568
0.00404401
0.00328
0.0026502
0.00213412
0.00171405
0.00137481
0.00110353
0.000889451
0.000723745
0.000599313
0.000510664
0.000453779
0.000426015
0.999573
0.999546
0.999489
0.9994
0.999275
0.99911
0.998895
0.998624
0.998284
0.997864
0.997348
0.996718
0.995953
0.995031
0.993925
0.992605
0.991036
0.989182
0.987002
0.984451
0.981481
0.978039
0.974071
0.969519
0.964323
0.958421
0.951749
0.944245
0.935848
0.926497
0.916135
0.904711
0.892178
0.878497
0.863636
0.847576
0.830305
0.811825
0.79215
0.771307
0.749337
0.726295
0.702249
0.677281
0.651485
0.624967
0.597844
0.57024
0.542287
0.514123
0.485895
0.457731
0.429778
0.402173
0.375049
0.34853
0.322732
0.297763
0.273715
0.250671
0.228699
0.207854
0.188177
0.169696
0.152423
0.136361
0.1215
0.107818
0.0952835
0.0838585
0.0734961
0.0641444
0.0557465
0.0482427
0.041571
0.0356685
0.0304724
0.0259207
0.0219533
0.0185122
0.0155423
0.0129918
0.0108122
0.00895887
0.00739074
0.00607056
0.00496472
0.0040432
0.00327931
0.00264962
0.00213363
0.00171364
0.00137446
0.00110324
0.000889205
0.000723533
0.000599129
0.000510503
0.000453647
0.000425948
0.999573
0.999546
0.999489
0.9994
0.999276
0.99911
0.998896
0.998624
0.998285
0.997865
0.997349
0.996719
0.995954
0.995033
0.993927
0.992606
0.991038
0.989184
0.987004
0.984454
0.981484
0.978042
0.974075
0.969523
0.964327
0.958425
0.951754
0.94425
0.935853
0.926502
0.916141
0.904717
0.892184
0.878503
0.863643
0.847583
0.830312
0.811832
0.792156
0.771313
0.749342
0.7263
0.702253
0.677284
0.651488
0.62497
0.597846
0.570241
0.542287
0.514123
0.485894
0.457729
0.429775
0.40217
0.375045
0.348525
0.322727
0.297757
0.273709
0.250665
0.228693
0.207848
0.188171
0.169689
0.152417
0.136355
0.121494
0.107812
0.0952778
0.0838531
0.0734911
0.0641396
0.0557421
0.0482387
0.0415673
0.0356651
0.0304693
0.0259179
0.0219508
0.01851
0.0155403
0.0129901
0.0108107
0.00895757
0.00738962
0.0060696
0.0049639
0.0040425
0.00327872
0.00264912
0.00213322
0.00171329
0.00137417
0.00110299
0.000888996
0.000723355
0.000598977
0.000510373
0.000453539
0.000425861
0.999574
0.999546
0.999489
0.9994
0.999276
0.99911
0.998896
0.998625
0.998285
0.997865
0.997349
0.996719
0.995955
0.995034
0.993928
0.992608
0.991039
0.989186
0.987006
0.984456
0.981486
0.978045
0.974078
0.969527
0.964331
0.958429
0.951758
0.944255
0.935858
0.926508
0.916147
0.904723
0.89219
0.878509
0.863649
0.847589
0.830318
0.811838
0.792162
0.771318
0.749347
0.726304
0.702257
0.677288
0.651491
0.624972
0.597847
0.570242
0.542288
0.514122
0.485893
0.457727
0.429773
0.402166
0.375041
0.348521
0.322723
0.297752
0.273704
0.250659
0.228687
0.207842
0.188165
0.169683
0.152411
0.136349
0.121488
0.107806
0.0952725
0.0838481
0.0734863
0.0641352
0.055738
0.0482349
0.0415638
0.0356619
0.0304664
0.0259154
0.0219485
0.0185079
0.0155385
0.0129885
0.0108093
0.00895636
0.00738857
0.0060687
0.00496314
0.00404185
0.00327817
0.00264866
0.00213283
0.00171296
0.0013739
0.00110276
0.000888803
0.000723192
0.000598838
0.000510254
0.000453435
0.000425768
0.999574
0.999546
0.999489
0.999401
0.999276
0.99911
0.998896
0.998625
0.998286
0.997866
0.99735
0.99672
0.995956
0.995035
0.993929
0.992609
0.991041
0.989188
0.987008
0.984458
0.981489
0.978048
0.974081
0.96953
0.964335
0.958433
0.951763
0.94426
0.935863
0.926513
0.916152
0.904728
0.892196
0.878515
0.863655
0.847594
0.830323
0.811843
0.792167
0.771323
0.749352
0.726309
0.702261
0.677291
0.651494
0.624974
0.597849
0.570243
0.542288
0.514122
0.485892
0.457725
0.42977
0.402164
0.375037
0.348517
0.322718
0.297747
0.273699
0.250654
0.228681
0.207836
0.188159
0.169677
0.152405
0.136344
0.121483
0.107801
0.0952676
0.0838434
0.0734819
0.0641311
0.0557342
0.0482313
0.0415605
0.035659
0.0304637
0.0259129
0.0219463
0.018506
0.0155368
0.012987
0.010808
0.00895523
0.0073876
0.00606786
0.00496243
0.00404124
0.00327766
0.00264823
0.00213246
0.00171266
0.00137364
0.00110255
0.000888625
0.000723041
0.000598709
0.000510143
0.000453337
0.000425677
0.999574
0.999546
0.999489
0.999401
0.999276
0.999111
0.998897
0.998625
0.998286
0.997866
0.99735
0.996721
0.995957
0.995036
0.99393
0.99261
0.991042
0.989189
0.98701
0.98446
0.981491
0.978051
0.974084
0.969533
0.964338
0.958437
0.951766
0.944264
0.935868
0.926517
0.916157
0.904733
0.892201
0.87852
0.86366
0.8476
0.830329
0.811848
0.792172
0.771328
0.749356
0.726312
0.702265
0.677294
0.651496
0.624976
0.59785
0.570244
0.542288
0.514122
0.485891
0.457724
0.429768
0.402161
0.375034
0.348513
0.322714
0.297743
0.273694
0.250649
0.228676
0.207831
0.188154
0.169672
0.1524
0.136339
0.121478
0.107796
0.095263
0.083839
0.0734778
0.0641273
0.0557306
0.048228
0.0415575
0.0356562
0.0304613
0.0259107
0.0219443
0.0185042
0.0155353
0.0129856
0.0108068
0.00895419
0.0073867
0.00606709
0.00496176
0.00404068
0.00327719
0.00264783
0.00213213
0.00171238
0.00137341
0.00110235
0.00088846
0.000722902
0.000598591
0.00051004
0.000453245
0.00042559
0.999574
0.999546
0.99949
0.999401
0.999277
0.999111
0.998897
0.998626
0.998287
0.997867
0.997351
0.996721
0.995958
0.995037
0.993931
0.992611
0.991044
0.989191
0.987012
0.984462
0.981493
0.978053
0.974087
0.969536
0.964341
0.95844
0.95177
0.944268
0.935872
0.926522
0.916161
0.904738
0.892205
0.878525
0.863665
0.847605
0.830333
0.811853
0.792177
0.771332
0.74936
0.726316
0.702268
0.677297
0.651499
0.624978
0.597852
0.570244
0.542288
0.514121
0.48589
0.457722
0.429766
0.402158
0.375031
0.34851
0.322711
0.297739
0.27369
0.250644
0.228672
0.207826
0.188149
0.169667
0.152395
0.136334
0.121473
0.107792
0.0952588
0.083835
0.0734741
0.0641237
0.0557273
0.048225
0.0415548
0.0356537
0.030459
0.0259086
0.0219425
0.0185026
0.0155338
0.0129843
0.0108057
0.00895323
0.00738587
0.00606638
0.00496115
0.00404016
0.00327675
0.00264746
0.00213182
0.00171212
0.00137319
0.00110217
0.000888309
0.000722775
0.000598481
0.000509944
0.000453158
0.000425508
0.999574
0.999547
0.99949
0.999401
0.999277
0.999111
0.998897
0.998626
0.998287
0.997867
0.997352
0.996722
0.995959
0.995037
0.993932
0.992612
0.991045
0.989192
0.987014
0.984464
0.981495
0.978055
0.974089
0.969539
0.964344
0.958443
0.951773
0.944271
0.935875
0.926526
0.916165
0.904742
0.89221
0.878529
0.863669
0.847609
0.830338
0.811857
0.792181
0.771336
0.749364
0.726319
0.702271
0.6773
0.651501
0.62498
0.597853
0.570245
0.542289
0.514121
0.485889
0.457721
0.429764
0.402156
0.375029
0.348507
0.322707
0.297735
0.273686
0.25064
0.228667
0.207822
0.188144
0.169663
0.152391
0.13633
0.121469
0.107788
0.095255
0.0838314
0.0734706
0.0641205
0.0557243
0.0482222
0.0415522
0.0356514
0.0304569
0.0259067
0.0219408
0.0185011
0.0155325
0.0129832
0.0108047
0.00895234
0.0073851
0.00606572
0.00496059
0.00403969
0.00327635
0.00264712
0.00213153
0.00171188
0.00137299
0.001102
0.00088817
0.000722657
0.000598381
0.000509856
0.000453079
0.000425433
0.999574
0.999547
0.99949
0.999401
0.999277
0.999111
0.998897
0.998626
0.998287
0.997868
0.997352
0.996723
0.995959
0.995038
0.993933
0.992613
0.991046
0.989194
0.987015
0.984466
0.981497
0.978057
0.974091
0.969541
0.964347
0.958446
0.951776
0.944275
0.935879
0.926529
0.916169
0.904746
0.892214
0.878533
0.863673
0.847613
0.830342
0.811861
0.792184
0.77134
0.749367
0.726323
0.702274
0.677302
0.651503
0.624981
0.597854
0.570246
0.542289
0.514121
0.485888
0.45772
0.429763
0.402154
0.375026
0.348504
0.322704
0.297732
0.273682
0.250636
0.228663
0.207818
0.18814
0.169659
0.152387
0.136326
0.121465
0.107784
0.0952514
0.083828
0.0734674
0.0641175
0.0557216
0.0482197
0.0415499
0.0356492
0.0304549
0.025905
0.0219392
0.0184997
0.0155313
0.0129821
0.0108038
0.00895153
0.0073844
0.00606512
0.00496008
0.00403925
0.00327598
0.00264681
0.00213127
0.00171167
0.00137281
0.00110185
0.000888043
0.00072255
0.000598289
0.000509775
0.000453005
0.000425363
0.999574
0.999547
0.99949
0.999401
0.999277
0.999112
0.998898
0.998627
0.998288
0.997868
0.997352
0.996723
0.99596
0.995039
0.993934
0.992614
0.991047
0.989195
0.987016
0.984467
0.981499
0.978059
0.974093
0.969543
0.964349
0.958449
0.951779
0.944278
0.935882
0.926533
0.916172
0.90475
0.892217
0.878537
0.863677
0.847617
0.830345
0.811865
0.792188
0.771343
0.74937
0.726325
0.702276
0.677304
0.651505
0.624983
0.597855
0.570246
0.542289
0.51412
0.485887
0.457719
0.429761
0.402152
0.375024
0.348501
0.322701
0.297729
0.273679
0.250633
0.22866
0.207814
0.188137
0.169655
0.152383
0.136322
0.121462
0.107781
0.0952482
0.0838249
0.0734645
0.0641148
0.055719
0.0482173
0.0415477
0.0356473
0.0304532
0.0259034
0.0219378
0.0184984
0.0155302
0.0129811
0.0108029
0.00895079
0.00738377
0.00606457
0.00495961
0.00403885
0.00327564
0.00264653
0.00213104
0.00171147
0.00137265
0.00110172
0.000887927
0.000722452
0.000598205
0.000509702
0.000452938
0.000425299
0.999575
0.999547
0.99949
0.999402
0.999277
0.999112
0.998898
0.998627
0.998288
0.997868
0.997353
0.996724
0.99596
0.995039
0.993934
0.992615
0.991048
0.989196
0.987018
0.984468
0.9815
0.978061
0.974095
0.969545
0.964351
0.958451
0.951782
0.94428
0.935885
0.926535
0.916176
0.904753
0.892221
0.87854
0.863681
0.84762
0.830349
0.811868
0.792191
0.771346
0.749373
0.726328
0.702278
0.677306
0.651506
0.624984
0.597856
0.570247
0.542289
0.51412
0.485887
0.457718
0.42976
0.40215
0.375022
0.348499
0.322699
0.297726
0.273676
0.25063
0.228656
0.207811
0.188133
0.169652
0.15238
0.136319
0.121458
0.107778
0.0952452
0.0838221
0.0734619
0.0641123
0.0557168
0.0482152
0.0415458
0.0356455
0.0304516
0.025902
0.0219365
0.0184973
0.0155292
0.0129802
0.0108021
0.00895012
0.00738319
0.00606408
0.00495919
0.00403849
0.00327534
0.00264627
0.00213082
0.00171129
0.0013725
0.00110159
0.000887823
0.000722364
0.000598129
0.000509635
0.000452877
0.000425241
0.999575
0.999547
0.99949
0.999402
0.999277
0.999112
0.998898
0.998627
0.998288
0.997869
0.997353
0.996724
0.995961
0.99504
0.993935
0.992616
0.991049
0.989197
0.987019
0.98447
0.981501
0.978062
0.974097
0.969547
0.964353
0.958453
0.951784
0.944283
0.935887
0.926538
0.916178
0.904756
0.892224
0.878543
0.863684
0.847623
0.830352
0.811871
0.792194
0.771349
0.749376
0.72633
0.70228
0.677308
0.651508
0.624985
0.597857
0.570247
0.542289
0.51412
0.485886
0.457717
0.429758
0.402149
0.37502
0.348497
0.322696
0.297723
0.273673
0.250627
0.228654
0.207808
0.18813
0.169649
0.152377
0.136316
0.121456
0.107775
0.0952426
0.0838196
0.0734595
0.0641101
0.0557147
0.0482133
0.0415441
0.035644
0.0304501
0.0259007
0.0219354
0.0184963
0.0155282
0.0129794
0.0108014
0.00894952
0.00738267
0.00606363
0.00495881
0.00403817
0.00327506
0.00264604
0.00213063
0.00171113
0.00137236
0.00110148
0.000887729
0.000722284
0.00059806
0.000509574
0.000452822
0.000425188
0.999575
0.999547
0.99949
0.999402
0.999278
0.999112
0.998898
0.998627
0.998288
0.997869
0.997353
0.996724
0.995961
0.99504
0.993936
0.992616
0.99105
0.989198
0.98702
0.984471
0.981503
0.978064
0.974098
0.969549
0.964355
0.958455
0.951786
0.944285
0.93589
0.926541
0.916181
0.904758
0.892226
0.878546
0.863686
0.847626
0.830355
0.811873
0.792196
0.771351
0.749378
0.726332
0.702282
0.67731
0.651509
0.624986
0.597857
0.570248
0.542289
0.51412
0.485886
0.457716
0.429757
0.402147
0.375018
0.348495
0.322694
0.297721
0.273671
0.250624
0.228651
0.207805
0.188128
0.169646
0.152374
0.136313
0.121453
0.107772
0.0952402
0.0838174
0.0734574
0.0641081
0.0557129
0.0482116
0.0415425
0.0356425
0.0304489
0.0258995
0.0219344
0.0184953
0.0155274
0.0129787
0.0108008
0.00894898
0.0073822
0.00606323
0.00495847
0.00403788
0.00327482
0.00264583
0.00213046
0.00171098
0.00137224
0.00110138
0.000887644
0.000722212
0.000597999
0.00050952
0.000452773
0.000425142
0.999575
0.999547
0.99949
0.999402
0.999278
0.999112
0.998898
0.998627
0.998289
0.997869
0.997354
0.996725
0.995962
0.995041
0.993936
0.992617
0.99105
0.989198
0.98702
0.984472
0.981504
0.978065
0.9741
0.96955
0.964357
0.958457
0.951788
0.944287
0.935892
0.926543
0.916183
0.904761
0.892229
0.878549
0.863689
0.847628
0.830357
0.811876
0.792199
0.771353
0.74938
0.726334
0.702284
0.677311
0.65151
0.624987
0.597858
0.570248
0.54229
0.51412
0.485885
0.457715
0.429756
0.402146
0.375017
0.348493
0.322692
0.297719
0.273668
0.250622
0.228649
0.207803
0.188125
0.169643
0.152372
0.136311
0.121451
0.10777
0.0952381
0.0838154
0.0734555
0.0641064
0.0557112
0.0482101
0.0415411
0.0356413
0.0304477
0.0258985
0.0219334
0.0184945
0.0155267
0.0129781
0.0108003
0.00894849
0.00738179
0.00606287
0.00495816
0.00403762
0.0032746
0.00264565
0.0021303
0.00171085
0.00137213
0.00110129
0.000887569
0.000722149
0.000597945
0.000509472
0.000452729
0.0004251
0.999575
0.999547
0.99949
0.999402
0.999278
0.999112
0.998899
0.998628
0.998289
0.997869
0.997354
0.996725
0.995962
0.995041
0.993937
0.992618
0.991051
0.989199
0.987021
0.984473
0.981505
0.978066
0.974101
0.969552
0.964358
0.958458
0.95179
0.944289
0.935894
0.926545
0.916185
0.904763
0.892231
0.878551
0.863691
0.847631
0.830359
0.811878
0.792201
0.771355
0.749382
0.726336
0.702285
0.677312
0.651511
0.624988
0.597859
0.570248
0.54229
0.514119
0.485885
0.457714
0.429755
0.402145
0.375016
0.348492
0.322691
0.297717
0.273667
0.25062
0.228646
0.2078
0.188123
0.169641
0.152369
0.136309
0.121449
0.107768
0.0952362
0.0838136
0.0734538
0.0641048
0.0557098
0.0482088
0.0415399
0.0356401
0.0304467
0.0258976
0.0219326
0.0184938
0.0155261
0.0129775
0.0107998
0.00894807
0.00738142
0.00606256
0.00495789
0.00403739
0.00327441
0.00264549
0.00213017
0.00171074
0.00137204
0.00110121
0.000887503
0.000722093
0.000597896
0.00050943
0.00045269
0.000425063
0.999575
0.999547
0.999491
0.999402
0.999278
0.999112
0.998899
0.998628
0.998289
0.99787
0.997354
0.996725
0.995962
0.995042
0.993937
0.992618
0.991051
0.9892
0.987022
0.984473
0.981506
0.978067
0.974102
0.969553
0.964359
0.95846
0.951791
0.94429
0.935895
0.926546
0.916187
0.904764
0.892233
0.878553
0.863693
0.847632
0.830361
0.81188
0.792202
0.771357
0.749383
0.726337
0.702287
0.677314
0.651512
0.624989
0.597859
0.570249
0.54229
0.514119
0.485884
0.457714
0.429755
0.402144
0.375014
0.348491
0.322689
0.297716
0.273665
0.250618
0.228645
0.207799
0.188121
0.169639
0.152368
0.136307
0.121447
0.107766
0.0952346
0.083812
0.0734524
0.0641034
0.0557085
0.0482076
0.0415388
0.0356392
0.0304458
0.0258968
0.0219319
0.0184932
0.0155255
0.012977
0.0107993
0.0089477
0.0073811
0.00606228
0.00495766
0.00403719
0.00327424
0.00264535
0.00213005
0.00171064
0.00137196
0.00110114
0.000887445
0.000722044
0.000597855
0.000509393
0.000452657
0.000425031
0.999575
0.999547
0.999491
0.999402
0.999278
0.999112
0.998899
0.998628
0.998289
0.99787
0.997354
0.996725
0.995962
0.995042
0.993937
0.992618
0.991052
0.9892
0.987022
0.984474
0.981506
0.978068
0.974103
0.969554
0.96436
0.958461
0.951792
0.944291
0.935897
0.926548
0.916188
0.904766
0.892234
0.878554
0.863695
0.847634
0.830363
0.811881
0.792204
0.771358
0.749385
0.726338
0.702288
0.677315
0.651513
0.624989
0.59786
0.570249
0.54229
0.514119
0.485884
0.457713
0.429754
0.402143
0.375013
0.348489
0.322688
0.297714
0.273663
0.250617
0.228643
0.207797
0.188119
0.169638
0.152366
0.136305
0.121445
0.107765
0.0952332
0.0838107
0.0734511
0.0641022
0.0557074
0.0482066
0.0415379
0.0356383
0.030445
0.0258961
0.0219313
0.0184926
0.015525
0.0129766
0.010799
0.00894738
0.00738082
0.00606204
0.00495746
0.00403702
0.00327409
0.00264522
0.00212995
0.00171056
0.00137189
0.00110108
0.000887396
0.000722002
0.000597818
0.000509361
0.000452628
0.000425003
0.999575
0.999547
0.999491
0.999402
0.999278
0.999113
0.998899
0.998628
0.998289
0.99787
0.997355
0.996726
0.995963
0.995042
0.993938
0.992619
0.991052
0.989201
0.987023
0.984475
0.981507
0.978068
0.974104
0.969555
0.964361
0.958462
0.951793
0.944293
0.935898
0.926549
0.91619
0.904767
0.892236
0.878556
0.863696
0.847636
0.830364
0.811883
0.792205
0.771359
0.749386
0.726339
0.702289
0.677315
0.651514
0.62499
0.59786
0.570249
0.54229
0.514119
0.485884
0.457713
0.429753
0.402142
0.375012
0.348488
0.322687
0.297713
0.273662
0.250615
0.228642
0.207796
0.188118
0.169636
0.152365
0.136304
0.121444
0.107764
0.0952319
0.0838095
0.07345
0.0641012
0.0557064
0.0482057
0.0415371
0.0356376
0.0304444
0.0258955
0.0219308
0.0184922
0.0155246
0.0129762
0.0107987
0.0089471
0.00738058
0.00606184
0.00495728
0.00403688
0.00327397
0.00264512
0.00212986
0.00171049
0.00137183
0.00110103
0.000887354
0.000721967
0.000597788
0.000509334
0.000452603
0.00042498
0.999575
0.999547
0.999491
0.999402
0.999278
0.999113
0.998899
0.998628
0.998289
0.99787
0.997355
0.996726
0.995963
0.995042
0.993938
0.992619
0.991053
0.989201
0.987023
0.984475
0.981508
0.978069
0.974104
0.969555
0.964362
0.958463
0.951794
0.944294
0.935899
0.92655
0.916191
0.904769
0.892237
0.878557
0.863697
0.847637
0.830365
0.811884
0.792206
0.77136
0.749387
0.72634
0.702289
0.677316
0.651514
0.62499
0.59786
0.570249
0.54229
0.514119
0.485884
0.457713
0.429753
0.402142
0.375012
0.348488
0.322686
0.297712
0.273661
0.250614
0.22864
0.207794
0.188117
0.169635
0.152363
0.136303
0.121443
0.107763
0.0952309
0.0838085
0.0734491
0.0641004
0.0557056
0.048205
0.0415364
0.035637
0.0304438
0.025895
0.0219303
0.0184918
0.0155243
0.0129759
0.0107984
0.00894687
0.00738039
0.00606167
0.00495714
0.00403675
0.00327387
0.00264503
0.00212979
0.00171043
0.00137178
0.00110099
0.000887319
0.000721938
0.000597763
0.000509312
0.000452583
0.000424961
0.999575
0.999547
0.999491
0.999402
0.999278
0.999113
0.998899
0.998628
0.998289
0.99787
0.997355
0.996726
0.995963
0.995043
0.993938
0.992619
0.991053
0.989201
0.987024
0.984475
0.981508
0.978069
0.974105
0.969556
0.964363
0.958463
0.951795
0.944294
0.9359
0.926551
0.916192
0.90477
0.892238
0.878558
0.863698
0.847638
0.830366
0.811885
0.792207
0.771361
0.749388
0.726341
0.70229
0.677317
0.651515
0.624991
0.597861
0.57025
0.54229
0.514119
0.485883
0.457712
0.429752
0.402141
0.375011
0.348487
0.322685
0.297711
0.27366
0.250613
0.228639
0.207793
0.188116
0.169634
0.152362
0.136302
0.121442
0.107762
0.0952301
0.0838077
0.0734483
0.0640997
0.055705
0.0482044
0.0415358
0.0356365
0.0304434
0.0258946
0.02193
0.0184914
0.015524
0.0129757
0.0107982
0.00894669
0.00738023
0.00606154
0.00495702
0.00403666
0.00327379
0.00264497
0.00212973
0.00171038
0.00137174
0.00110096
0.000887291
0.000721914
0.000597743
0.000509295
0.000452567
0.000424946
0.999575
0.999547
0.999491
0.999402
0.999278
0.999113
0.998899
0.998628
0.99829
0.99787
0.997355
0.996726
0.995963
0.995043
0.993938
0.99262
0.991053
0.989202
0.987024
0.984476
0.981508
0.97807
0.974105
0.969556
0.964363
0.958464
0.951796
0.944295
0.9359
0.926552
0.916193
0.90477
0.892239
0.878559
0.863699
0.847639
0.830367
0.811885
0.792208
0.771362
0.749388
0.726342
0.702291
0.677317
0.651515
0.624991
0.597861
0.57025
0.54229
0.514119
0.485883
0.457712
0.429752
0.402141
0.375011
0.348486
0.322684
0.29771
0.273659
0.250613
0.228639
0.207793
0.188115
0.169633
0.152362
0.136301
0.121441
0.107761
0.0952294
0.0838071
0.0734477
0.0640991
0.0557045
0.0482039
0.0415354
0.0356361
0.030443
0.0258943
0.0219297
0.0184912
0.0155238
0.0129755
0.010798
0.00894655
0.00738011
0.00606143
0.00495694
0.00403658
0.00327372
0.00264491
0.00212969
0.00171034
0.00137171
0.00110093
0.00088727
0.000721897
0.000597728
0.000509282
0.000452555
0.000424934
0.999575
0.999547
0.999491
0.999402
0.999278
0.999113
0.998899
0.998628
0.99829
0.99787
0.997355
0.996726
0.995963
0.995043
0.993938
0.99262
0.991053
0.989202
0.987024
0.984476
0.981509
0.97807
0.974106
0.969557
0.964364
0.958465
0.951796
0.944296
0.935901
0.926552
0.916193
0.904771
0.892239
0.878559
0.8637
0.847639
0.830368
0.811886
0.792209
0.771363
0.749389
0.726342
0.702291
0.677317
0.651515
0.624991
0.597861
0.57025
0.54229
0.514118
0.485883
0.457712
0.429752
0.40214
0.37501
0.348486
0.322684
0.29771
0.273659
0.250612
0.228638
0.207792
0.188114
0.169633
0.152361
0.1363
0.121441
0.10776
0.0952289
0.0838066
0.0734473
0.0640987
0.0557041
0.0482035
0.0415351
0.0356358
0.0304428
0.0258941
0.0219295
0.018491
0.0155236
0.0129754
0.0107979
0.00894644
0.00738002
0.00606136
0.00495687
0.00403653
0.00327368
0.00264488
0.00212966
0.00171032
0.00137169
0.00110091
0.000887256
0.000721885
0.000597718
0.000509273
0.000452547
0.000424927
0.999575
0.999548
0.999491
0.999402
0.999278
0.999113
0.998899
0.998628
0.99829
0.99787
0.997355
0.996726
0.995963
0.995043
0.993939
0.99262
0.991053
0.989202
0.987025
0.984476
0.981509
0.97807
0.974106
0.969557
0.964364
0.958465
0.951796
0.944296
0.935901
0.926553
0.916194
0.904771
0.89224
0.87856
0.8637
0.84764
0.830368
0.811886
0.792209
0.771363
0.749389
0.726342
0.702291
0.677318
0.651516
0.624991
0.597861
0.57025
0.54229
0.514118
0.485883
0.457711
0.429751
0.40214
0.37501
0.348485
0.322683
0.29771
0.273658
0.250612
0.228638
0.207791
0.188114
0.169632
0.152361
0.1363
0.12144
0.10776
0.0952285
0.0838063
0.073447
0.0640984
0.0557038
0.0482033
0.0415349
0.0356356
0.0304426
0.0258939
0.0219293
0.0184909
0.0155235
0.0129753
0.0107978
0.00894638
0.00737997
0.00606131
0.00495683
0.0040365
0.00327365
0.00264485
0.00212964
0.0017103
0.00137167
0.0011009
0.000887249
0.000721879
0.000597713
0.000509268
0.000452543
0.000424923
0.999575
0.999548
0.999491
0.999402
0.999278
0.999113
0.998899
0.998628
0.99829
0.99787
0.997355
0.996726
0.995963
0.995043
0.993939
0.99262
0.991054
0.989202
0.987025
0.984476
0.981509
0.978071
0.974106
0.969557
0.964364
0.958465
0.951797
0.944296
0.935902
0.926553
0.916194
0.904772
0.89224
0.87856
0.8637
0.84764
0.830368
0.811887
0.792209
0.771363
0.749389
0.726343
0.702291
0.677318
0.651516
0.624991
0.597861
0.57025
0.54229
0.514118
0.485883
0.457711
0.429751
0.40214
0.37501
0.348485
0.322683
0.297709
0.273658
0.250611
0.228637
0.207791
0.188114
0.169632
0.15236
0.1363
0.12144
0.10776
0.0952283
0.0838061
0.0734468
0.0640982
0.0557037
0.0482032
0.0415348
0.0356355
0.0304425
0.0258939
0.0219293
0.0184908
0.0155235
0.0129752
0.0107978
0.00894636
0.00737995
0.0060613
0.00495682
0.00403649
0.00327365
0.00264485
0.00212963
0.0017103
0.00137167
0.0011009
0.000887248
0.000721878
0.000597712
0.000509268
0.000452543
0.000424923
0.999575
0.999548
0.999491
0.999402
0.999278
0.999113
0.998899
0.998628
0.99829
0.99787
0.997355
0.996726
0.995963
0.995043
0.993939
0.99262
0.991054
0.989202
0.987025
0.984476
0.981509
0.978071
0.974106
0.969557
0.964364
0.958465
0.951797
0.944296
0.935902
0.926553
0.916194
0.904772
0.89224
0.87856
0.8637
0.84764
0.830368
0.811887
0.792209
0.771363
0.749389
0.726343
0.702291
0.677318
0.651516
0.624991
0.597861
0.57025
0.542289
0.514118
0.485882
0.457711
0.429751
0.40214
0.375009
0.348485
0.322683
0.297709
0.273658
0.250611
0.228637
0.207791
0.188114
0.169632
0.15236
0.1363
0.12144
0.10776
0.0952283
0.0838061
0.0734468
0.0640982
0.0557037
0.0482032
0.0415348
0.0356355
0.0304425
0.0258939
0.0219293
0.0184909
0.0155235
0.0129753
0.0107978
0.00894637
0.00737996
0.00606131
0.00495684
0.0040365
0.00327366
0.00264486
0.00212964
0.00171031
0.00137168
0.00110091
0.000887253
0.000721883
0.000597717
0.000509273
0.000452547
0.000424927
0.999575
0.999548
0.999491
0.999402
0.999278
0.999113
0.998899
0.998628
0.99829
0.99787
0.997355
0.996726
0.995964
0.995043
0.993939
0.99262
0.991054
0.989202
0.987025
0.984477
0.981509
0.978071
0.974106
0.969557
0.964364
0.958465
0.951797
0.944296
0.935902
0.926553
0.916194
0.904772
0.89224
0.87856
0.8637
0.84764
0.830368
0.811887
0.792209
0.771363
0.749389
0.726342
0.702291
0.677317
0.651515
0.624991
0.597861
0.570249
0.542289
0.514118
0.485882
0.457711
0.429751
0.40214
0.375009
0.348485
0.322683
0.297709
0.273658
0.250611
0.228637
0.207791
0.188114
0.169632
0.15236
0.1363
0.12144
0.10776
0.0952284
0.0838062
0.0734469
0.0640984
0.0557038
0.0482033
0.0415349
0.0356356
0.0304426
0.025894
0.0219294
0.0184909
0.0155236
0.0129753
0.0107979
0.00894643
0.00738001
0.00606136
0.00495688
0.00403653
0.00327369
0.00264489
0.00212967
0.00171033
0.0013717
0.00110092
0.000887266
0.000721894
0.000597727
0.000509281
0.000452556
0.000424935
0.999575
0.999548
0.999491
0.999402
0.999278
0.999113
0.998899
0.998628
0.99829
0.99787
0.997355
0.996726
0.995963
0.995043
0.993939
0.99262
0.991054
0.989202
0.987025
0.984476
0.981509
0.978071
0.974106
0.969557
0.964364
0.958465
0.951797
0.944296
0.935902
0.926553
0.916194
0.904772
0.89224
0.87856
0.8637
0.84764
0.830368
0.811886
0.792209
0.771363
0.749389
0.726342
0.702291
0.677317
0.651515
0.624991
0.59786
0.570249
0.542289
0.514118
0.485882
0.457711
0.429751
0.40214
0.375009
0.348485
0.322683
0.297709
0.273658
0.250611
0.228637
0.207791
0.188114
0.169632
0.152361
0.1363
0.12144
0.10776
0.0952287
0.0838065
0.0734472
0.0640986
0.055704
0.0482035
0.0415351
0.0356358
0.0304428
0.0258941
0.0219295
0.0184911
0.0155237
0.0129755
0.010798
0.00894653
0.0073801
0.00606143
0.00495694
0.00403659
0.00327374
0.00264493
0.0021297
0.00171036
0.00137172
0.00110095
0.000887286
0.000721911
0.000597742
0.000509295
0.000452568
0.000424947
0.999575
0.999548
0.999491
0.999402
0.999278
0.999113
0.998899
0.998628
0.99829
0.99787
0.997355
0.996726
0.995963
0.995043
0.993939
0.99262
0.991054
0.989202
0.987025
0.984476
0.981509
0.978071
0.974106
0.969557
0.964364
0.958465
0.951796
0.944296
0.935901
0.926553
0.916193
0.904771
0.89224
0.878559
0.8637
0.847639
0.830368
0.811886
0.792208
0.771362
0.749388
0.726342
0.702291
0.677317
0.651515
0.62499
0.59786
0.570249
0.542289
0.514118
0.485882
0.457711
0.429751
0.40214
0.375009
0.348485
0.322683
0.297709
0.273658
0.250612
0.228638
0.207792
0.188114
0.169633
0.152361
0.136301
0.121441
0.107761
0.0952291
0.0838069
0.0734476
0.064099
0.0557044
0.0482039
0.0415355
0.0356362
0.0304431
0.0258944
0.0219298
0.0184913
0.0155239
0.0129756
0.0107981
0.00894667
0.00738022
0.00606154
0.00495704
0.00403667
0.00327381
0.00264499
0.00212976
0.0017104
0.00137176
0.00110098
0.000887313
0.000721935
0.000597763
0.000509314
0.000452585
0.000424964
0.999575
0.999548
0.999491
0.999402
0.999278
0.999113
0.998899
0.998628
0.99829
0.99787
0.997355
0.996726
0.995963
0.995043
0.993939
0.99262
0.991053
0.989202
0.987024
0.984476
0.981509
0.97807
0.974106
0.969557
0.964364
0.958465
0.951796
0.944296
0.935901
0.926552
0.916193
0.904771
0.892239
0.878559
0.863699
0.847639
0.830367
0.811885
0.792208
0.771362
0.749388
0.726341
0.70229
0.677316
0.651514
0.62499
0.59786
0.570249
0.542289
0.514118
0.485882
0.457711
0.429751
0.40214
0.37501
0.348485
0.322684
0.29771
0.273659
0.250612
0.228638
0.207792
0.188115
0.169633
0.152362
0.136301
0.121441
0.107761
0.0952297
0.0838075
0.0734482
0.0640996
0.0557049
0.0482044
0.0415359
0.0356366
0.0304435
0.0258948
0.0219301
0.0184916
0.0155242
0.0129759
0.0107984
0.00894686
0.00738039
0.00606169
0.00495716
0.00403678
0.0032739
0.00264507
0.00212982
0.00171046
0.00137181
0.00110102
0.000887349
0.000721966
0.000597789
0.000509338
0.000452607
0.000424985
0.999575
0.999548
0.999491
0.999402
0.999278
0.999113
0.998899
0.998628
0.99829
0.99787
0.997355
0.996726
0.995963
0.995043
0.993938
0.99262
0.991053
0.989202
0.987024
0.984476
0.981509
0.97807
0.974105
0.969557
0.964364
0.958464
0.951796
0.944295
0.9359
0.926552
0.916192
0.90477
0.892238
0.878558
0.863698
0.847638
0.830366
0.811885
0.792207
0.771361
0.749387
0.72634
0.702289
0.677316
0.651514
0.62499
0.597859
0.570248
0.542288
0.514117
0.485882
0.457711
0.429751
0.40214
0.37501
0.348486
0.322684
0.29771
0.273659
0.250613
0.228639
0.207793
0.188116
0.169634
0.152362
0.136302
0.121442
0.107762
0.0952305
0.0838083
0.0734489
0.0641003
0.0557056
0.048205
0.0415365
0.0356371
0.030444
0.0258952
0.0219305
0.018492
0.0155245
0.0129762
0.0107986
0.00894709
0.0073806
0.00606187
0.00495732
0.00403692
0.00327402
0.00264517
0.00212991
0.00171053
0.00137187
0.00110107
0.000887393
0.000722003
0.000597823
0.000509367
0.000452635
0.000425011
0.999575
0.999547
0.999491
0.999402
0.999278
0.999113
0.998899
0.998628
0.99829
0.99787
0.997355
0.996726
0.995963
0.995043
0.993938
0.99262
0.991053
0.989202
0.987024
0.984476
0.981508
0.97807
0.974105
0.969556
0.964363
0.958464
0.951795
0.944294
0.9359
0.926551
0.916192
0.904769
0.892237
0.878557
0.863697
0.847637
0.830365
0.811883
0.792206
0.77136
0.749386
0.726339
0.702288
0.677315
0.651513
0.624989
0.597859
0.570248
0.542288
0.514117
0.485882
0.457711
0.429751
0.40214
0.37501
0.348486
0.322685
0.297711
0.27366
0.250614
0.22864
0.207794
0.188117
0.169635
0.152363
0.136303
0.121443
0.107763
0.0952315
0.0838092
0.0734498
0.0641011
0.0557064
0.0482058
0.0415372
0.0356378
0.0304446
0.0258958
0.0219311
0.0184925
0.0155249
0.0129765
0.0107989
0.00894738
0.00738085
0.00606209
0.00495751
0.00403708
0.00327416
0.00264529
0.00213001
0.00171062
0.00137194
0.00110113
0.000887446
0.000722049
0.000597862
0.000509403
0.000452668
0.000425043
0.999575
0.999547
0.999491
0.999402
0.999278
0.999113
0.998899
0.998628
0.99829
0.99787
0.997355
0.996726
0.995963
0.995043
0.993938
0.992619
0.991053
0.989201
0.987024
0.984475
0.981508
0.978069
0.974104
0.969556
0.964362
0.958463
0.951794
0.944294
0.935899
0.92655
0.91619
0.904768
0.892236
0.878556
0.863696
0.847636
0.830364
0.811882
0.792205
0.771359
0.749385
0.726338
0.702287
0.677314
0.651512
0.624988
0.597858
0.570247
0.542288
0.514117
0.485882
0.457711
0.429751
0.402141
0.375011
0.348487
0.322685
0.297712
0.273661
0.250615
0.228641
0.207795
0.188118
0.169636
0.152365
0.136304
0.121445
0.107764
0.0952327
0.0838104
0.0734509
0.0641022
0.0557074
0.0482067
0.0415381
0.0356386
0.0304454
0.0258965
0.0219317
0.018493
0.0155254
0.012977
0.0107993
0.00894773
0.00738115
0.00606235
0.00495774
0.00403728
0.00327432
0.00264543
0.00213013
0.00171072
0.00137203
0.00110121
0.000887509
0.000722103
0.00059791
0.000509445
0.000452707
0.00042508
0.999575
0.999547
0.999491
0.999402
0.999278
0.999113
0.998899
0.998628
0.998289
0.99787
0.997355
0.996726
0.995963
0.995042
0.993938
0.992619
0.991053
0.989201
0.987023
0.984475
0.981507
0.978069
0.974104
0.969555
0.964362
0.958462
0.951793
0.944293
0.935898
0.926549
0.916189
0.904767
0.892235
0.878555
0.863695
0.847634
0.830362
0.811881
0.792203
0.771357
0.749384
0.726337
0.702286
0.677313
0.651511
0.624987
0.597857
0.570247
0.542287
0.514117
0.485882
0.457711
0.429752
0.402141
0.375011
0.348488
0.322686
0.297713
0.273662
0.250616
0.228642
0.207796
0.188119
0.169638
0.152366
0.136306
0.121446
0.107766
0.0952341
0.0838117
0.0734522
0.0641034
0.0557086
0.0482078
0.0415391
0.0356395
0.0304462
0.0258973
0.0219324
0.0184937
0.015526
0.0129775
0.0107998
0.00894813
0.0073815
0.00606266
0.004958
0.00403751
0.00327452
0.0026456
0.00213027
0.00171084
0.00137213
0.00110129
0.000887582
0.000722167
0.000597965
0.000509495
0.000452752
0.000425124
0.999575
0.999547
0.999491
0.999402
0.999278
0.999113
0.998899
0.998628
0.998289
0.99787
0.997355
0.996726
0.995963
0.995042
0.993938
0.992619
0.991052
0.989201
0.987023
0.984474
0.981507
0.978068
0.974103
0.969554
0.964361
0.958461
0.951792
0.944291
0.935896
0.926548
0.916188
0.904765
0.892234
0.878553
0.863693
0.847633
0.830361
0.811879
0.792202
0.771356
0.749382
0.726336
0.702285
0.677311
0.65151
0.624986
0.597857
0.570246
0.542287
0.514116
0.485882
0.457711
0.429752
0.402142
0.375012
0.348488
0.322687
0.297714
0.273663
0.250617
0.228644
0.207798
0.188121
0.169639
0.152368
0.136307
0.121448
0.107767
0.0952357
0.0838133
0.0734537
0.0641049
0.05571
0.0482091
0.0415403
0.0356406
0.0304472
0.0258982
0.0219332
0.0184944
0.0155267
0.0129781
0.0108003
0.0089486
0.00738191
0.00606301
0.00495831
0.00403777
0.00327475
0.00264579
0.00213044
0.00171098
0.00137225
0.0011014
0.000887668
0.00072224
0.000598029
0.000509552
0.000452805
0.000425174
0.999575
0.999547
0.999491
0.999402
0.999278
0.999112
0.998899
0.998628
0.998289
0.99787
0.997354
0.996726
0.995963
0.995042
0.993937
0.992618
0.991052
0.9892
0.987022
0.984474
0.981506
0.978067
0.974102
0.969553
0.96436
0.95846
0.951791
0.94429
0.935895
0.926546
0.916186
0.904764
0.892232
0.878551
0.863691
0.847631
0.830359
0.811877
0.7922
0.771354
0.74938
0.726334
0.702283
0.67731
0.651509
0.624985
0.597856
0.570245
0.542286
0.514116
0.485881
0.457711
0.429752
0.402142
0.375013
0.348489
0.322688
0.297715
0.273665
0.250619
0.228646
0.2078
0.188123
0.169641
0.15237
0.136309
0.12145
0.107769
0.0952376
0.0838151
0.0734555
0.0641065
0.0557115
0.0482106
0.0415417
0.0356419
0.0304484
0.0258992
0.0219342
0.0184953
0.0155274
0.0129788
0.0108009
0.00894913
0.00738238
0.00606342
0.00495866
0.00403808
0.00327501
0.00264601
0.00213063
0.00171114
0.00137239
0.00110151
0.000887765
0.000722324
0.000598102
0.000509617
0.000452865
0.000425232
0.999575
0.999547
0.999491
0.999402
0.999278
0.999112
0.998899
0.998628
0.998289
0.99787
0.997354
0.996725
0.995962
0.995042
0.993937
0.992618
0.991051
0.9892
0.987022
0.984473
0.981505
0.978066
0.974101
0.969552
0.964358
0.958459
0.95179
0.944289
0.935893
0.926544
0.916184
0.904762
0.89223
0.878549
0.863689
0.847628
0.830357
0.811875
0.792198
0.771352
0.749378
0.726332
0.702281
0.677308
0.651507
0.624984
0.597854
0.570244
0.542286
0.514116
0.485881
0.457711
0.429753
0.402143
0.375014
0.348491
0.32269
0.297717
0.273667
0.250621
0.228648
0.207802
0.188125
0.169644
0.152372
0.136312
0.121452
0.107772
0.0952397
0.0838172
0.0734575
0.0641084
0.0557133
0.0482122
0.0415432
0.0356433
0.0304497
0.0259004
0.0219353
0.0184963
0.0155283
0.0129796
0.0108016
0.00894975
0.00738292
0.00606389
0.00495907
0.00403842
0.00327531
0.00264627
0.00213084
0.00171132
0.00137254
0.00110164
0.000887876
0.000722419
0.000598185
0.000509691
0.000452933
0.000425297
0.999575
0.999547
0.999491
0.999402
0.999278
0.999112
0.998899
0.998628
0.998289
0.997869
0.997354
0.996725
0.995962
0.995041
0.993937
0.992618
0.991051
0.989199
0.987021
0.984472
0.981504
0.978065
0.9741
0.969551
0.964357
0.958457
0.951788
0.944287
0.935891
0.926542
0.916182
0.904759
0.892227
0.878547
0.863687
0.847626
0.830354
0.811872
0.792195
0.771349
0.749376
0.72633
0.702279
0.677306
0.651505
0.624982
0.597853
0.570243
0.542285
0.514115
0.485881
0.457711
0.429753
0.402143
0.375015
0.348492
0.322691
0.297719
0.273669
0.250623
0.22865
0.207804
0.188127
0.169646
0.152375
0.136314
0.121454
0.107774
0.0952422
0.0838195
0.0734597
0.0641105
0.0557153
0.0482141
0.041545
0.035645
0.0304512
0.0259018
0.0219365
0.0184974
0.0155293
0.0129805
0.0108024
0.00895044
0.00738352
0.00606441
0.00495952
0.00403881
0.00327564
0.00264655
0.00213109
0.00171153
0.00137271
0.00110179
0.000888002
0.000722527
0.000598279
0.000509775
0.000453011
0.000425371
0.999575
0.999547
0.99949
0.999402
0.999278
0.999112
0.998898
0.998628
0.998289
0.997869
0.997354
0.996725
0.995962
0.995041
0.993936
0.992617
0.99105
0.989198
0.98702
0.984471
0.981503
0.978064
0.974099
0.969549
0.964356
0.958455
0.951786
0.944285
0.935889
0.92654
0.91618
0.904757
0.892225
0.878544
0.863684
0.847623
0.830351
0.81187
0.792192
0.771346
0.749373
0.726327
0.702277
0.677304
0.651503
0.62498
0.597852
0.570242
0.542284
0.514115
0.485881
0.457712
0.429754
0.402144
0.375016
0.348493
0.322693
0.297721
0.273671
0.250625
0.228652
0.207807
0.18813
0.169649
0.152378
0.136317
0.121457
0.107777
0.0952449
0.0838222
0.0734622
0.0641129
0.0557176
0.0482162
0.041547
0.0356468
0.0304529
0.0259033
0.0219379
0.0184986
0.0155304
0.0129815
0.0108033
0.00895122
0.0073842
0.006065
0.00496003
0.00403925
0.00327602
0.00264688
0.00213136
0.00171176
0.00137291
0.00110195
0.000888142
0.000722647
0.000598384
0.000509869
0.000453097
0.000425454
0.999575
0.999547
0.99949
0.999402
0.999278
0.999112
0.998898
0.998627
0.998289
0.997869
0.997354
0.996725
0.995961
0.995041
0.993936
0.992617
0.99105
0.989198
0.987019
0.98447
0.981502
0.978063
0.974098
0.969548
0.964354
0.958454
0.951784
0.944283
0.935887
0.926537
0.916177
0.904754
0.892222
0.878541
0.863681
0.84762
0.830348
0.811866
0.792189
0.771343
0.74937
0.726324
0.702274
0.677302
0.651501
0.624979
0.59785
0.570241
0.542283
0.514114
0.485881
0.457712
0.429754
0.402145
0.375017
0.348495
0.322695
0.297723
0.273673
0.250628
0.228655
0.20781
0.188133
0.169652
0.152381
0.13632
0.12146
0.10778
0.0952479
0.0838251
0.0734651
0.0641156
0.0557201
0.0482186
0.0415492
0.0356488
0.0304548
0.0259051
0.0219395
0.0185
0.0155317
0.0129826
0.0108043
0.00895208
0.00738496
0.00606567
0.00496061
0.00403975
0.00327644
0.00264723
0.00213166
0.00171202
0.00137313
0.00110214
0.000888299
0.000722782
0.000598502
0.000509973
0.000453193
0.000425546
0.999575
0.999547
0.99949
0.999402
0.999278
0.999112
0.998898
0.998627
0.998288
0.997869
0.997353
0.996724
0.995961
0.99504
0.993935
0.992616
0.991049
0.989197
0.987018
0.984469
0.981501
0.978062
0.974096
0.969546
0.964352
0.958452
0.951782
0.94428
0.935884
0.926535
0.916174
0.904751
0.892219
0.878538
0.863677
0.847616
0.830344
0.811863
0.792185
0.77134
0.749367
0.726321
0.702271
0.677299
0.651499
0.624976
0.597848
0.57024
0.542282
0.514113
0.485881
0.457712
0.429755
0.402146
0.375019
0.348497
0.322697
0.297725
0.273676
0.250631
0.228658
0.207813
0.188137
0.169656
0.152384
0.136324
0.121464
0.107783
0.0952513
0.0838284
0.0734682
0.0641186
0.0557229
0.0482213
0.0415516
0.0356511
0.0304569
0.025907
0.0219412
0.0185016
0.0155331
0.0129838
0.0108054
0.00895305
0.00738581
0.0060664
0.00496124
0.00404029
0.00327691
0.00264763
0.002132
0.0017123
0.00137337
0.00110234
0.000888474
0.000722932
0.000598632
0.000510089
0.0004533
0.000425648
0.999575
0.999547
0.99949
0.999402
0.999277
0.999112
0.998898
0.998627
0.998288
0.997869
0.997353
0.996724
0.995961
0.99504
0.993935
0.992615
0.991048
0.989196
0.987017
0.984468
0.9815
0.97806
0.974094
0.969544
0.96435
0.958449
0.951779
0.944277
0.935881
0.926532
0.916171
0.904748
0.892215
0.878534
0.863673
0.847612
0.83034
0.811859
0.792182
0.771336
0.749363
0.726318
0.702268
0.677296
0.651496
0.624974
0.597846
0.570238
0.542281
0.514113
0.48588
0.457712
0.429756
0.402147
0.37502
0.348499
0.322699
0.297728
0.273679
0.250634
0.228662
0.207817
0.188141
0.16966
0.152388
0.136328
0.121468
0.107787
0.0952551
0.083832
0.0734717
0.0641219
0.0557261
0.0482242
0.0415543
0.0356536
0.0304592
0.0259091
0.0219431
0.0185033
0.0155346
0.0129852
0.0108066
0.00895412
0.00738674
0.00606721
0.00496194
0.0040409
0.00327742
0.00264807
0.00213237
0.00171262
0.00137364
0.00110257
0.000888666
0.000723096
0.000598775
0.000510217
0.000453418
0.000425761
0.999575
0.999547
0.99949
0.999402
0.999277
0.999112
0.998898
0.998627
0.998288
0.997868
0.997353
0.996723
0.99596
0.995039
0.993934
0.992614
0.991047
0.989195
0.987016
0.984467
0.981498
0.978058
0.974092
0.969542
0.964348
0.958447
0.951777
0.944274
0.935878
0.926528
0.916167
0.904744
0.892211
0.87853
0.863669
0.847608
0.830336
0.811854
0.792177
0.771332
0.749359
0.726314
0.702264
0.677293
0.651493
0.624972
0.597844
0.570236
0.54228
0.514112
0.48588
0.457713
0.429756
0.402149
0.375022
0.348501
0.322702
0.297731
0.273682
0.250638
0.228666
0.207821
0.188145
0.169664
0.152393
0.136332
0.121472
0.107792
0.0952592
0.083836
0.0734755
0.0641256
0.0557295
0.0482274
0.0415573
0.0356564
0.0304617
0.0259114
0.0219452
0.0185052
0.0155363
0.0129867
0.0108079
0.00895529
0.00738777
0.00606811
0.00496272
0.00404156
0.00327799
0.00264856
0.00213279
0.00171297
0.00137393
0.00110282
0.000888877
0.000723278
0.000598933
0.000510358
0.000453547
0.000425884
0.999575
0.999547
0.99949
0.999401
0.999277
0.999112
0.998898
0.998627
0.998288
0.997868
0.997352
0.996723
0.99596
0.995038
0.993933
0.992614
0.991046
0.989194
0.987015
0.984465
0.981497
0.978057
0.97409
0.96954
0.964345
0.958444
0.951774
0.944271
0.935875
0.926524
0.916163
0.90474
0.892207
0.878525
0.863664
0.847603
0.830331
0.81185
0.792173
0.771327
0.749355
0.72631
0.70226
0.677289
0.65149
0.624969
0.597842
0.570234
0.542278
0.514111
0.48588
0.457713
0.429757
0.40215
0.375024
0.348503
0.322705
0.297734
0.273686
0.250642
0.22867
0.207826
0.188149
0.169669
0.152397
0.136337
0.121477
0.107796
0.0952638
0.0838404
0.0734797
0.0641295
0.0557333
0.0482309
0.0415606
0.0356594
0.0304645
0.0259139
0.0219475
0.0185073
0.0155382
0.0129884
0.0108094
0.00895658
0.0073889
0.00606909
0.00496356
0.00404229
0.00327862
0.00264909
0.00213324
0.00171335
0.00137425
0.00110309
0.000889109
0.000723476
0.000599105
0.000510511
0.000453688
0.000426019
0.999574
0.999547
0.99949
0.999401
0.999277
0.999111
0.998898
0.998626
0.998287
0.997868
0.997352
0.996722
0.995959
0.995038
0.993932
0.992613
0.991045
0.989192
0.987014
0.984464
0.981495
0.978055
0.974088
0.969537
0.964342
0.958441
0.95177
0.944268
0.935871
0.92652
0.916159
0.904735
0.892202
0.87852
0.863659
0.847598
0.830326
0.811845
0.792167
0.771322
0.74935
0.726305
0.702256
0.677285
0.651486
0.624966
0.597839
0.570232
0.542277
0.51411
0.48588
0.457713
0.429758
0.402152
0.375026
0.348506
0.322708
0.297738
0.27369
0.250646
0.228675
0.20783
0.188154
0.169674
0.152403
0.136342
0.121482
0.107801
0.0952687
0.0838452
0.0734843
0.0641339
0.0557374
0.0482348
0.0415642
0.0356627
0.0304676
0.0259167
0.02195
0.0185095
0.0155402
0.0129902
0.010811
0.00895799
0.00739012
0.00607015
0.00496449
0.00404309
0.0032793
0.00264967
0.00213373
0.00171377
0.00137461
0.00110339
0.000889361
0.000723692
0.000599293
0.000510678
0.000453841
0.000426165
0.999574
0.999547
0.99949
0.999401
0.999277
0.999111
0.998897
0.998626
0.998287
0.997867
0.997351
0.996722
0.995958
0.995037
0.993932
0.992612
0.991044
0.989191
0.987012
0.984462
0.981493
0.978052
0.974086
0.969535
0.964339
0.958438
0.951767
0.944264
0.935867
0.926516
0.916154
0.90473
0.892197
0.878515
0.863654
0.847593
0.83032
0.811839
0.792162
0.771317
0.749345
0.7263
0.702251
0.677281
0.651482
0.624962
0.597836
0.57023
0.542275
0.514109
0.485879
0.457714
0.429759
0.402153
0.375028
0.348509
0.322711
0.297742
0.273694
0.250651
0.22868
0.207836
0.18816
0.169679
0.152408
0.136348
0.121488
0.107807
0.0952741
0.0838504
0.0734893
0.0641386
0.0557418
0.048239
0.0415681
0.0356663
0.0304709
0.0259197
0.0219528
0.018512
0.0155424
0.0129921
0.0108127
0.00895952
0.00739146
0.00607132
0.00496549
0.00404395
0.00328004
0.0026503
0.00213426
0.00171422
0.00137499
0.00110371
0.000889634
0.000723925
0.000599496
0.000510858
0.000454006
0.000426323
0.999574
0.999547
0.99949
0.999401
0.999277
0.999111
0.998897
0.998626
0.998287
0.997867
0.997351
0.996721
0.995958
0.995036
0.993931
0.992611
0.991043
0.98919
0.98701
0.98446
0.981491
0.97805
0.974083
0.969532
0.964336
0.958434
0.951763
0.944259
0.935862
0.926511
0.916149
0.904725
0.892191
0.878509
0.863648
0.847587
0.830314
0.811833
0.792156
0.771311
0.749339
0.726294
0.702246
0.677276
0.651478
0.624959
0.597833
0.570228
0.542274
0.514108
0.485879
0.457714
0.42976
0.402155
0.375031
0.348512
0.322715
0.297746
0.273699
0.250656
0.228685
0.207841
0.188166
0.169685
0.152414
0.136354
0.121494
0.107813
0.0952799
0.083856
0.0734946
0.0641438
0.0557467
0.0482435
0.0415723
0.0356702
0.0304744
0.025923
0.0219557
0.0185147
0.0155448
0.0129943
0.0108146
0.00896117
0.00739291
0.00607257
0.00496658
0.00404489
0.00328084
0.00265098
0.00213484
0.00171471
0.0013754
0.00110406
0.00088993
0.000724177
0.000599714
0.000511051
0.000454183
0.000426492
0.999574
0.999546
0.99949
0.999401
0.999277
0.999111
0.998897
0.998626
0.998286
0.997866
0.99735
0.996721
0.995957
0.995035
0.99393
0.992609
0.991041
0.989188
0.987009
0.984458
0.981488
0.978047
0.97408
0.969528
0.964332
0.95843
0.951759
0.944255
0.935857
0.926506
0.916144
0.904719
0.892185
0.878503
0.863642
0.84758
0.830308
0.811826
0.792149
0.771304
0.749333
0.726289
0.702241
0.677271
0.651474
0.624955
0.59783
0.570225
0.542272
0.514107
0.485879
0.457714
0.429761
0.402157
0.375033
0.348515
0.322719
0.29775
0.273704
0.250661
0.228691
0.207848
0.188172
0.169692
0.152421
0.136361
0.1215
0.107819
0.0952862
0.083862
0.0735004
0.0641493
0.0557519
0.0482484
0.0415769
0.0356745
0.0304783
0.0259265
0.0219589
0.0185176
0.0155474
0.0129966
0.0108167
0.00896296
0.00739447
0.00607393
0.00496775
0.00404589
0.0032817
0.00265172
0.00213547
0.00171524
0.00137585
0.00110443
0.000890247
0.000724448
0.000599948
0.000511258
0.000454372
0.000426672
0.999574
0.999546
0.999489
0.999401
0.999276
0.999111
0.998897
0.998625
0.998286
0.997866
0.99735
0.99672
0.995956
0.995034
0.993929
0.992608
0.99104
0.989186
0.987007
0.984456
0.981486
0.978045
0.974077
0.969525
0.964329
0.958426
0.951754
0.94425
0.935852
0.9265
0.916138
0.904713
0.892178
0.878496
0.863635
0.847573
0.830301
0.811819
0.792142
0.771298
0.749326
0.726282
0.702235
0.677266
0.651469
0.62495
0.597827
0.570222
0.54227
0.514106
0.485878
0.457715
0.429763
0.402159
0.375036
0.348519
0.322723
0.297755
0.273709
0.250667
0.228697
0.207854
0.188179
0.169699
0.152428
0.136368
0.121508
0.107826
0.0952929
0.0838685
0.0735067
0.0641552
0.0557575
0.0482536
0.0415818
0.035679
0.0304825
0.0259303
0.0219623
0.0185207
0.0155502
0.012999
0.0108188
0.00896487
0.00739614
0.00607539
0.00496901
0.00404698
0.00328263
0.00265251
0.00213614
0.0017158
0.00137632
0.00110484
0.000890587
0.000724737
0.000600197
0.000511478
0.000454572
0.000426862
0.999574
0.999546
0.999489
0.999401
0.999276
0.99911
0.998896
0.998625
0.998286
0.997865
0.997349
0.996719
0.995955
0.995033
0.993927
0.992607
0.991038
0.989185
0.987005
0.984454
0.981483
0.978042
0.974074
0.969521
0.964325
0.958422
0.951749
0.944245
0.935846
0.926494
0.916131
0.904706
0.892171
0.878489
0.863627
0.847565
0.830293
0.811811
0.792135
0.77129
0.749319
0.726276
0.702229
0.67726
0.651464
0.624946
0.597823
0.570219
0.542268
0.514105
0.485878
0.457715
0.429764
0.402161
0.375039
0.348523
0.322728
0.297761
0.273715
0.250674
0.228704
0.207861
0.188186
0.169707
0.152436
0.136375
0.121515
0.107834
0.0953001
0.0838755
0.0735134
0.0641616
0.0557635
0.0482593
0.041587
0.0356838
0.0304869
0.0259344
0.021966
0.018524
0.0155531
0.0130017
0.0108212
0.00896692
0.00739794
0.00607695
0.00497036
0.00404814
0.00328362
0.00265335
0.00213685
0.00171641
0.00137683
0.00110527
0.000890949
0.000725045
0.000600462
0.00051171
0.000454783
0.000427062
0.999574
0.999546
0.999489
0.9994
0.999276
0.99911
0.998896
0.998625
0.998285
0.997865
0.997349
0.996719
0.995954
0.995032
0.993926
0.992605
0.991037
0.989183
0.987002
0.984451
0.98148
0.978038
0.97407
0.969517
0.96432
0.958417
0.951744
0.944239
0.93584
0.926488
0.916125
0.904699
0.892164
0.878481
0.863619
0.847557
0.830285
0.811803
0.792127
0.771282
0.749311
0.726268
0.702222
0.677254
0.651458
0.624941
0.597819
0.570216
0.542265
0.514103
0.485878
0.457716
0.429766
0.402164
0.375042
0.348527
0.322733
0.297766
0.273721
0.25068
0.228711
0.207869
0.188194
0.169715
0.152444
0.136383
0.121523
0.107841
0.0953078
0.0838829
0.0735205
0.0641683
0.0557699
0.0482652
0.0415926
0.035689
0.0304916
0.0259387
0.0219699
0.0185275
0.0155563
0.0130045
0.0108236
0.00896911
0.00739985
0.00607861
0.0049718
0.00404937
0.00328468
0.00265425
0.00213761
0.00171705
0.00137737
0.00110572
0.000891334
0.000725371
0.000600742
0.000511954
0.000455002
0.000427267
)
;

boundaryField
{
    xmin
    {
        type            zeroGradient;
    }
    xmax
    {
        type            zeroGradient;
    }
    ymin
    {
        type            zeroGradient;
    }
    ymax
    {
        type            zeroGradient;
    }
    zmin
    {
        type            empty;
    }
    zmax
    {
        type            empty;
    }
}


// ************************************************************************* //
