#Tiempo [fms]     Presion [Atm]
50100 61.8966289519366
50200 61.6140807903481
50300 62.01882876293
50400 61.809675977945
50500 62.5738565821402
50600 61.7516526818806
50700 62.8767495305318
50800 62.2351677120903
50900 62.746064838618
51000 63.6355015444826
51100 62.930558547566
51200 63.3998624183142
51300 63.7759045940338
51400 62.858232604986
51500 63.2692206672421
51600 62.4491992281818
51700 62.6402814631819
51800 62.6321326949575
51900 62.3122340970609
52000 60.7905775522597
52100 60.8046900451174
52200 61.4561488115988
52300 61.7385826730204
52400 61.7342394721811
52500 60.8973520999293
52600 61.2693364311292
52700 62.3969460726173
52800 61.2472274642687
52900 61.8947896479123
53000 61.6460870640975
53100 62.2955150832698
53200 62.9833533146303
53300 62.7392045979357
53400 62.656030520152
53500 62.0374114187965
53600 63.083087788841
53700 62.6066815076107
53800 61.4974918009095
53900 61.4813961161603
54000 61.3690973271111
54100 60.2857626187007
54200 61.647573127334
54300 61.0091057340847
54400 61.0617317119216
54500 60.489764830065
54600 60.7721239281816
54700 61.0463161698671
54800 62.0605306772021
54900 62.5478946348333
55000 62.0577504590544
55100 61.5241312118379
55200 61.902416165391
55300 61.9438223391312
55400 61.4873580579136
55500 62.2409914234105
55600 62.3605109169462
55700 62.1816951187267
55800 62.1285658646417
55900 62.0763271839752
56000 61.752145744758
56100 61.7963424117402
56200 61.65671830517
56300 62.0203592568831
56400 62.0890707192769
56500 61.7105176784209
56600 61.5493011814971
56700 61.2750683472472
56800 61.3449955563884
56900 62.006763362261
57000 60.9413147370095
57100 60.9712175376483
57200 61.3969929966233
57300 61.4965013580667
57400 61.4541218014348
57500 61.6067972677535
57600 62.8698047623237
57700 63.6968923602673
57800 62.3055724994636
57900 62.450758389284
58000 62.5823923328761
58100 62.1659051320567
58200 62.6147154305665
58300 62.0384697546297
58400 62.5919411200319
58500 62.4611142023266
58600 61.9481470028025
58700 61.6643793922102
58800 61.6218292672789
58900 61.0755113402912
59000 61.7739525391434
59100 61.6776369155035
59200 62.2446106006201
59300 60.8677811083833
59400 62.2028052678303
59500 62.8586272930365
59600 62.1474616807633
59700 62.2651420407267
59800 61.7978176308332
59900 62.3336905108249
60000 64.4732969772101
60100 64.062348396815
60200 63.0023226000943
60300 63.194895423265
60400 62.6396239543057
60500 62.8423121530417
60600 62.2130257947363
60700 61.9751014671099
60800 62.5398163481772
60900 63.4887099025495
61000 61.8386306268859
61100 62.4198171010461
61200 61.7140782978335
61300 62.1085207591234
61400 62.1885659847239
61500 61.7214303738151
61600 61.9488555565245
61700 61.1670611244374
61800 60.9852620677058
61900 61.0987951756353
62000 61.2836852948569
62100 62.159238307471
62200 61.6852693151695
62300 62.2404478472813
62400 61.8639406643974
62500 61.8430439522943
62600 63.7670742605586
62700 63.2145753474794
62800 63.6173607796127
62900 63.201725867318
63000 62.6964064158339
63100 63.5746077403748
63200 62.7276452358086
63300 63.2364005998305
63400 62.1724673711538
63500 61.4899251009212
63600 60.6990654072605
63700 61.5248867048014
63800 61.1510768634848
63900 60.3799135410227
64000 60.7796279576538
64100 60.8676817566344
64200 62.2919666002589
64300 62.2785449557646
64400 62.2622751948682
64500 61.8520091102567
64600 60.9717521256497
64700 61.4704296170155
64800 62.6379570465089
64900 62.9907497173916
65000 62.5270629868441
65100 63.0686932100855
65200 62.0532820294717
65300 61.7815962388318
65400 62.3420933776492
65500 62.685510152139
65600 63.046542358248
65700 62.5994264614949
65800 62.1557868622627
65900 61.3793799590113
66000 61.0055498799654
66100 60.7941982925336
66200 60.8323354796213
66300 61.879773475777
66400 62.2210115854274
66500 62.6904069328778
66600 62.6556741776791
66700 63.0033173913654
66800 63.3911354506445
66900 64.1025986357735
67000 63.3163865727189
67100 63.9985053805455
67200 63.6826465832651
67300 62.5232886242714
67400 62.8809688428579
67500 61.918444433866
67600 62.1840138018683
67700 61.2002025893073
67800 61.888841602994
67900 61.9606040254071
68000 61.7389770374559
68100 62.0774783708503
68200 62.2923979208273
68300 62.0915962038637
68400 62.2227442790192
68500 62.2071199526701
68600 62.1681499217158
68700 61.7936575259995
68800 61.7023866707433
68900 62.0917584932666
69000 62.2625444021652
69100 62.6233688469391
69200 63.1764487856661
69300 63.2884242336065
69400 62.5453826318402
69500 62.3183104539564
69600 62.1637816288883
69700 60.8339148209775
69800 60.9606502108926
69900 60.8370303429951
70000 60.3372735928941
70100 60.8740127476751
70200 61.836367480516
70300 60.8401632057842
70400 60.9719904676734
70500 61.4295435800205
70600 60.996487322991
70700 61.4560831128512
70800 61.460997083874
70900 61.9008113426599
71000 62.2303896089754
71100 62.31017149256
71200 62.5582003961975
71300 62.3467888562648
71400 62.3602497068573
71500 61.9180393967162
71600 62.6580911004141
71700 62.5979980655681
71800 61.9161207230826
71900 61.7294121301374
72000 62.0576448373548
72100 61.9237652241993
72200 61.8198801021536
72300 61.1829496949422
72400 61.8366907629992
72500 61.0038677448723
72600 60.4343557025906
72700 60.6963805937903
72800 61.2110688586204
72900 61.6915117632713
73000 61.1963094815071
73100 62.2148595386088
73200 63.2170891058245
73300 62.7220802853042
73400 62.9726351791191
73500 62.7952001294158
73600 62.2585954048267
73700 62.3616757227245
73800 62.1966035703674
73900 61.67500555476
74000 61.9403809120401
74100 61.5648621640676
74200 61.0311190614203
74300 61.6319253696487
74400 62.6362510606
74500 61.3569229733089
74600 61.6431491449575
74700 61.8027945576264
74800 62.4315806805844
74900 62.0973635840197
75000 61.113586320742
75100 61.7682510860285
75200 62.3093017451858
75300 63.4039423220051
75400 62.6019880837746
75500 62.1582535157326
75600 62.6485541907663
75700 64.3870346782816
75800 64.3672156869385
75900 63.8726496193563
76000 63.1939577973307
76100 63.0279045026093
76200 62.0253779610231
76300 62.2539061428167
76400 61.8465810596764
76500 61.2982298419915
76600 61.1059384120872
76700 60.9767652803831
76800 61.343638583922
76900 61.6387763746584
77000 62.1610334246577
77100 61.8134470130219
77200 62.1891501639276
77300 62.2338806252826
77400 61.9456227747029
77500 62.5293389587331
77600 62.6803003210324
77700 62.9206139196844
77800 63.3226693817711
77900 63.1157776419422
78000 62.8189477044041
78100 62.313574193695
78200 62.8330701809459
78300 62.2388184381785
78400 62.1845672172849
78500 61.8418050348965
78600 61.5887189806351
78700 60.9763493589659
78800 60.8090469694943
78900 60.9895487618199
79000 60.7855332168192
79100 60.8712100733487
79200 61.0995227385529
79300 61.4875925791428
79400 61.8152956438622
79500 61.8251482496047
79600 62.0486266991368
79700 62.3542821876345
79800 62.6389170010089
79900 62.7414980878264
80000 62.223220063836
80100 62.1323692869671
80200 61.4779936019834
80300 62.9128113776209
80400 61.8258554184836
80500 62.5501483237477
80600 62.3945543241559
80700 61.7281240258462
80800 62.5632035623413
80900 61.4752275035214
81000 62.2779388331324
81100 61.880174632787
81200 61.2492103967461
81300 61.6639409312958
81400 61.7280512153822
81500 61.3919409197406
81600 61.3378926523555
81700 61.5899281426879
81800 62.4907244132405
81900 62.8919709588874
82000 62.5250563903651
82100 62.1956419877534
82200 62.4401018773217
82300 62.6478919910664
82400 62.6108628271291
82500 62.0757302013431
82600 63.0762542484914
82700 61.5492645082418
82800 61.4892017117994
82900 61.2017236285841
83000 61.6590257342654
83100 61.190600933977
83200 61.597438946284
83300 61.30348780761
83400 61.4763083012304
83500 61.7198013223723
83600 61.9140177939879
83700 62.2115028900474
83800 62.5732578165012
83900 62.3145577619098
84000 62.7585250043205
84100 62.4561533119688
84200 62.0814643439597
84300 61.9226817693191
84400 62.4130336149326
84500 63.1124970182196
84600 62.0163336430344
84700 61.5420925257037
84800 61.9901680965048
84900 62.52534508294
85000 61.9889525240199
85100 62.2476743642051
85200 61.710240141989
85300 61.4212753691036
85400 62.1187729448212
85500 62.3708899394636
85600 62.2106983047336
85700 61.7920654498386
85800 61.6025552478922
85900 61.2269878434539
86000 61.2138097395943
86100 62.2876900949732
86200 62.5923530386627
86300 62.8191141940234
86400 62.5700158069686
86500 63.6574648643676
86600 62.6460676023179
86700 62.7384109962537
86800 63.1165163335287
86900 63.2172265981065
87000 62.9478960251581
87100 61.8686945692828
87200 61.8391105915181
87300 62.0850318489339
87400 61.4047642962285
87500 61.0723858066809
87600 61.9442860755607
87700 61.6391492641481
87800 61.4220967776976
87900 61.6606395858308
88000 61.6291711768035
88100 61.0064587145123
88200 61.2289445789159
88300 61.9515656915349
88400 61.8069242934661
88500 61.4270404583516
88600 62.116817754295
88700 63.1457296237608
88800 62.2415282642801
88900 62.2064936053721
89000 61.7171591876684
89100 62.6981738245412
89200 61.5988203166355
89300 61.1541340780433
89400 61.6371955392326
89500 62.2134761688239
89600 62.1810875022825
89700 62.6990216781929
89800 62.2566030217799
89900 62.8360095305864
90000 62.4991196475323
90100 61.5320409259314
90200 61.7159544599475
90300 62.2119142752084
90400 62.2227471025134
90500 62.076871132858
90600 61.5863653634382
90700 62.6286179428813
90800 62.6453302144914
90900 62.545090376748
91000 61.9587162112072
91100 62.5528408786603
91200 62.4239824077806
91300 62.094587680211
91400 62.1890452902902
91500 62.5342084712986
91600 61.6464708182729
91700 62.1005274459835
91800 61.5314090260114
91900 62.0425776313575
92000 62.5742989829671
92100 61.7752055021388
92200 61.0251975454638
92300 61.2142937956626
92400 62.1363979905463
92500 61.7937232986094
92600 61.7233335717051
92700 61.9033734643457
92800 61.9055901212116
92900 61.6096645907122
93000 62.6598401634316
93100 63.0984685251215
93200 62.9510690259154
93300 62.0964340429056
93400 62.2198064155479
93500 62.4657301468121
93600 63.1768971741503
93700 63.4261328613741
93800 61.6633873427091
93900 61.9279753460792
94000 61.4053232591751
94100 61.2597024726724
94200 61.9310218515136
94300 61.2091693754863
94400 61.4402032496775
94500 61.7732015230763
94600 61.7612238273826
94700 61.148451258374
94800 61.2436818934129
94900 62.7087329390588
95000 62.1856916971134
95100 62.0597006134508
95200 61.4664827832674
95300 62.0660215811632
95400 62.6450106466474
95500 62.6601940965267
95600 62.1880078989209
95700 61.6523010038667
95800 62.1029523756605
95900 62.246756853439
96000 61.5052686882058
96100 61.8586149532574
96200 62.1289319562369
96300 62.7711222788589
96400 61.5786401472318
96500 61.3133812425925
96600 61.5141478055145
96700 61.8211268515777
96800 61.2025063428867
96900 61.084437197163
97000 60.694900250821
97100 60.9320783923951
97200 61.2319226635197
97300 62.2696685674673
97400 61.3366424371508
97500 61.4708213812847
97600 61.6157832394357
97700 61.5831696278582
97800 62.0994118827938
97900 62.1121642186397
98000 62.4868325567686
98100 62.3290491838148
98200 62.8226228702132
98300 62.7962621038484
98400 63.3132820843549
98500 62.4104111566685
98600 61.7035942563183
98700 60.9826168333519
98800 62.6509004596611
98900 62.0892036389907
99000 61.1388593834054
99100 60.988733653365
99200 61.3410038626495
99300 61.1930951574673
99400 61.0596189699333
99500 61.5336904191517
99600 62.436153133316
99700 63.4984137764273
99800 62.9552126447393
99900 62.5683144312638
100000 62.9774562659175
100100 62.9739413222036
100200 62.6712116827793
100300 64.3343042109054
100400 63.1883557612761
100500 61.6075933726463
100600 62.3889211683222
100700 63.0652892109427
100800 62.1343971444607
100900 61.5664468679727
101000 61.7330182202536
101100 61.0866150845875
101200 61.7012516079037
101300 61.323239870896
101400 61.9053098157213
101500 61.4324867199226
101600 61.7119487667329
101700 61.8869327710642
101800 62.234106451229
101900 62.0813339931127
102000 62.6495961485143
102100 63.1697564628093
102200 62.8082779299133
102300 63.09835795332
102400 62.7063132511976
102500 62.8547536675134
102600 62.8530405817699
102700 63.0197548308325
102800 62.7678634519802
102900 61.8861995724195
103000 61.6409343989252
103100 60.9602677560758
103200 60.9210821619823
103300 61.4714781974354
103400 60.7707321828218
103500 61.9781717139055
103600 61.3078328177345
103700 61.0080859601143
103800 62.2606740779061
103900 62.2898730021273
104000 62.3265779499713
104100 62.8725924488557
104200 62.33830499697
104300 62.7929963966492
104400 62.8688564270129
104500 62.6906425110248
104600 62.198768158413
104700 62.3118197014634
104800 62.9246954049389
104900 61.9577958450607
105000 62.6070399716786
105100 62.1186712276877
105200 61.0209511691218
105300 61.7793664722261
105400 61.3123472481146
105500 61.3265628179748
105600 61.7005289935837
105700 61.1130840710514
105800 61.9259380409796
105900 63.054705537498
106000 63.3779309713266
106100 63.1168116220116
106200 63.4417647148234
106300 63.3515188438912
106400 62.6126487462958
106500 63.4166347938172
106600 63.667488715843
106700 63.0367624584121
106800 62.2011554581382
106900 61.9328205283614
107000 61.8660205861994
107100 61.6836093295481
107200 61.6408324955832
107300 61.1207500781719
107400 61.9655258725938
107500 61.5612259540906
107600 61.4853410690069
107700 61.6252775863726
107800 61.9639161187935
107900 62.9806561940896
108000 62.4102868121475
108100 61.7859505003046
108200 63.0076984724678
108300 62.3501943760759
108400 63.476038158176
108500 62.940271750732
108600 63.1973343116645
108700 62.8412176905446
108800 62.7239264711934
108900 62.8288458630247
109000 62.1212756608419
109100 61.3749986285994
109200 61.6022106418864
109300 61.9182222685604
109400 60.7656636034048
109500 60.6439363506196
109600 60.476146438174
109700 60.6980564075821
109800 61.3542430463236
109900 61.6681959959216
110000 61.4051544961269
110100 61.2727972616528
110200 62.0390249004892
110300 62.9513052792832
110400 62.4379141393059
110500 62.3277576998281
110600 63.1386534072573
110700 62.3423941867136
110800 62.6305645931934
110900 61.958427375301
111000 61.8317947997325
111100 62.7452712135733
111200 62.6051474353814
111300 61.9018160657382
111400 61.4127225280345
111500 61.7738442412611
111600 61.7408662254201
111700 60.978110427294
111800 60.2504894194911
111900 60.0524561009544
112000 60.1606599750348
112100 61.6481958118415
112200 61.4819607602874
112300 60.9011315405406
112400 61.8706544966445
112500 62.5430190007211
112600 61.4864717959581
112700 62.5834244747824
112800 63.0170205702239
112900 62.909901389286
113000 62.6226662609454
113100 63.3359849799651
113200 62.3771290359739
113300 61.9052201717926
113400 62.3065525311361
113500 62.0966609884469
113600 61.9738984269213
113700 62.1212246320536
113800 61.6500893772753
113900 60.976091310433
114000 61.6515118545367
114100 61.1485284605727
114200 61.2421911390062
114300 61.7120454159787
114400 61.6661968622728
114500 61.3523807355435
114600 61.9137844900628
114700 61.4915477243869
114800 62.1322323700221
114900 63.338070383815
115000 63.7957197594082
115100 63.0640019710008
115200 62.7650530365673
115300 63.0216408378277
115400 63.1984698332647
115500 63.4011682382242
115600 63.1400688491293
115700 61.5056703481353
115800 62.31910344696
115900 61.7855830378806
116000 62.0569529032491
116100 60.5467403302163
116200 60.2190925098661
116300 60.6777736675455
116400 61.7953873813281
116500 61.7627262361227
116600 62.1431780445131
116700 61.9876531808264
116800 62.2954880505947
116900 62.7908895235348
117000 62.26334032277
117100 62.4059775685931
117200 63.086553214402
117300 62.1815701633633
117400 62.743986624149
117500 62.1046888743916
117600 62.3632197238402
117700 62.9079282783605
117800 61.3954834258384
117900 61.8810792517464
118000 61.6990010453647
118100 61.7455171670794
118200 61.8307684782032
118300 61.1919429301846
118400 61.7361746145991
118500 61.9376182762466
118600 61.5003816460538
118700 60.8267679780303
118800 61.2069424062151
118900 62.0329064597562
119000 62.6976357831346
119100 63.2649140188018
119200 62.9815919325935
119300 63.44158407323
119400 63.7582156434953
119500 62.8490331541945
119600 63.0623247250709
119700 62.4373936555887
119800 62.6239668143713
119900 62.0406910362991
120000 62.2229798818865
120100 61.5935716821833
120200 61.9983192422543
120300 62.6294042877031
120400 61.6818217816443
120500 62.2554842188753
120600 61.419653017684
120700 61.992804872757
120800 61.7448083865978
120900 62.7272553588127
121000 62.080885891014
121100 61.6287872198958
121200 62.3937057036915
121300 62.6089747366305
121400 63.0202104442957
121500 62.3737862283754
121600 63.09814467188
121700 63.9931231922308
121800 64.1648793420738
121900 63.8009347217902
122000 63.8454202584339
122100 63.3030444101393
122200 64.0874129990901
122300 62.0419375336696
122400 62.2693441294463
122500 61.2526635398994
122600 62.0684147423899
122700 62.0373992587382
122800 62.3036153079431
122900 61.3908512596133
123000 61.260208139202
123100 61.3484881019623
123200 61.6323710469474
123300 62.0510896418669
123400 61.6702294686633
123500 62.6097216038683
123600 62.5283177683464
123700 62.1658476563794
123800 62.6355189021634
123900 62.0382590036862
124000 61.7016372681079
124100 62.7366191803422
124200 62.5745577262277
124300 62.6186331803128
124400 63.4673426322841
124500 61.3301014684352
124600 61.6650838392553
124700 61.1019339686064
124800 61.0196288699985
124900 60.9440627388989
125000 61.3356384188613
125100 61.1577122314768
125200 61.3074431534103
125300 61.6962231491538
125400 61.6255182792795
125500 62.1285867788795
125600 61.8506844850402
125700 62.1906485785807
125800 61.9174365891566
125900 61.6141313068088
126000 62.1499101228029
126100 62.378817874974
126200 62.1611078957029
126300 62.262834554942
126400 62.6668183121302
126500 62.7981772457377
126600 61.9802643840159
126700 62.7318240577898
126800 62.1681611118684
126900 61.6411963640432
127000 62.4087010665643
127100 61.5115770874604
127200 61.8841203355161
127300 60.6837241211946
127400 61.3169069006196
127500 60.8221694815956
127600 60.1125895585151
127700 61.2646896634882
127800 61.6694737349597
127900 61.701284550805
128000 62.0576741753677
128100 61.4825477053349
128200 62.3454227468909
128300 62.15317316069
128400 63.3098382448499
128500 63.4599524396428
128600 62.602138306654
128700 62.4333154961689
128800 62.7493974158578
128900 63.0813718777233
129000 63.0851342131531
129100 62.7072689714527
129200 62.1885552398898
129300 62.1663685985712
129400 62.3887511322373
129500 61.6485273182649
129600 61.2015681194965
129700 61.3696355437879
129800 61.7837551560006
129900 61.1486597865787
130000 61.5010293445437
130100 61.514745198406
130200 62.704073977452
130300 62.7534264964288
130400 62.4938608943558
130500 62.7221727517242
130600 62.3960270069524
130700 63.146596084764
130800 62.7588647158031
130900 62.625810268123
131000 63.178666865337
131100 62.7922964447467
131200 62.4647402148024
131300 62.0940993913824
131400 63.077857085683
131500 61.981580930444
131600 61.5766015762569
131700 61.0113587114995
131800 60.9722624251674
131900 61.6728044186375
132000 61.9302116127249
132100 60.6428640027205
132200 61.5134609860127
132300 62.0425715818928
132400 61.7366446600536
132500 61.4288088200718
132600 62.4186141868094
132700 62.0026848275979
132800 62.1360441921826
132900 61.9580181245672
133000 62.1594748542352
133100 62.1068210876716
133200 62.3528148735976
133300 63.2890333999195
133400 63.2667466056167
133500 63.4301957446908
133600 63.1112682645569
133700 61.8369729024869
133800 62.0151678093628
133900 62.33356541692
134000 62.3867325513656
134100 62.0137594926801
134200 60.8669799322553
134300 60.7209920128526
134400 61.090873740976
134500 61.162664735237
134600 60.6468810218311
134700 61.6336611707292
134800 62.0079525451321
134900 62.436737340511
135000 62.5105690626363
135100 61.4452808896816
135200 62.4950485958894
135300 62.0761511195438
135400 63.0798825143003
135500 62.518493714911
135600 62.6618533523433
135700 61.3312678322819
135800 62.0786823435619
135900 60.9549114276994
136000 62.1742166130459
136100 62.7229015762481
136200 61.3486937076632
136300 62.1351971657369
136400 61.1446094293148
136500 61.6231112694845
136600 62.0655564452125
136700 62.4829712572496
136800 61.7365799723445
136900 61.1321086298211
137000 62.5409172072165
137100 62.3286083096084
137200 62.1165286575437
137300 62.1804031918193
137400 62.5599650199302
137500 63.1650066659925
137600 63.0925124685804
137700 63.0819475148003
137800 62.8313480023376
137900 62.5207087568788
138000 61.7838758000346
138100 62.4022081149673
138200 62.4560940567989
138300 62.5324834103661
138400 62.6078001735233
138500 61.9638871287197
138600 61.4400343144732
138700 61.0240800228812
138800 61.1298170091001
138900 61.153939425185
139000 61.4802233387368
139100 61.3208563247884
139200 62.3326297046734
139300 62.3466212461583
139400 62.073776304046
139500 62.2230529745253
139600 62.7529629862414
139700 62.6022638791337
139800 63.1480010863532
139900 63.1214868226394
140000 62.5051291571811
140100 61.7404139907474
140200 62.0124662693358
140300 62.2962804773754
140400 61.6858152693535
140500 62.0739015449538
140600 61.6078631500041
140700 61.7199527041927
140800 62.0871727380863
140900 61.9449229815084
141000 60.8490755300843
141100 60.8768397045113
141200 61.1483533670763
141300 61.2665068208286
141400 62.1071075570488
141500 61.5317781252981
141600 61.6981991974109
141700 62.2296483900468
141800 62.6227761571157
141900 62.5542356212609
142000 62.3100653172477
142100 62.6645214894276
142200 63.5253813471325
142300 63.0862016612597
142400 62.9260435717101
142500 62.7713532394068
142600 63.3490228711788
142700 61.967371278315
142800 61.3004657330239
142900 61.3111890027606
143000 61.2910822369103
143100 61.6609077325406
143200 61.262754417163
143300 61.3766223618085
143400 61.5508523685137
143500 61.7176759594865
143600 62.5205951183343
143700 62.5627359115269
143800 62.2757047625189
143900 62.401356338741
144000 62.5527197350364
144100 62.5519737754034
144200 62.2861677901751
144300 62.3092113540589
144400 62.6988499373365
144500 62.1789539245605
144600 62.6067000117485
144700 62.3072083153441
144800 61.7896098485342
144900 61.9272343405712
145000 60.8380634303889
145100 60.621628203314
145200 60.6970766835171
145300 59.8016517714858
145400 61.1649197576286
145500 61.7425589959215
145600 61.7542550112774
145700 61.8403933287005
145800 61.5076927688515
145900 61.7481775522956
146000 62.2199585894099
146100 61.8685865191681
146200 62.6435734941493
146300 62.4749639010924
146400 62.372674648691
146500 62.9015687474756
146600 62.1231414322294
146700 62.199416112799
146800 61.9025326056475
146900 61.9955861644304
147000 62.8293452408977
147100 62.2392293825985
147200 61.910441574353
147300 61.746025356099
147400 61.6871795740347
147500 60.9115788799688
147600 61.5578490432464
147700 61.6803400046638
147800 60.34610713084
147900 60.4925912322093
148000 61.0923718661591
148100 61.5523565743973
148200 62.3699836477824
148300 62.1466691696301
148400 62.5626170877863
148500 63.121422102654
148600 63.6328748380219
148700 63.3811600900106
148800 62.9693991077578
148900 62.1136220828775
149000 61.8550934740505
149100 62.4920585030625
149200 62.2479750624413
149300 61.7364274102162
149400 61.9925977612211
149500 61.7488721226457
149600 60.8584764521555
149700 61.6303090355116
149800 61.2277531045133
149900 62.0064339497274
150000 61.3478233351543
